station_observations
ONE_DAY_PRECIPITATION, ONE_DAY_RAIN, ONE_DAY_SNOW, time, MIN_TEMP, MAX_TEMP, SNOW_ON_THE_GROUND
None, None, 0.0, 1989-10-01 00:00:00, None, None, 0.0
None, None, 0.0, 1989-10-02 00:00:00, None, None, 0.0
None, None, 0.0, 1989-10-03 00:00:00, None, None, 0.0
None, None, 0.0, 1989-10-04 00:00:00, None, None, 0.0
None, None, 0.0, 1989-10-05 00:00:00, None, None, 0.0
None, None, 0.0, 1989-10-06 00:00:00, None, None, 0.0
None, None, 0.0, 1989-10-07 00:00:00, None, None, 0.0
None, None, 0.0, 1989-10-08 00:00:00, None, None, 0.0
None, None, 0.0, 1989-10-09 00:00:00, None, None, 0.0
1.2, 1.2, 0.0, 1989-10-10 00:00:00, None, 16.0, 0.0
1.8, 1.8, 0.0, 1989-10-11 00:00:00, 7.5, 15.5, 0.0
0.2, 0.2, 0.0, 1989-10-12 00:00:00, 10.5, 15.0, 0.0
0.0, 0.0, 0.0, 1989-10-13 00:00:00, 9.0, 15.5, 0.0
0.0, 0.0, 0.0, 1989-10-14 00:00:00, 2.5, 12.5, 0.0
0.0, 0.0, 0.0, 1989-10-15 00:00:00, 0.0, 11.0, 0.0
0.4, 0.4, 0.0, 1989-10-16 00:00:00, 0.0, 11.5, 0.0
22.0, 22.0, 0.0, 1989-10-17 00:00:00, 7.5, 14.0, 0.0
2.6, 2.6, 0.0, 1989-10-18 00:00:00, 10.5, 15.5, 0.0
3.0, 3.0, 0.0, 1989-10-19 00:00:00, 8.0, 14.5, 0.0
22.4, 22.4, 0.0, 1989-10-20 00:00:00, 8.0, 10.5, 0.0
7.4, 7.4, 0.0, 1989-10-21 00:00:00, 8.5, 11.0, 0.0
24.5, 24.5, 0.0, 1989-10-22 00:00:00, 7.0, 11.0, 0.0
11.4, 11.4, 0.0, 1989-10-23 00:00:00, 9.0, 13.0, 0.0
0.2, 0.2, 0.0, 1989-10-24 00:00:00, 8.5, 12.5, 0.0
20.6, 20.6, 0.0, 1989-10-25 00:00:00, 3.0, 10.0, 0.0
3.8, 3.8, 0.0, 1989-10-26 00:00:00, 5.5, 11.5, 0.0
0.0, 0.0, 0.0, 1989-10-27 00:00:00, 3.0, 10.0, 0.0
0.0, 0.0, 0.0, 1989-10-28 00:00:00, -0.5, 9.0, 0.0
0.3, 0.3, 0.0, 1989-10-29 00:00:00, -0.5, 8.5, 0.0
0.0, 0.0, 0.0, 1989-10-30 00:00:00, 4.0, 7.0, 0.0
0.0, 0.0, 0.0, 1989-10-31 00:00:00, 1.0, 8.5, 0.0
0.2, 0.2, 0.0, 1989-11-01 00:00:00, -1.0, 8.0, 0.0
2.8, 2.8, 0.0, 1989-11-02 00:00:00, 0.0, 8.5, 0.0
12.0, 12.0, 0.0, 1989-11-03 00:00:00, 5.0, 10.5, 0.0
0.4, 0.4, 0.0, 1989-11-04 00:00:00, 3.0, 11.5, 0.0
0.4, 0.4, 0.0, 1989-11-05 00:00:00, 3.0, 11.5, 0.0
0.0, 0.0, 0.0, 1989-11-06 00:00:00, 6.0, 13.0, 0.0
0.8, 0.8, 0.0, 1989-11-07 00:00:00, 1.0, 11.0, 0.0
3.8, 3.8, 0.0, 1989-11-08 00:00:00, 7.0, 16.0, 0.0
11.2, 11.2, 0.0, 1989-11-09 00:00:00, 8.0, 16.5, 0.0
1.0, 1.0, 0.0, 1989-11-10 00:00:00, 10.5, 10.5, 0.0
0.0, 0.0, 0.0, 1989-11-11 00:00:00, 4.0, 7.5, 0.0
6.5, 6.5, 0.0, 1989-11-12 00:00:00, -1.5, 5.5, 0.0
0.0, 0.0, 0.0, 1989-11-13 00:00:00, 1.5, 10.0, 0.0
0.4, 0.4, 0.0, 1989-11-14 00:00:00, -1.0, 8.0, 0.0
3.0, 3.0, 0.0, 1989-11-15 00:00:00, 0.5, 5.0, 0.0
7.0, 7.0, 0.0, 1989-11-16 00:00:00, 2.5, 6.0, 0.0
0.2, 0.2, 0.0, 1989-11-17 00:00:00, 4.5, 7.5, 0.0
5.2, 5.2, 0.0, 1989-11-18 00:00:00, 5.0, 10.5, 0.0
9.1, 9.1, 0.0, 1989-11-19 00:00:00, 7.0, 9.5, 0.0
7.1, 7.1, 0.0, 1989-11-20 00:00:00, 2.5, 7.0, 0.0
0.4, 0.4, 0.0, 1989-11-21 00:00:00, 0.0, 8.0, 0.0
10.1, 10.1, 0.0, 1989-11-22 00:00:00, -1.5, 7.0, 0.0
1.5, 1.5, 0.0, 1989-11-23 00:00:00, 3.0, 10.5, 0.0
3.1, 3.1, 0.0, 1989-11-24 00:00:00, 2.5, 9.0, 0.0
8.4, 8.4, 0.0, 1989-11-25 00:00:00, -1.0, 7.5, 0.0
0.7, 0.7, 0.0, 1989-11-26 00:00:00, -1.0, 7.5, 0.0
0.4, 0.4, 0.0, 1989-11-27 00:00:00, 1.0, 7.5, 0.0
0.4, 0.4, 0.0, 1989-11-28 00:00:00, 4.5, 9.5, 0.0
0.0, 0.0, 0.0, 1989-11-29 00:00:00, 4.0, 10.0, 0.0
0.0, 0.0, 0.0, 1989-11-30 00:00:00, 0.5, 5.5, 0.0
15.6, 15.6, 0.0, 1989-12-01 00:00:00, 2.5, 11.0, 0.0
13.4, 13.4, 0.0, 1989-12-02 00:00:00, 4.5, 12.0, 0.0
42.1, 42.1, 0.0, 1989-12-03 00:00:00, 7.0, 12.5, 0.0
0.4, 0.4, 0.0, 1989-12-04 00:00:00, 8.0, 11.0, 0.0
10.3, 10.3, 0.0, 1989-12-05 00:00:00, 6.0, 7.5, 0.0
6.5, 6.5, 0.0, 1989-12-06 00:00:00, 2.5, 7.5, 0.0
9.1, 9.1, 0.0, 1989-12-07 00:00:00, 4.5, 8.0, 0.0
0.5, 0.5, 0.0, 1989-12-08 00:00:00, 3.5, 9.0, 0.0
0.2, 0.2, 0.0, 1989-12-09 00:00:00, -1.0, 7.5, 0.0
0.0, 0.0, 0.0, 1989-12-10 00:00:00, -1.0, 5.5, 0.0
0.0, 0.0, 0.0, 1989-12-11 00:00:00, -2.5, 5.0, 0.0
0.3, 0.3, 0.0, 1989-12-12 00:00:00, -2.5, 4.5, 0.0
0.0, 0.0, 0.0, 1989-12-13 00:00:00, 3.5, 6.5, 0.0
0.0, 0.0, 0.0, 1989-12-14 00:00:00, 4.0, 7.0, 0.0
0.0, 0.0, 0.0, 1989-12-15 00:00:00, 0.0, 8.0, 0.0
0.0, 0.0, 0.0, 1989-12-16 00:00:00, 0.0, 6.5, 0.0
0.0, 0.0, 0.0, 1989-12-17 00:00:00, 3.0, 7.5, 0.0
0.0, 0.0, 0.0, 1989-12-18 00:00:00, 1.5, 5.5, 0.0
0.2, 0.2, 0.0, 1989-12-19 00:00:00, 2.5, 5.0, 0.0
6.2, 6.2, 0.0, 1989-12-20 00:00:00, 4.0, 6.0, 0.0
4.2, 4.2, 0.0, 1989-12-21 00:00:00, 4.5, 6.5, 0.0
0.6, 0.6, 0.0, 1989-12-22 00:00:00, 5.0, 7.5, 0.0
0.0, 0.0, 0.0, 1989-12-23 00:00:00, 5.0, 9.5, 0.0
0.0, 0.0, 0.0, 1989-12-24 00:00:00, 7.0, 8.5, 0.0
0.2, 0.2, 0.0, 1989-12-25 00:00:00, 6.5, 7.0, 0.0
2.4, 2.4, 0.0, 1989-12-26 00:00:00, 5.5, 5.5, 0.0
3.8, 3.8, 0.0, 1989-12-27 00:00:00, 4.5, 6.5, 0.0
0.4, 0.4, 0.0, 1989-12-28 00:00:00, -0.5, 6.0, 0.0
3.2, 3.2, 0.0, 1989-12-29 00:00:00, 3.0, 5.5, 0.0
0.5, 0.5, 0.0, 1989-12-30 00:00:00, 4.0, 10.5, 0.0
6.2, 6.2, 0.0, 1989-12-31 00:00:00, 2.5, 9.5, 0.0
4.1, 4.1, 0.0, 1990-01-01 00:00:00, 0.5, 10.0, 0.0
2.0, 2.0, 0.0, 1990-01-02 00:00:00, -3.0, 5.0, 0.0
3.4, 3.4, 0.0, 1990-01-03 00:00:00, 2.0, 6.0, 0.0
4.4, 4.4, 0.0, 1990-01-04 00:00:00, 2.5, 8.0, 0.0
21.6, 21.6, 0.0, 1990-01-05 00:00:00, 1.5, 10.0, 0.0
29.8, 29.8, 0.0, 1990-01-06 00:00:00, 5.0, 8.5, 0.0
6.8, 6.8, 0.0, 1990-01-07 00:00:00, 5.0, 9.5, 0.0
4.5, 4.5, 0.0, 1990-01-08 00:00:00, 2.5, 9.5, 0.0
0.6, 0.6, 0.0, 1990-01-09 00:00:00, 5.0, 9.5, 0.0
0.0, 0.0, 0.0, 1990-01-10 00:00:00, -2.0, 6.0, 0.0
14.1, 9.1, 5.0, 1990-01-11 00:00:00, -3.0, 1.5, 0.0
7.6, 7.6, 0.0, 1990-01-12 00:00:00, -2.5, 5.0, 2.0
13.8, 13.8, 0.0, 1990-01-13 00:00:00, 0.5, 5.5, 0.0
0.0, 0.0, 0.0, 1990-01-14 00:00:00, 2.5, 8.0, 0.0
17.0, 17.0, 0.0, 1990-01-15 00:00:00, -1.0, 6.5, 0.0
0.0, 0.0, 0.0, 1990-01-16 00:00:00, 0.5, 8.5, 0.0
0.5, 0.5, 0.0, 1990-01-17 00:00:00, -3.0, 4.5, 0.0
0.0, 0.0, 0.0, 1990-01-18 00:00:00, -3.0, 5.5, 0.0
0.0, 0.0, 0.0, 1990-01-19 00:00:00, -2.5, 5.5, 0.0
2.8, 2.8, 0.0, 1990-01-20 00:00:00, -3.0, 5.0, 0.0
8.4, 8.4, 0.0, 1990-01-21 00:00:00, 2.5, 6.0, 0.0
5.2, 5.2, 0.0, 1990-01-22 00:00:00, 1.5, 7.5, 0.0
1.5, 1.5, 0.0, 1990-01-23 00:00:00, -1.0, 8.0, 0.0
20.2, 20.2, 0.0, 1990-01-24 00:00:00, -1.0, 7.0, 0.0
1.6, 1.6, 0.0, 1990-01-25 00:00:00, 2.5, 8.0, 0.0
1.6, 1.6, 0.0, 1990-01-26 00:00:00, -3.0, 5.0, 0.0
6.2, 6.2, 0.0, 1990-01-27 00:00:00, -3.5, 7.0, 0.0
3.8, 3.8, 0.0, 1990-01-28 00:00:00, 0.5, 6.5, 0.0
20.6, 15.6, 5.0, 1990-01-29 00:00:00, -3.5, 4.0, 0.0
0.3, 0.3, 0.0, 1990-01-30 00:00:00, -3.0, 3.0, 2.0
9.8, 2.8, 7.0, 1990-01-31 00:00:00, -3.0, 3.0, 0.0
0.2, 0.2, 0.0, 1990-02-01 00:00:00, -2.5, 5.5, 5.0
37.0, 37.0, 0.0, 1990-02-02 00:00:00, 0.0, 8.5, 2.0
0.0, 0.0, 0.0, 1990-02-03 00:00:00, 4.0, 5.5, 0.0
19.8, 19.8, 0.0, 1990-02-04 00:00:00, -1.0, 5.5, 0.0
1.0, 1.0, 0.0, 1990-02-05 00:00:00, 0.0, 6.5, 0.0
4.0, 0.0, 4.0, 1990-02-06 00:00:00, -0.5, 2.0, 0.0
1.9, 0.9, 1.0, 1990-02-07 00:00:00, -4.5, 4.5, 3.0
0.8, 0.8, 0.0, 1990-02-08 00:00:00, -3.0, 5.0, 1.0
0.5, 0.5, 0.0, 1990-02-09 00:00:00, -1.0, 8.0, 0.0
0.8, 0.8, 0.0, 1990-02-10 00:00:00, 4.5, 12.0, 0.0
0.0, 0.0, 0.0, 1990-02-11 00:00:00, 1.0, 6.5, 0.0
0.0, 0.0, 0.0, 1990-02-12 00:00:00, -6.0, 3.5, 0.0
0.0, 0.0, 0.0, 1990-02-13 00:00:00, -5.5, 1.5, 0.0
3.0, 0.0, 3.0, 1990-02-14 00:00:00, -7.5, 1.0, 0.0
26.0, 0.0, 26.0, 1990-02-15 00:00:00, None, 1.5, 3.0
0.4, 0.4, 0.0, 1990-02-16 00:00:00, -5.0, 1.0, 26.0
0.0, 0.0, 0.0, 1990-02-17 00:00:00, -9.5, 1.5, 20.0
0.0, 0.0, 0.0, 1990-02-18 00:00:00, -10.0, 3.5, 20.0
8.3, 8.3, 0.0, 1990-02-19 00:00:00, -7.5, 4.0, 18.0
0.8, 0.8, 0.0, 1990-02-20 00:00:00, -2.5, 6.0, 8.0
0.2, 0.2, 0.0, 1990-02-21 00:00:00, 1.0, 6.5, 1.0
0.0, 0.0, 0.0, 1990-02-22 00:00:00, 1.5, 6.5, 0.0
4.2, 4.2, 0.0, 1990-02-23 00:00:00, -2.0, 4.0, 0.0
0.3, 0.3, 0.0, 1990-02-24 00:00:00, None, 7.0, 0.0
0.0, 0.0, 0.0, 1990-02-25 00:00:00, 1.5, 9.5, 0.0
0.0, 0.0, 0.0, 1990-02-26 00:00:00, -3.0, 9.5, 0.0
0.0, 0.0, 0.0, 1990-02-27 00:00:00, -3.0, 10.5, 0.0
0.0, 0.0, 0.0, 1990-02-28 00:00:00, -3.5, 11.0, 0.0
0.0, 0.0, 0.0, 1990-03-01 00:00:00, -3.0, 11.5, 0.0
1.1, 1.1, 0.0, 1990-03-02 00:00:00, -3.5, 11.0, 0.0
3.5, 3.5, 0.0, 1990-03-03 00:00:00, -2.5, 8.0, 0.0
0.2, 0.2, 0.0, 1990-03-04 00:00:00, 2.0, 10.0, 0.0
0.8, 0.8, 0.0, 1990-03-05 00:00:00, -0.5, 8.0, 0.0
9.6, 9.6, 0.0, 1990-03-06 00:00:00, 2.5, 9.0, 0.0
2.2, 1.2, 1.0, 1990-03-07 00:00:00, 0.5, 5.5, 0.0
7.4, 6.4, 1.0, 1990-03-08 00:00:00, -1.0, 4.0, 0.0
25.0, 25.0, 0.0, 1990-03-09 00:00:00, -0.5, 7.0, 0.0
1.0, 1.0, 0.0, 1990-03-10 00:00:00, -0.5, 9.0, 0.0
0.0, 0.0, 0.0, 1990-03-11 00:00:00, -2.0, 9.0, 0.0
0.0, 0.0, 0.0, 1990-03-12 00:00:00, -3.0, 9.0, 0.0
24.8, 24.8, 0.0, 1990-03-13 00:00:00, -0.5, 5.5, 0.0
0.4, 0.4, 0.0, 1990-03-14 00:00:00, 2.5, 10.0, 0.0
0.0, 0.0, 0.0, 1990-03-15 00:00:00, 2.5, 9.0, 0.0
3.6, 3.6, 0.0, 1990-03-16 00:00:00, 3.0, 11.5, 0.0
2.8, 2.8, 0.0, 1990-03-17 00:00:00, 3.5, 12.0, 0.0
0.0, 0.0, 0.0, 1990-03-18 00:00:00, 3.5, 11.5, 0.0
1.4, 1.4, 0.0, 1990-03-19 00:00:00, 0.5, 11.5, 0.0
0.2, 0.2, 0.0, 1990-03-20 00:00:00, 3.0, 13.5, 0.0
3.5, 3.5, 0.0, 1990-03-21 00:00:00, 2.0, 11.5, 0.0
15.2, 15.2, 0.0, 1990-03-22 00:00:00, 3.5, 5.5, 0.0
0.0, 0.0, 0.0, 1990-03-23 00:00:00, 1.5, 9.5, 0.0
0.0, 0.0, 0.0, 1990-03-24 00:00:00, -2.0, 11.0, 0.0
0.0, 0.0, 0.0, 1990-03-25 00:00:00, -1.5, 12.0, 0.0
0.0, 0.0, 0.0, 1990-03-26 00:00:00, -1.5, 14.0, 0.0
0.0, 0.0, 0.0, 1990-03-27 00:00:00, 0.5, 16.0, 0.0
0.0, 0.0, 0.0, 1990-03-28 00:00:00, 0.5, 16.5, 0.0
0.0, 0.0, 0.0, 1990-03-29 00:00:00, 1.5, 15.0, 0.0
0.7, 0.7, 0.0, 1990-03-30 00:00:00, 3.5, 13.5, 0.0
1.0, 1.0, 0.0, 1990-03-31 00:00:00, 6.0, 10.5, 0.0
0.0, 0.0, 0.0, 1990-04-01 00:00:00, 3.0, 16.0, 0.0
0.0, 0.0, 0.0, 1990-04-02 00:00:00, 3.0, 17.5, 0.0
0.0, 0.0, 0.0, 1990-04-03 00:00:00, 0.5, 15.0, 0.0
0.0, 0.0, 0.0, 1990-04-04 00:00:00, 0.5, 17.5, 0.0
0.0, 0.0, 0.0, 1990-04-05 00:00:00, 1.0, 16.0, 0.0
0.0, 0.0, 0.0, 1990-04-06 00:00:00, 0.5, 16.0, 0.0
0.0, 0.0, 0.0, 1990-04-07 00:00:00, 1.0, 15.0, 0.0
0.0, 0.0, 0.0, 1990-04-08 00:00:00, 2.0, 13.0, 0.0
0.8, 0.8, 0.0, 1990-04-09 00:00:00, 2.0, 11.5, 0.0
0.0, 0.0, 0.0, 1990-04-10 00:00:00, 4.0, 15.5, 0.0
0.0, 0.0, 0.0, 1990-04-11 00:00:00, 9.5, 16.0, 0.0
1.6, 1.6, 0.0, 1990-04-12 00:00:00, 2.0, 13.5, 0.0
3.6, 3.6, 0.0, 1990-04-13 00:00:00, 7.0, 9.5, 0.0
0.0, 0.0, 0.0, 1990-04-14 00:00:00, 8.0, 12.0, 0.0
0.0, 0.0, 0.0, 1990-04-15 00:00:00, 7.0, 19.5, 0.0
4.4, 4.4, 0.0, 1990-04-16 00:00:00, 6.5, 19.5, 0.0
0.0, 0.0, 0.0, 1990-04-17 00:00:00, 8.5, 16.0, 0.0
9.2, 9.2, 0.0, 1990-04-18 00:00:00, 6.5, 12.0, 0.0
3.0, 3.0, 0.0, 1990-04-19 00:00:00, 6.5, 11.0, 0.0
0.0, 0.0, 0.0, 1990-04-20 00:00:00, 5.5, 16.5, 0.0
1.0, 1.0, 0.0, 1990-04-21 00:00:00, 5.5, 13.0, 0.0
2.6, 2.6, 0.0, 1990-04-22 00:00:00, 8.0, 11.5, 0.0
6.4, 6.4, 0.0, 1990-04-23 00:00:00, 8.5, 12.5, 0.0
10.2, 10.2, 0.0, 1990-04-24 00:00:00, 2.0, 14.0, 0.0
1.8, 1.8, 0.0, 1990-04-25 00:00:00, 5.0, 16.0, 0.0
0.2, 0.2, 0.0, 1990-04-26 00:00:00, 2.5, 14.5, 0.0
6.2, 6.2, 0.0, 1990-04-27 00:00:00, 5.0, 12.0, 0.0
0.0, 0.0, 0.0, 1990-04-28 00:00:00, 0.5, 16.0, 0.0
0.0, 0.0, 0.0, 1990-04-29 00:00:00, 3.0, 18.0, 0.0
0.0, 0.0, 0.0, 1990-04-30 00:00:00, 1.5, 17.5, 0.0
1.5, 1.5, 0.0, 1990-05-01 00:00:00, 8.5, 13.0, 0.0
0.0, 0.0, 0.0, 1990-05-02 00:00:00, 8.5, 17.0, 0.0
0.0, 0.0, 0.0, 1990-05-03 00:00:00, 6.0, 18.0, 0.0
0.0, 0.0, 0.0, 1990-05-04 00:00:00, 6.0, 21.0, 0.0
0.0, 0.0, 0.0, 1990-05-05 00:00:00, 8.0, 23.0, 0.0
1.6, 1.6, 0.0, 1990-05-06 00:00:00, 5.0, 13.0, 0.0
0.0, 0.0, 0.0, 1990-05-07 00:00:00, 3.5, 15.5, 0.0
0.0, 0.0, 0.0, 1990-05-08 00:00:00, 2.5, 16.0, 0.0
0.0, 0.0, 0.0, 1990-05-09 00:00:00, 4.0, 17.5, 0.0
0.0, 0.0, 0.0, 1990-05-10 00:00:00, 7.0, 17.5, 0.0
5.6, 5.6, 0.0, 1990-05-11 00:00:00, 9.5, 16.5, 0.0
0.4, 0.4, 0.0, 1990-05-12 00:00:00, 8.0, 14.0, 0.0
0.0, 0.0, 0.0, 1990-05-13 00:00:00, 5.0, 15.0, 0.0
0.0, 0.0, 0.0, 1990-05-14 00:00:00, 4.0, 18.0, 0.0
0.0, 0.0, 0.0, 1990-05-15 00:00:00, 9.0, 15.5, 0.0
2.1, 2.1, 0.0, 1990-05-16 00:00:00, 9.5, 17.5, 0.0
2.6, 2.6, 0.0, 1990-05-17 00:00:00, 8.5, 16.5, 0.0
0.0, 0.0, 0.0, 1990-05-18 00:00:00, 8.0, 17.0, 0.0
1.2, 1.2, 0.0, 1990-05-19 00:00:00, 3.5, 15.5, 0.0
0.5, 0.5, 0.0, 1990-05-20 00:00:00, 8.5, 16.0, 0.0
12.4, 12.4, 0.0, 1990-05-21 00:00:00, 8.5, 14.5, 0.0
0.0, 0.0, 0.0, 1990-05-22 00:00:00, 9.5, 16.5, 0.0
0.0, 0.0, 0.0, 1990-05-23 00:00:00, 3.0, 18.5, 0.0
0.0, 0.0, 0.0, 1990-05-24 00:00:00, 6.5, 17.0, 0.0
0.0, 0.0, 0.0, 1990-05-25 00:00:00, 4.5, 16.0, 0.0
7.5, 7.5, 0.0, 1990-05-26 00:00:00, 4.0, 13.5, 0.0
5.3, 5.3, 0.0, 1990-05-27 00:00:00, 8.0, 14.5, 0.0
0.0, 0.0, 0.0, 1990-05-28 00:00:00, 11.5, 21.5, 0.0
1.2, 1.2, 0.0, 1990-05-29 00:00:00, 9.0, 17.0, 0.0
0.0, 0.0, 0.0, 1990-05-30 00:00:00, 9.5, 20.0, 0.0
1.4, 1.4, 0.0, 1990-05-31 00:00:00, 8.0, 15.0, 0.0
2.1, 2.1, 0.0, 1990-06-01 00:00:00, 9.5, 16.5, 0.0
23.8, 23.8, 0.0, 1990-06-02 00:00:00, 9.0, 14.0, 0.0
2.8, 2.8, 0.0, 1990-06-03 00:00:00, 10.5, 18.0, 0.0
0.5, 0.5, 0.0, 1990-06-04 00:00:00, 5.0, 14.0, 0.0
2.8, 2.8, 0.0, 1990-06-05 00:00:00, 3.5, 17.0, 0.0
9.8, 9.8, 0.0, 1990-06-06 00:00:00, 10.0, 15.5, 0.0
2.8, 2.8, 0.0, 1990-06-07 00:00:00, 9.0, 15.0, 0.0
4.3, 4.3, 0.0, 1990-06-08 00:00:00, 9.0, 15.5, 0.0
15.4, 15.4, 0.0, 1990-06-09 00:00:00, 7.5, 16.0, 0.0
0.4, 0.4, 0.0, 1990-06-10 00:00:00, 7.0, 13.0, 0.0
0.6, 0.6, 0.0, 1990-06-11 00:00:00, 7.0, 16.5, 0.0
0.0, 0.0, 0.0, 1990-06-12 00:00:00, 6.0, 19.5, 0.0
0.0, 0.0, 0.0, 1990-06-13 00:00:00, 7.5, 20.0, 0.0
0.0, 0.0, 0.0, 1990-06-14 00:00:00, 9.0, 22.5, 0.0
0.0, 0.0, 0.0, 1990-06-15 00:00:00, 8.0, 23.5, 0.0
0.0, 0.0, 0.0, 1990-06-16 00:00:00, 9.0, 19.5, 0.0
0.0, 0.0, 0.0, 1990-06-17 00:00:00, 7.0, 21.5, 0.0
0.0, 0.0, 0.0, 1990-06-18 00:00:00, 9.0, 21.5, 0.0
0.0, 0.0, 0.0, 1990-06-19 00:00:00, 12.5, 22.5, 0.0
0.0, 0.0, 0.0, 1990-06-20 00:00:00, 13.5, 23.5, 0.0
0.0, 0.0, 0.0, 1990-06-21 00:00:00, 10.5, 28.5, 0.0
0.0, 0.0, 0.0, 1990-06-22 00:00:00, 11.5, 27.5, 0.0
0.0, 0.0, 0.0, 1990-06-23 00:00:00, 8.0, 21.5, 0.0
0.0, 0.0, 0.0, 1990-06-24 00:00:00, 9.5, 22.0, 0.0
0.5, 0.5, 0.0, 1990-06-25 00:00:00, 10.5, 19.0, 0.0
0.0, 0.0, 0.0, 1990-06-26 00:00:00, 8.5, 20.5, 0.0
4.9, 4.9, 0.0, 1990-06-27 00:00:00, 8.5, 19.5, 0.0
6.6, 6.6, 0.0, 1990-06-28 00:00:00, 12.5, 15.5, 0.0
8.4, 8.4, 0.0, 1990-06-29 00:00:00, 12.5, 16.5, 0.0
10.0, 10.0, 0.0, 1990-06-30 00:00:00, 11.0, 19.5, 0.0
0.0, 0.0, 0.0, 1990-07-01 00:00:00, 7.0, 20.5, 0.0
5.1, 5.1, 0.0, 1990-07-02 00:00:00, 9.5, 20.5, 0.0
0.2, 0.2, 0.0, 1990-07-03 00:00:00, 7.5, 20.0, 0.0
0.0, 0.0, 0.0, 1990-07-04 00:00:00, 8.0, 21.5, 0.0
8.8, 8.8, 0.0, 1990-07-05 00:00:00, 9.0, 23.5, 0.0
0.2, 0.2, 0.0, 1990-07-06 00:00:00, 10.5, 20.0, 0.0
0.0, 0.0, 0.0, 1990-07-07 00:00:00, 14.5, 20.0, 0.0
0.0, 0.0, 0.0, 1990-07-08 00:00:00, 10.5, 25.5, 0.0
0.0, 0.0, 0.0, 1990-07-09 00:00:00, 9.5, 26.0, 0.0
0.0, 0.0, 0.0, 1990-07-10 00:00:00, 10.0, 30.0, 0.0
0.0, 0.0, 0.0, 1990-07-11 00:00:00, 12.0, 29.5, 0.0
0.0, 0.0, 0.0, 1990-07-12 00:00:00, 12.0, 27.5, 0.0
0.0, 0.0, 0.0, 1990-07-13 00:00:00, 10.0, 26.5, 0.0
0.0, 0.0, 0.0, 1990-07-14 00:00:00, 8.5, 28.5, 0.0
0.0, 0.0, 0.0, 1990-07-15 00:00:00, 9.5, 26.0, 0.0
0.0, 0.0, 0.0, 1990-07-16 00:00:00, 12.5, 23.5, 0.0
0.0, 0.0, 0.0, 1990-07-17 00:00:00, 8.5, 24.0, 0.0
0.0, 0.0, 0.0, 1990-07-18 00:00:00, 9.5, 25.5, 0.0
0.0, 0.0, 0.0, 1990-07-19 00:00:00, 8.0, 29.5, 0.0
0.0, 0.0, 0.0, 1990-07-20 00:00:00, 11.5, 31.5, 0.0
0.0, 0.0, 0.0, 1990-07-21 00:00:00, 12.0, 32.0, 0.0
0.0, 0.0, 0.0, 1990-07-22 00:00:00, 12.5, 27.5, 0.0
0.0, 0.0, 0.0, 1990-07-23 00:00:00, 14.5, 23.0, 0.0
0.0, 0.0, 0.0, 1990-07-24 00:00:00, 14.5, 19.0, 0.0
0.0, 0.0, 0.0, 1990-07-25 00:00:00, 13.5, 25.0, 0.0
0.0, 0.0, 0.0, 1990-07-26 00:00:00, 15.0, 23.5, 0.0
0.0, 0.0, 0.0, 1990-07-27 00:00:00, 9.5, 25.5, 0.0
0.0, 0.0, 0.0, 1990-07-28 00:00:00, 9.5, 29.5, 0.0
0.0, 0.0, 0.0, 1990-07-29 00:00:00, 11.0, 32.0, 0.0
0.0, 0.0, 0.0, 1990-07-30 00:00:00, 12.5, 31.5, 0.0
0.0, 0.0, 0.0, 1990-07-31 00:00:00, 12.0, 25.5, 0.0
0.0, 0.0, 0.0, 1990-08-01 00:00:00, 13.0, 23.5, 0.0
0.0, 0.0, 0.0, 1990-08-02 00:00:00, 10.5, 23.5, 0.0
0.0, 0.0, 0.0, 1990-08-03 00:00:00, 10.5, 28.0, 0.0
0.0, 0.0, 0.0, 1990-08-04 00:00:00, 12.5, 29.0, 0.0
0.0, 0.0, 0.0, 1990-08-05 00:00:00, 12.5, 30.5, 0.0
0.0, 0.0, 0.0, 1990-08-06 00:00:00, 16.0, 26.5, 0.0
0.0, 0.0, 0.0, 1990-08-07 00:00:00, 9.5, 27.0, 0.0
0.0, 0.0, 0.0, 1990-08-08 00:00:00, 11.0, 31.0, 0.0
0.0, 0.0, 0.0, 1990-08-09 00:00:00, 11.5, 33.0, 0.0
0.0, 0.0, 0.0, 1990-08-10 00:00:00, 15.0, 33.5, 0.0
0.0, 0.0, 0.0, 1990-08-11 00:00:00, 19.0, 28.0, 0.0
0.0, 0.0, 0.0, 1990-08-12 00:00:00, 16.0, 28.0, 0.0
0.0, 0.0, 0.0, 1990-08-13 00:00:00, 14.5, 26.5, 0.0
0.0, 0.0, 0.0, 1990-08-14 00:00:00, 9.5, 25.5, 0.0
2.2, 2.2, 0.0, 1990-08-15 00:00:00, 15.0, 23.0, 0.0
2.3, 2.3, 0.0, 1990-08-16 00:00:00, 16.0, 20.5, 0.0
0.2, 0.2, 0.0, 1990-08-17 00:00:00, 12.0, 22.0, 0.0
0.0, 0.0, 0.0, 1990-08-18 00:00:00, 11.0, 24.5, 0.0
0.0, 0.0, 0.0, 1990-08-19 00:00:00, 11.0, 25.5, 0.0
0.0, 0.0, 0.0, 1990-08-20 00:00:00, 11.5, 26.0, 0.0
0.0, 0.0, 0.0, 1990-08-21 00:00:00, 11.5, 26.5, 0.0
0.0, 0.0, 0.0, 1990-08-22 00:00:00, 14.0, 23.5, 0.0
0.0, 0.0, 0.0, 1990-08-23 00:00:00, 5.5, 24.0, 0.0
0.2, 0.2, 0.0, 1990-08-24 00:00:00, 11.0, 22.0, 0.0
0.0, 0.0, 0.0, 1990-08-25 00:00:00, 9.5, 20.0, 0.0
0.0, 0.0, 0.0, 1990-08-26 00:00:00, 7.0, 23.0, 0.0
0.0, 0.0, 0.0, 1990-08-27 00:00:00, 8.0, 24.5, 0.0
0.0, 0.0, 0.0, 1990-08-28 00:00:00, 9.0, 25.0, 0.0
5.6, 5.6, 0.0, 1990-08-29 00:00:00, 14.0, 17.0, 0.0
5.7, 5.7, 0.0, 1990-08-30 00:00:00, 10.5, 18.5, 0.0
0.3, 0.3, 0.0, 1990-08-31 00:00:00, 11.0, 19.5, 0.0
0.0, 0.0, 0.0, 1990-09-01 00:00:00, 8.5, 20.5, 0.0
0.0, 0.0, 0.0, 1990-09-02 00:00:00, 8.0, 22.0, 0.0
0.0, 0.0, 0.0, 1990-09-03 00:00:00, 6.0, 25.5, 0.0
0.0, 0.0, 0.0, 1990-09-04 00:00:00, 6.0, 25.5, 0.0
0.0, 0.0, 0.0, 1990-09-05 00:00:00, 6.5, 24.5, 0.0
0.0, 0.0, 0.0, 1990-09-06 00:00:00, 8.0, 25.0, 0.0
0.0, 0.0, 0.0, 1990-09-07 00:00:00, 8.0, 26.0, 0.0
0.0, 0.0, 0.0, 1990-09-08 00:00:00, 9.5, 22.0, 0.0
0.0, 0.0, 0.0, 1990-09-09 00:00:00, 10.5, 20.5, 0.0
0.0, 0.0, 0.0, 1990-09-10 00:00:00, 9.0, 21.5, 0.0
0.0, 0.0, 0.0, 1990-09-11 00:00:00, 7.0, 21.5, 0.0
0.0, 0.0, 0.0, 1990-09-12 00:00:00, 12.0, 19.0, 0.0
0.0, 0.0, 0.0, 1990-09-13 00:00:00, 7.0, 23.5, 0.0
0.0, 0.0, 0.0, 1990-09-14 00:00:00, 8.0, 24.0, 0.0
0.5, 0.5, 0.0, 1990-09-15 00:00:00, 6.5, 18.5, 0.0
0.3, 0.3, 0.0, 1990-09-16 00:00:00, 10.0, 18.0, 0.0
0.0, 0.0, 0.0, 1990-09-17 00:00:00, 12.0, 20.5, 0.0
0.0, 0.0, 0.0, 1990-09-18 00:00:00, 8.5, 20.0, 0.0
0.0, 0.0, 0.0, 1990-09-19 00:00:00, 6.0, 22.0, 0.0
0.0, 0.0, 0.0, 1990-09-20 00:00:00, 6.5, 23.0, 0.0
0.0, 0.0, 0.0, 1990-09-21 00:00:00, 6.5, 24.0, 0.0
0.0, 0.0, 0.0, 1990-09-22 00:00:00, 5.5, 24.5, 0.0
0.0, 0.0, 0.0, 1990-09-23 00:00:00, 8.5, 22.0, 0.0
0.0, 0.0, 0.0, 1990-09-24 00:00:00, 8.5, 21.0, 0.0
0.0, 0.0, 0.0, 1990-09-25 00:00:00, 8.5, 20.0, 0.0
0.0, 0.0, 0.0, 1990-09-26 00:00:00, 6.0, 20.0, 0.0
0.0, 0.0, 0.0, 1990-09-27 00:00:00, 6.5, 19.0, 0.0
0.0, 0.0, 0.0, 1990-09-28 00:00:00, 6.5, 19.0, 0.0
0.0, 0.0, 0.0, 1990-09-29 00:00:00, 7.0, 19.5, 0.0
4.7, 4.7, 0.0, 1990-09-30 00:00:00, 3.5, 17.5, 0.0
0.0, 0.0, 0.0, 1990-10-01 00:00:00, 9.5, 17.5, 0.0
6.6, 6.6, 0.0, 1990-10-02 00:00:00, 4.5, 13.0, 0.0
6.4, 6.4, 0.0, 1990-10-03 00:00:00, 7.0, 16.5, 0.0
0.5, 0.5, 0.0, 1990-10-04 00:00:00, 9.0, 15.0, 0.0
0.0, 0.0, 0.0, 1990-10-05 00:00:00, 0.5, 13.0, 0.0
0.0, 0.0, 0.0, 1990-10-06 00:00:00, -1.0, 12.5, 0.0
0.0, 0.0, 0.0, 1990-10-07 00:00:00, 4.0, 14.0, 0.0
0.8, 0.8, 0.0, 1990-10-08 00:00:00, 4.5, 13.0, 0.0
2.0, 2.0, 0.0, 1990-10-09 00:00:00, 8.5, 15.0, 0.0
0.0, 0.0, 0.0, 1990-10-10 00:00:00, 0.5, 13.5, 0.0
22.4, 22.4, 0.0, 1990-10-11 00:00:00, 0.0, 10.0, 0.0
0.4, 0.4, 0.0, 1990-10-12 00:00:00, 4.0, 14.5, 0.0
0.0, 0.0, 0.0, 1990-10-13 00:00:00, 0.0, 14.5, 0.0
9.9, 9.9, 0.0, 1990-10-14 00:00:00, 4.5, 7.5, 0.0
0.4, 0.4, 0.0, 1990-10-15 00:00:00, 4.5, 10.0, 0.0
0.0, 0.0, 0.0, 1990-10-16 00:00:00, 1.5, 12.5, 0.0
16.2, 16.2, 0.0, 1990-10-17 00:00:00, 4.5, 11.0, 0.0
2.0, 2.0, 0.0, 1990-10-18 00:00:00, 5.0, 13.0, 0.0
0.0, 0.0, 0.0, 1990-10-19 00:00:00, -1.0, 11.0, 0.0
20.8, 20.8, 0.0, 1990-10-20 00:00:00, 1.5, 11.0, 0.0
0.3, 0.3, 0.0, 1990-10-21 00:00:00, 6.5, 12.0, 0.0
2.2, 2.2, 0.0, 1990-10-22 00:00:00, 1.0, 12.5, 0.0
13.4, 13.4, 0.0, 1990-10-23 00:00:00, 6.0, 11.5, 0.0
39.8, 39.8, 0.0, 1990-10-24 00:00:00, 8.0, 13.0, 0.0
5.8, 5.8, 0.0, 1990-10-25 00:00:00, 8.0, 16.5, 0.0
4.5, 4.5, 0.0, 1990-10-26 00:00:00, 1.5, 11.5, 0.0
21.2, 21.2, 0.0, 1990-10-27 00:00:00, 3.5, 12.5, 0.0
5.8, 5.8, 0.0, 1990-10-28 00:00:00, 2.0, 10.0, 0.0
21.7, 21.7, 0.0, 1990-10-29 00:00:00, 1.5, 9.5, 0.0
1.2, 1.2, 0.0, 1990-10-30 00:00:00, 5.5, 11.0, 0.0
0.0, 0.0, 0.0, 1990-10-31 00:00:00, -1.0, 11.0, 0.0
0.4, 0.4, 0.0, 1990-11-01 00:00:00, -2.5, 11.0, 0.0
12.1, 12.1, 0.0, 1990-11-02 00:00:00, -2.5, 7.5, 0.0
0.6, 0.6, 0.0, 1990-11-03 00:00:00, 2.5, 7.5, 0.0
0.6, 0.6, 0.0, 1990-11-04 00:00:00, 5.0, 10.5, 0.0
0.4, 0.4, 0.0, 1990-11-05 00:00:00, 1.0, 10.0, 0.0
7.0, 7.0, 0.0, 1990-11-06 00:00:00, -1.0, 10.0, 0.0
0.4, 0.4, 0.0, 1990-11-07 00:00:00, 2.0, 8.5, 0.0
22.8, 22.8, 0.0, 1990-11-08 00:00:00, 2.5, 7.0, 0.0
20.0, 20.0, 0.0, 1990-11-09 00:00:00, 4.0, 6.0, 0.0
40.4, 40.4, 0.0, 1990-11-10 00:00:00, 3.5, 15.5, 0.0
19.6, 19.6, 0.0, 1990-11-11 00:00:00, 5.0, 15.0, 0.0
24.5, 24.5, 0.0, 1990-11-12 00:00:00, 11.5, 14.0, 0.0
1.6, 1.6, 0.0, 1990-11-13 00:00:00, 6.5, 10.5, 0.0
9.5, 9.5, 0.0, 1990-11-14 00:00:00, 1.0, 9.5, 0.0
5.3, 5.3, 0.0, 1990-11-15 00:00:00, -0.5, 9.0, 0.0
6.6, 6.6, 0.0, 1990-11-16 00:00:00, 6.0, 9.5, 0.0
0.6, 0.6, 0.0, 1990-11-17 00:00:00, 1.5, 7.5, 0.0
1.8, 1.8, 0.0, 1990-11-18 00:00:00, -2.0, 6.5, 0.0
0.6, 0.6, 0.0, 1990-11-19 00:00:00, 2.5, 6.5, 0.0
2.0, 2.0, 0.0, 1990-11-20 00:00:00, -3.0, 5.0, 0.0
4.8, 4.8, 0.0, 1990-11-21 00:00:00, 1.0, 10.0, 0.0
45.8, 45.8, 0.0, 1990-11-22 00:00:00, 2.0, 12.0, 0.0
44.8, 44.8, 0.0, 1990-11-23 00:00:00, 7.0, 14.5, 0.0
0.4, 0.4, 0.0, 1990-11-24 00:00:00, 3.5, 5.5, 0.0
0.0, 0.0, 0.0, 1990-11-25 00:00:00, -1.0, 6.5, 0.0
0.8, 0.8, 0.0, 1990-11-26 00:00:00, -3.5, 5.5, 0.0
0.2, 0.2, 0.0, 1990-11-27 00:00:00, -3.0, 6.0, 0.0
54.0, 54.0, 0.0, 1990-11-28 00:00:00, 0.0, 10.0, 0.0
0.8, 0.8, 0.0, 1990-11-29 00:00:00, 3.0, 8.0, 0.0
6.2, 6.2, 0.0, 1990-11-30 00:00:00, -3.0, 4.0, 0.0
2.8, 2.8, 0.0, 1990-12-01 00:00:00, 0.0, 4.0, None
42.5, 42.5, 0.0, 1990-12-02 00:00:00, -2.0, 7.0, 0.0
63.2, 63.2, 0.0, 1990-12-03 00:00:00, 1.0, 10.5, 0.0
0.5, 0.5, 0.0, 1990-12-04 00:00:00, 2.0, 9.0, 0.0
0.0, 0.0, 0.0, 1990-12-05 00:00:00, -0.5, 7.5, 0.0
0.0, 0.0, 0.0, 1990-12-06 00:00:00, 4.5, 7.5, 0.0
0.0, 0.0, 0.0, 1990-12-07 00:00:00, 2.5, 9.5, 0.0
9.8, 9.8, 0.0, 1990-12-08 00:00:00, 4.0, 8.0, 0.0
0.8, 0.8, 0.0, 1990-12-09 00:00:00, 5.0, 7.0, 0.0
0.0, 0.0, 0.0, 1990-12-10 00:00:00, -0.5, 7.0, 0.0
2.2, 2.2, 0.0, 1990-12-11 00:00:00, -1.0, 5.0, 0.0
9.8, 9.8, 0.0, 1990-12-12 00:00:00, 2.0, 4.5, 0.0
4.0, 4.0, 0.0, 1990-12-13 00:00:00, -1.0, 4.0, 0.0
28.8, 25.0, 3.8, 1990-12-14 00:00:00, 2.0, 5.5, 0.0
1.0, 1.0, 0.0, 1990-12-15 00:00:00, 0.0, 5.0, None
5.3, 0.2, 5.1, 1990-12-16 00:00:00, -4.0, 3.0, None
0.6, 0.6, 0.0, 1990-12-17 00:00:00, -1.0, 4.0, None
0.0, 0.0, 0.0, 1990-12-18 00:00:00, -4.0, 1.0, None
0.0, 0.0, 0.0, 1990-12-19 00:00:00, -8.0, -3.5, None
0.0, 0.0, 0.0, 1990-12-20 00:00:00, -7.0, -2.0, None
0.0, 0.0, 0.0, 1990-12-21 00:00:00, -10.5, -1.5, None
0.0, 0.0, 0.0, 1990-12-22 00:00:00, -4.0, -1.5, None
0.0, 0.0, 0.0, 1990-12-23 00:00:00, -4.0, -0.5, 0.0
0.0, 0.0, 0.0, 1990-12-24 00:00:00, -1.5, 0.5, 0.0
0.0, 0.0, 0.0, 1990-12-25 00:00:00, -1.0, 1.5, 0.0
0.0, 0.0, 0.0, 1990-12-26 00:00:00, 0.0, 3.0, 0.0
0.0, 0.0, 0.0, 1990-12-27 00:00:00, -1.0, 6.5, 0.0
0.0, 0.0, 0.0, 1990-12-28 00:00:00, -7.0, -3.0, 0.0
6.0, 0.0, 6.0, 1990-12-29 00:00:00, -10.5, -1.5, 0.0
2.4, 0.4, 2.0, 1990-12-30 00:00:00, -7.0, 7.5, 3.0
0.0, 0.0, 0.0, 1990-12-31 00:00:00, -2.0, 7.5, 0.0
1.8, 1.8, 0.0, 1991-01-01 00:00:00, -2.5, 3.5, None
0.0, 0.0, 0.0, 1991-01-02 00:00:00, -2.5, 2.5, None
0.0, 0.0, 0.0, 1991-01-03 00:00:00, -5.0, 4.0, None
0.0, 0.0, 0.0, 1991-01-04 00:00:00, -7.0, 1.5, None
0.0, 0.0, 0.0, 1991-01-05 00:00:00, -4.0, 1.5, None
9.4, 0.0, 9.4, 1991-01-06 00:00:00, -3.5, -1.0, 6.0
0.0, 0.0, 0.0, 1991-01-07 00:00:00, -3.0, -1.0, 10.0
0.0, 0.0, 0.0, 1991-01-08 00:00:00, -3.0, 0.0, None
28.0, 0.0, 28.0, 1991-01-09 00:00:00, -1.5, 1.0, None
0.0, 0.0, 0.0, 1991-01-10 00:00:00, -1.5, 4.5, 32.0
79.0, 79.0, 0.0, 1991-01-11 00:00:00, 0.5, 9.0, 20.0
8.0, 8.0, 0.0, 1991-01-12 00:00:00, 0.5, 9.5, 0.0
3.6, 3.6, 0.0, 1991-01-13 00:00:00, 0.5, 10.5, 0.0
3.8, 3.8, 0.0, 1991-01-14 00:00:00, -0.5, 8.5, 0.0
0.0, 0.0, 0.0, 1991-01-15 00:00:00, 3.0, 9.0, 0.0
0.0, 0.0, 0.0, 1991-01-16 00:00:00, 3.0, 8.5, 0.0
0.0, 0.0, 0.0, 1991-01-17 00:00:00, 1.0, 9.0, 0.0
3.2, 3.2, 0.0, 1991-01-18 00:00:00, -0.5, 8.5, 0.0
0.0, 0.0, 0.0, 1991-01-19 00:00:00, -1.5, 8.5, 0.0
0.0, 0.0, 0.0, 1991-01-20 00:00:00, -4.5, 5.0, 0.0
0.0, 0.0, 0.0, 1991-01-21 00:00:00, -4.5, 3.0, 0.0
0.0, 0.0, 0.0, 1991-01-22 00:00:00, -2.0, 5.0, 0.0
0.0, 0.0, 0.0, 1991-01-23 00:00:00, 0.0, 4.5, 0.0
0.0, 0.0, 0.0, 1991-01-24 00:00:00, -2.5, 5.5, 0.0
0.0, 0.0, 0.0, 1991-01-25 00:00:00, -4.5, 5.5, 0.0
0.0, 0.0, 0.0, 1991-01-26 00:00:00, -6.0, 5.5, 0.0
0.0, 0.0, 0.0, 1991-01-27 00:00:00, -6.5, 3.5, 0.0
0.0, 0.0, 0.0, 1991-01-28 00:00:00, -4.0, 5.5, 0.0
0.0, 0.0, 0.0, 1991-01-29 00:00:00, -6.0, 4.0, 0.0
13.8, 12.8, 1.0, 1991-01-30 00:00:00, -5.0, 4.0, 0.0
42.2, 42.2, 0.0, 1991-01-31 00:00:00, -0.5, 8.0, 0.0
67.5, 67.5, 0.0, 1991-02-01 00:00:00, 3.0, 10.0, 0.0
7.8, 7.8, 0.0, 1991-02-02 00:00:00, 8.0, 12.5, 0.0
42.8, 42.8, 0.0, 1991-02-03 00:00:00, 2.0, 11.0, 0.0
20.0, 20.0, 0.0, 1991-02-04 00:00:00, 5.0, 12.5, 0.0
0.0, 0.0, 0.0, 1991-02-05 00:00:00, 0.5, 8.5, 0.0
10.8, 10.8, 0.0, 1991-02-06 00:00:00, 0.0, 9.5, 0.0
24.0, 24.0, 0.0, 1991-02-07 00:00:00, 5.0, 6.5, 0.0
9.2, 9.2, 0.0, 1991-02-08 00:00:00, 5.0, 7.0, 0.0
0.8, 0.8, 0.0, 1991-02-09 00:00:00, 5.0, 7.0, 0.0
2.6, 2.6, 0.0, 1991-02-10 00:00:00, 5.0, 7.0, 0.0
13.7, 13.7, 0.0, 1991-02-11 00:00:00, 4.5, 6.5, 0.0
0.9, 0.9, 0.0, 1991-02-12 00:00:00, 5.0, 8.0, 0.0
5.4, 5.4, 0.0, 1991-02-13 00:00:00, 5.5, 8.0, 0.0
8.0, 8.0, 0.0, 1991-02-14 00:00:00, 6.0, 10.0, 0.0
0.0, 0.0, 0.0, 1991-02-15 00:00:00, 6.0, 12.5, 0.0
0.7, 0.7, 0.0, 1991-02-16 00:00:00, -0.5, 9.5, 0.0
0.4, 0.4, 0.0, 1991-02-17 00:00:00, 3.5, 9.5, 0.0
9.5, 9.5, 0.0, 1991-02-18 00:00:00, 1.5, 10.5, 0.0
0.0, 0.0, 0.0, 1991-02-19 00:00:00, 4.0, 12.5, 0.0
0.4, 0.4, 0.0, 1991-02-20 00:00:00, 1.0, 8.5, 0.0
0.6, 0.6, 0.0, 1991-02-21 00:00:00, 0.5, 8.0, 0.0
0.0, 0.0, 0.0, 1991-02-22 00:00:00, -1.0, 10.0, 0.0
0.0, 0.0, 0.0, 1991-02-23 00:00:00, -1.5, 10.0, 0.0
0.0, 0.0, 0.0, 1991-02-24 00:00:00, -2.0, 9.0, 0.0
0.0, 0.0, 0.0, 1991-02-25 00:00:00, -1.0, 13.5, 0.0
0.0, 0.0, 0.0, 1991-02-26 00:00:00, 0.0, 13.0, 0.0
0.0, 0.0, 0.0, 1991-02-27 00:00:00, -0.5, 13.5, 0.0
16.9, 9.3, 7.6, 1991-02-28 00:00:00, -0.5, 8.5, 0.0
24.0, 0.0, 24.0, 1991-03-01 00:00:00, -1.0, 3.5, 8.0
10.0, 0.0, 10.0, 1991-03-02 00:00:00, -1.5, 1.5, 30.0
5.0, 0.0, 5.0, 1991-03-03 00:00:00, -1.0, 2.5, 22.0
0.0, 0.0, 0.0, 1991-03-04 00:00:00, -5.0, 4.0, 16.0
4.0, 4.0, 0.0, 1991-03-05 00:00:00, -7.0, 4.0, 16.0
0.2, 0.2, 0.0, 1991-03-06 00:00:00, 0.0, 6.5, 10.0
0.2, 0.2, 0.0, 1991-03-07 00:00:00, -1.0, 7.0, 7.0
6.2, 6.2, 0.0, 1991-03-08 00:00:00, -2.0, 8.0, 3.0
1.6, 1.6, 0.0, 1991-03-09 00:00:00, 1.0, 9.5, 0.0
0.0, 0.0, 0.0, 1991-03-10 00:00:00, -1.0, 9.5, 0.0
6.4, 6.4, 0.0, 1991-03-11 00:00:00, -2.0, 4.5, 0.0
1.6, 1.6, 0.0, 1991-03-12 00:00:00, 2.0, 5.0, 0.0
0.0, 0.0, 0.0, 1991-03-13 00:00:00, -2.0, 7.0, 0.0
0.0, 0.0, 0.0, 1991-03-14 00:00:00, 0.0, 8.0, 0.0
0.7, 0.7, 0.0, 1991-03-15 00:00:00, -1.5, 7.5, 0.0
0.0, 0.0, 0.0, 1991-03-16 00:00:00, -0.5, 9.5, 0.0
0.0, 0.0, 0.0, 1991-03-17 00:00:00, -2.0, 12.5, 0.0
2.5, 2.5, 0.0, 1991-03-18 00:00:00, -2.5, 12.0, 0.0
0.4, 0.4, 0.0, 1991-03-19 00:00:00, 3.0, 8.5, 0.0
0.0, 0.0, 0.0, 1991-03-20 00:00:00, 0.0, 11.0, 0.0
3.6, 3.6, 0.0, 1991-03-21 00:00:00, 1.0, 8.0, 0.0
9.8, 9.8, 0.0, 1991-03-22 00:00:00, -0.5, 8.0, 0.0
1.4, 1.4, 0.0, 1991-03-23 00:00:00, -0.5, 9.5, 0.0
0.0, 0.0, 0.0, 1991-03-24 00:00:00, 0.5, 13.0, 0.0
0.0, 0.0, 0.0, 1991-03-25 00:00:00, -0.5, 10.0, 0.0
0.0, 0.0, 0.0, 1991-03-26 00:00:00, -2.5, 10.5, 0.0
0.0, 0.0, 0.0, 1991-03-27 00:00:00, -2.0, 11.5, 0.0
0.0, 0.0, 0.0, 1991-03-28 00:00:00, -0.5, 10.0, 0.0
0.5, 0.5, 0.0, 1991-03-29 00:00:00, 3.0, 9.0, 0.0
0.0, 0.0, 0.0, 1991-03-30 00:00:00, 6.5, 12.5, 0.0
0.0, 0.0, 0.0, 1991-03-31 00:00:00, 2.0, 13.5, 0.0
0.0, 0.0, 0.0, 1991-04-01 00:00:00, 5.0, 13.0, 0.0
13.0, 13.0, 0.0, 1991-04-02 00:00:00, 6.0, 9.0, 0.0
19.6, 19.6, 0.0, 1991-04-03 00:00:00, 4.0, 8.0, 0.0
11.3, 11.3, 0.0, 1991-04-04 00:00:00, 3.0, 11.5, 0.0
2.1, 2.1, 0.0, 1991-04-05 00:00:00, 5.0, 10.5, 0.0
5.1, 5.1, 0.0, 1991-04-06 00:00:00, 3.5, 7.5, 0.0
0.2, 0.2, 0.0, 1991-04-07 00:00:00, -1.0, 12.5, 0.0
8.7, 8.7, 0.0, 1991-04-08 00:00:00, -0.5, 7.5, 0.0
1.5, 1.5, 0.0, 1991-04-09 00:00:00, 1.0, 11.0, 0.0
0.0, 0.0, 0.0, 1991-04-10 00:00:00, 0.5, 11.5, 0.0
0.0, 0.0, 0.0, 1991-04-11 00:00:00, -2.5, 13.5, 0.0
0.0, 0.0, 0.0, 1991-04-12 00:00:00, -1.0, 14.5, 0.0
0.0, 0.0, 0.0, 1991-04-13 00:00:00, 2.0, 14.5, 0.0
0.0, 0.0, 0.0, 1991-04-14 00:00:00, 4.0, 14.5, 0.0
0.0, 0.0, 0.0, 1991-04-15 00:00:00, 2.0, 17.0, 0.0
0.0, 0.0, 0.0, 1991-04-16 00:00:00, 2.0, 21.0, 0.0
0.0, 0.0, 0.0, 1991-04-17 00:00:00, 2.0, 19.0, 0.0
0.0, 0.0, 0.0, 1991-04-18 00:00:00, 2.0, 18.5, 0.0
0.0, 0.0, 0.0, 1991-04-19 00:00:00, 2.0, 19.5, 0.0
0.0, 0.0, 0.0, 1991-04-20 00:00:00, 3.0, 20.5, 0.0
0.0, 0.0, 0.0, 1991-04-21 00:00:00, 4.0, 18.0, 0.0
0.0, 0.0, 0.0, 1991-04-22 00:00:00, 3.0, 14.0, 0.0
4.6, 4.6, 0.0, 1991-04-23 00:00:00, 4.5, 11.0, 0.0
0.0, 0.0, 0.0, 1991-04-24 00:00:00, 5.5, 13.5, 0.0
0.0, 0.0, 0.0, 1991-04-25 00:00:00, 1.5, 12.5, 0.0
0.0, 0.0, 0.0, 1991-04-26 00:00:00, 0.5, 13.0, 0.0
2.5, 2.5, 0.0, 1991-04-27 00:00:00, 2.0, 13.5, 0.0
0.5, 0.5, 0.0, 1991-04-28 00:00:00, 3.0, 10.5, 0.0
0.0, 0.0, 0.0, 1991-04-29 00:00:00, -0.5, 14.0, 0.0
0.0, 0.0, 0.0, 1991-04-30 00:00:00, 1.0, 20.0, 0.0
0.0, 0.0, 0.0, 1991-05-01 00:00:00, 3.0, 21.5, 0.0
0.0, 0.0, 0.0, 1991-05-02 00:00:00, 6.0, 23.0, 0.0
0.0, 0.0, 0.0, 1991-05-03 00:00:00, 4.5, 18.0, 0.0
2.8, 2.8, 0.0, 1991-05-04 00:00:00, 5.0, 15.0, 0.0
0.0, 0.0, 0.0, 1991-05-05 00:00:00, 8.0, 12.5, 0.0
3.8, 3.8, 0.0, 1991-05-06 00:00:00, 8.5, 14.0, 0.0
5.5, 5.5, 0.0, 1991-05-07 00:00:00, 8.0, 11.5, 0.0
0.2, 0.2, 0.0, 1991-05-08 00:00:00, 5.5, 15.0, 0.0
0.0, 0.0, 0.0, 1991-05-09 00:00:00, 1.5, 15.5, 0.0
0.0, 0.0, 0.0, 1991-05-10 00:00:00, 2.0, 17.0, 0.0
0.0, 0.0, 0.0, 1991-05-11 00:00:00, 4.5, 20.0, 0.0
0.0, 0.0, 0.0, 1991-05-12 00:00:00, 9.0, 17.5, 0.0
0.0, 0.0, 0.0, 1991-05-13 00:00:00, 7.0, 17.5, 0.0
6.5, 6.5, 0.0, 1991-05-14 00:00:00, 3.0, 17.5, 0.0
1.8, 1.8, 0.0, 1991-05-15 00:00:00, 7.5, 13.5, 0.0
0.0, 0.0, 0.0, 1991-05-16 00:00:00, 8.5, 18.5, 0.0
0.0, 0.0, 0.0, 1991-05-17 00:00:00, 6.5, 15.0, 0.0
0.0, 0.0, 0.0, 1991-05-18 00:00:00, 5.5, 20.5, 0.0
0.0, 0.0, 0.0, 1991-05-19 00:00:00, 6.0, 20.5, 0.0
0.0, 0.0, 0.0, 1991-05-20 00:00:00, 6.0, 19.0, 0.0
0.0, 0.0, 0.0, 1991-05-21 00:00:00, 5.0, 18.0, 0.0
0.2, 0.2, 0.0, 1991-05-22 00:00:00, 6.0, 16.5, 0.0
1.8, 1.8, 0.0, 1991-05-23 00:00:00, 6.0, 15.0, 0.0
1.8, 1.8, 0.0, 1991-05-24 00:00:00, 6.0, 14.5, 0.0
0.0, 0.0, 0.0, 1991-05-25 00:00:00, 6.0, 18.0, 0.0
0.0, 0.0, 0.0, 1991-05-26 00:00:00, 9.0, 18.0, 0.0
0.0, 0.0, 0.0, 1991-05-27 00:00:00, 6.5, 16.0, 0.0
0.0, 0.0, 0.0, 1991-05-28 00:00:00, 3.5, 18.0, 0.0
3.8, 3.8, 0.0, 1991-05-29 00:00:00, 8.5, 12.5, 0.0
0.0, 0.0, 0.0, 1991-05-30 00:00:00, 9.0, 18.0, 0.0
0.2, 0.2, 0.0, 1991-05-31 00:00:00, 10.0, 17.5, 0.0
0.0, 0.0, 0.0, 1991-06-01 00:00:00, 7.0, 19.0, 0.0
10.4, 10.4, 0.0, 1991-06-02 00:00:00, 6.0, 17.0, 0.0
1.0, 1.0, 0.0, 1991-06-03 00:00:00, 3.0, 14.0, 0.0
0.0, 0.0, 0.0, 1991-06-04 00:00:00, 5.0, 18.0, 0.0
0.0, 0.0, 0.0, 1991-06-05 00:00:00, 4.0, 24.5, 0.0
0.0, 0.0, 0.0, 1991-06-06 00:00:00, 6.0, 23.5, 0.0
1.0, 1.0, 0.0, 1991-06-07 00:00:00, 11.0, 17.0, 0.0
0.0, 0.0, 0.0, 1991-06-08 00:00:00, 11.5, 19.0, 0.0
0.0, 0.0, 0.0, 1991-06-09 00:00:00, 9.5, 20.0, 0.0
0.0, 0.0, 0.0, 1991-06-10 00:00:00, 13.0, 21.5, 0.0
0.0, 0.0, 0.0, 1991-06-11 00:00:00, 6.0, 16.5, 0.0
3.4, 3.4, 0.0, 1991-06-12 00:00:00, 8.0, 16.5, 0.0
0.8, 0.8, 0.0, 1991-06-13 00:00:00, 8.0, 17.5, 0.0
0.3, 0.3, 0.0, 1991-06-14 00:00:00, 10.0, 15.5, 0.0
4.8, 4.8, 0.0, 1991-06-15 00:00:00, 9.5, 15.0, 0.0
0.6, 0.6, 0.0, 1991-06-16 00:00:00, 9.0, 14.0, 0.0
0.0, 0.0, 0.0, 1991-06-17 00:00:00, 7.5, 18.0, 0.0
0.0, 0.0, 0.0, 1991-06-18 00:00:00, 7.0, 23.0, 0.0
0.0, 0.0, 0.0, 1991-06-19 00:00:00, 7.0, 29.0, 0.0
7.0, 7.0, 0.0, 1991-06-20 00:00:00, 11.0, 20.0, 0.0
7.2, 7.2, 0.0, 1991-06-21 00:00:00, 11.5, 17.5, 0.0
4.0, 4.0, 0.0, 1991-06-22 00:00:00, 11.5, 15.5, 0.0
0.2, 0.2, 0.0, 1991-06-23 00:00:00, 12.0, 17.0, 0.0
0.0, 0.0, 0.0, 1991-06-24 00:00:00, 11.5, 23.0, 0.0
0.0, 0.0, 0.0, 1991-06-25 00:00:00, 13.5, 18.0, 0.0
0.0, 0.0, 0.0, 1991-06-26 00:00:00, 10.5, 19.0, 0.0
0.0, 0.0, 0.0, 1991-06-27 00:00:00, 12.5, 23.0, 0.0
0.0, 0.0, 0.0, 1991-06-28 00:00:00, 9.0, 24.5, 0.0
0.0, 0.0, 0.0, 1991-06-29 00:00:00, 10.0, 18.5, 0.0
0.0, 0.0, 0.0, 1991-06-30 00:00:00, 8.0, 18.0, 0.0
2.0, 2.0, 0.0, 1991-07-01 00:00:00, 13.5, 23.5, 0.0
0.0, 0.0, 0.0, 1991-07-02 00:00:00, 13.0, 25.5, 0.0
0.0, 0.0, 0.0, 1991-07-03 00:00:00, 15.5, 26.5, 0.0
0.0, 0.0, 0.0, 1991-07-04 00:00:00, 8.5, 24.5, 0.0
0.0, 0.0, 0.0, 1991-07-05 00:00:00, 10.0, 22.0, 0.0
0.0, 0.0, 0.0, 1991-07-06 00:00:00, 7.0, 24.0, 0.0
0.0, 0.0, 0.0, 1991-07-07 00:00:00, 8.0, 27.5, 0.0
0.0, 0.0, 0.0, 1991-07-08 00:00:00, 10.5, 26.0, 0.0
0.0, 0.0, 0.0, 1991-07-09 00:00:00, 11.0, 23.0, 0.0
1.5, 1.5, 0.0, 1991-07-10 00:00:00, 10.0, 19.0, 0.0
2.8, 2.8, 0.0, 1991-07-11 00:00:00, 13.0, 19.5, 0.0
1.2, 1.2, 0.0, 1991-07-12 00:00:00, 13.0, 22.0, 0.0
0.0, 0.0, 0.0, 1991-07-13 00:00:00, 13.5, 22.5, 0.0
6.6, 6.6, 0.0, 1991-07-14 00:00:00, 10.5, 18.0, 0.0
0.6, 0.6, 0.0, 1991-07-15 00:00:00, 12.0, 16.0, 0.0
7.2, 7.2, 0.0, 1991-07-16 00:00:00, 7.5, 20.0, 0.0
0.0, 0.0, 0.0, 1991-07-17 00:00:00, 9.0, 22.5, 0.0
0.0, 0.0, 0.0, 1991-07-18 00:00:00, 11.0, 22.5, 0.0
0.0, 0.0, 0.0, 1991-07-19 00:00:00, 9.0, 21.0, 0.0
5.8, 5.8, 0.0, 1991-07-20 00:00:00, 10.5, 18.0, 0.0
0.0, 0.0, 0.0, 1991-07-21 00:00:00, 12.5, 19.0, 0.0
0.0, 0.0, 0.0, 1991-07-22 00:00:00, 9.5, 27.5, 0.0
0.0, 0.0, 0.0, 1991-07-23 00:00:00, 9.5, 32.0, 0.0
7.6, 7.6, 0.0, 1991-07-24 00:00:00, 14.0, 23.5, 0.0
0.2, 0.2, 0.0, 1991-07-25 00:00:00, 15.0, 23.0, 0.0
0.0, 0.0, 0.0, 1991-07-26 00:00:00, 13.0, 18.0, 0.0
0.0, 0.0, 0.0, 1991-07-27 00:00:00, 10.0, 22.0, 0.0
0.0, 0.0, 0.0, 1991-07-28 00:00:00, 9.0, 23.5, 0.0
0.0, 0.0, 0.0, 1991-07-29 00:00:00, 9.5, 23.5, 0.0
0.0, 0.0, 0.0, 1991-07-30 00:00:00, 7.5, 23.5, 0.0
0.0, 0.0, 0.0, 1991-07-31 00:00:00, 8.5, 26.5, 0.0
3.8, 3.8, 0.0, 1993-04-01 00:00:00, 5.0, 10.0, 0.0
3.5, 3.5, 0.0, 1993-04-02 00:00:00, 6.5, 12.0, 0.0
0.0, 0.0, 0.0, 1993-04-03 00:00:00, 5.5, 15.0, 0.0
0.5, 0.5, 0.0, 1993-04-04 00:00:00, 2.5, 13.0, 0.0
4.5, 4.5, 0.0, 1993-04-05 00:00:00, 2.0, 12.0, 0.0
0.0, 0.0, 0.0, 1993-04-06 00:00:00, 5.0, 10.5, 0.0
28.2, 28.2, 0.0, 1993-04-07 00:00:00, 2.0, 9.0, 0.0
5.6, 5.6, 0.0, 1993-04-08 00:00:00, 6.5, 14.0, 0.0
0.4, 0.4, 0.0, 1993-04-09 00:00:00, 4.5, 12.0, 0.0
2.0, 2.0, 0.0, 1993-04-10 00:00:00, 5.0, 12.0, 0.0
0.7, 0.7, 0.0, 1993-04-11 00:00:00, 2.5, 12.5, 0.0
3.4, 3.4, 0.0, 1993-04-12 00:00:00, 4.0, 11.0, 0.0
3.1, 3.1, 0.0, 1993-04-13 00:00:00, 4.5, 9.0, 0.0
2.6, 2.6, 0.0, 1993-04-14 00:00:00, 4.5, 12.5, 0.0
0.4, 0.4, 0.0, 1993-04-15 00:00:00, 6.5, 14.0, 0.0
17.1, 17.1, 0.0, 1993-04-16 00:00:00, 7.0, 9.0, 0.0
6.5, 6.5, 0.0, 1993-04-17 00:00:00, 4.0, 9.0, 0.0
0.0, 0.0, 0.0, 1993-04-18 00:00:00, 5.0, 13.0, 0.0
0.0, 0.0, 0.0, 1993-04-19 00:00:00, 4.0, 13.5, 0.0
3.2, 3.2, 0.0, 1993-04-20 00:00:00, 4.0, 12.5, 0.0
1.7, 1.7, 0.0, 1993-04-21 00:00:00, 7.5, 14.0, 0.0
4.1, 4.1, 0.0, 1993-04-22 00:00:00, 6.5, 12.5, 0.0
9.2, 9.2, 0.0, 1993-04-23 00:00:00, 7.5, 10.0, 0.0
13.5, 13.5, 0.0, 1993-04-24 00:00:00, 8.0, 14.0, 0.0
19.9, 19.9, 0.0, 1993-04-25 00:00:00, 7.5, 13.5, 0.0
0.9, 0.9, 0.0, 1993-04-26 00:00:00, 6.0, 13.5, 0.0
3.1, 3.1, 0.0, 1993-04-27 00:00:00, 6.0, 15.0, 0.0
0.0, 0.0, 0.0, 1993-04-28 00:00:00, 6.5, 10.5, 0.0
0.8, 0.8, 0.0, 1993-04-29 00:00:00, 6.0, 14.0, 0.0
3.6, 3.6, 0.0, 1993-04-30 00:00:00, 7.0, 15.0, 0.0
2.2, 2.2, 0.0, 1993-05-01 00:00:00, 5.0, 11.0, 0.0
5.0, 5.0, 0.0, 1993-05-02 00:00:00, 3.5, 14.0, 0.0
6.1, 6.1, 0.0, 1993-05-03 00:00:00, 6.0, 11.0, 0.0
2.7, 2.7, 0.0, 1993-05-04 00:00:00, 4.5, 15.5, 0.0
6.9, 6.9, 0.0, 1993-05-05 00:00:00, 8.0, 10.5, 0.0
1.3, 1.3, 0.0, 1993-05-06 00:00:00, 7.5, 14.5, 0.0
5.3, 5.3, 0.0, 1993-05-07 00:00:00, 6.0, 10.0, 0.0
0.9, 0.9, 0.0, 1993-05-08 00:00:00, 5.5, 16.0, 0.0
7.0, 7.0, 0.0, 1993-05-09 00:00:00, 5.5, 12.0, 0.0
7.4, 7.4, 0.0, 1993-05-10 00:00:00, 8.5, 15.5, 0.0
0.0, 0.0, 0.0, 1993-05-11 00:00:00, 9.5, 20.0, 0.0
0.0, 0.0, 0.0, 1993-05-12 00:00:00, 9.5, 27.0, 0.0
0.0, 0.0, 0.0, 1993-05-13 00:00:00, 11.5, 21.0, 0.0
0.0, 0.0, 0.0, 1993-05-14 00:00:00, 9.5, 19.5, 0.0
0.5, 0.5, 0.0, 1993-05-15 00:00:00, 7.0, 20.0, 0.0
0.0, 0.0, 0.0, 1993-05-16 00:00:00, 9.0, 20.5, 0.0
0.0, 0.0, 0.0, 1993-05-17 00:00:00, 9.0, 24.0, 0.0
1.0, 1.0, 0.0, 1993-05-18 00:00:00, 12.5, 26.5, 0.0
12.3, 12.3, 0.0, 1993-05-19 00:00:00, 13.5, 21.5, 0.0
2.8, 2.8, 0.0, 1993-05-20 00:00:00, 11.0, 17.5, 0.0
1.1, 1.1, 0.0, 1993-05-21 00:00:00, 9.5, 16.5, 0.0
0.4, 0.4, 0.0, 1993-05-22 00:00:00, 9.0, 20.0, 0.0
0.0, 0.0, 0.0, 1993-05-23 00:00:00, 8.0, 24.5, 0.0
0.0, 0.0, 0.0, 1993-05-24 00:00:00, 12.0, 29.0, 0.0
0.0, 0.0, 0.0, 1993-05-25 00:00:00, 13.5, 28.0, 0.0
0.0, 0.0, 0.0, 1993-05-26 00:00:00, 13.0, 25.0, 0.0
9.6, 9.6, 0.0, 1993-05-27 00:00:00, 11.0, 27.0, 0.0
5.0, 5.0, 0.0, 1993-05-28 00:00:00, 12.5, 21.0, 0.0
7.0, 7.0, 0.0, 1993-05-29 00:00:00, 11.5, 18.5, 0.0
3.3, 3.3, 0.0, 1993-05-30 00:00:00, 11.5, 19.5, 0.0
8.0, 8.0, 0.0, 1993-05-31 00:00:00, 13.0, 15.5, 0.0
1.1, 1.1, 0.0, 1993-06-01 00:00:00, 10.5, 17.0, 0.0
0.0, 0.0, 0.0, 1993-06-02 00:00:00, 10.0, 21.0, 0.0
0.0, 0.0, 0.0, 1993-06-03 00:00:00, 13.0, 21.0, 0.0
2.3, 2.3, 0.0, 1993-06-04 00:00:00, 12.5, 19.5, 0.0
0.0, 0.0, 0.0, 1993-06-05 00:00:00, 11.0, 25.0, 0.0
4.4, 4.4, 0.0, 1993-06-06 00:00:00, 13.5, 20.0, 0.0
4.6, 4.6, 0.0, 1993-06-07 00:00:00, 10.0, 18.0, 0.0
23.1, 23.1, 0.0, 1993-06-08 00:00:00, 9.0, 18.0, 0.0
5.3, 5.3, 0.0, 1993-06-09 00:00:00, 9.5, 15.5, 0.0
0.0, 0.0, 0.0, 1993-06-10 00:00:00, 6.5, 18.0, 0.0
0.0, 0.0, 0.0, 1993-06-11 00:00:00, 7.5, 19.0, 0.0
0.0, 0.0, 0.0, 1993-06-12 00:00:00, 7.5, 20.0, 0.0
5.5, 5.5, 0.0, 1993-06-13 00:00:00, 8.5, 19.0, 0.0
11.5, 11.5, 0.0, 1993-06-14 00:00:00, 12.0, 14.5, 0.0
0.0, 0.0, 0.0, 1993-06-15 00:00:00, 13.0, 21.0, 0.0
0.0, 0.0, 0.0, 1993-06-16 00:00:00, 10.5, 22.0, 0.0
0.0, 0.0, 0.0, 1993-06-17 00:00:00, 12.5, 24.0, 0.0
0.0, 0.0, 0.0, 1993-06-18 00:00:00, 13.5, 24.0, 0.0
0.0, 0.0, 0.0, 1993-06-19 00:00:00, 12.0, 21.0, 0.0
0.0, 0.0, 0.0, 1993-06-20 00:00:00, 10.0, 21.0, 0.0
0.0, 0.0, 0.0, 1993-06-21 00:00:00, 10.5, 18.0, 0.0
3.8, 3.8, 0.0, 1993-06-22 00:00:00, 6.5, 16.0, 0.0
2.3, 2.3, 0.0, 1993-06-23 00:00:00, 7.5, 19.5, 0.0
5.2, 5.2, 0.0, 1993-06-24 00:00:00, 11.0, 15.5, 0.0
0.0, 0.0, 0.0, 1993-06-25 00:00:00, 12.0, 23.0, 0.0
0.0, 0.0, 0.0, 1993-06-26 00:00:00, 13.5, 21.5, 0.0
5.0, 5.0, 0.0, 1993-06-27 00:00:00, 11.5, 17.0, 0.0
2.3, 2.3, 0.0, 1993-06-28 00:00:00, 10.0, 18.0, 0.0
0.0, 0.0, 0.0, 1993-06-29 00:00:00, 10.5, 19.0, 0.0
1.1, 1.1, 0.0, 1993-06-30 00:00:00, 12.0, 20.0, 0.0
8.2, 8.2, 0.0, 1993-07-01 00:00:00, 12.5, 19.5, 0.0
0.0, 0.0, 0.0, 1993-07-02 00:00:00, 9.5, 22.0, 0.0
0.0, 0.0, 0.0, 1993-07-03 00:00:00, 13.5, 19.0, 0.0
0.0, 0.0, 0.0, 1993-07-04 00:00:00, None, 22.0, 0.0
0.0, 0.0, 0.0, 1993-07-05 00:00:00, 9.5, 21.0, 0.0
0.0, 0.0, 0.0, 1993-07-06 00:00:00, 9.0, 21.0, 0.0
0.0, 0.0, 0.0, 1993-07-07 00:00:00, 10.5, 23.0, 0.0
0.0, 0.0, 0.0, 1993-07-08 00:00:00, 9.5, 22.0, 0.0
0.0, 0.0, 0.0, 1993-07-09 00:00:00, 9.5, 22.5, 0.0
0.4, 0.4, 0.0, 1993-07-10 00:00:00, 12.0, 16.0, 0.0
0.0, 0.0, 0.0, 1993-07-11 00:00:00, 11.5, 17.5, 0.0
0.0, 0.0, 0.0, 1993-07-12 00:00:00, 11.0, 21.0, 0.0
0.4, 0.4, 0.0, 1993-07-13 00:00:00, 13.0, 22.0, 0.0
0.5, 0.5, 0.0, 1993-07-14 00:00:00, 13.0, 23.0, 0.0
6.9, 6.9, 0.0, 1993-07-15 00:00:00, 12.5, 18.0, 0.0
0.0, 0.0, 0.0, 1993-07-16 00:00:00, 13.0, 19.5, 0.0
0.0, 0.0, 0.0, 1993-07-17 00:00:00, 10.5, 23.5, 0.0
0.0, 0.0, 0.0, 1993-07-18 00:00:00, 13.0, 23.0, 0.0
0.0, 0.0, 0.0, 1993-07-19 00:00:00, 12.0, 26.0, 0.0
0.0, 0.0, 0.0, 1993-07-20 00:00:00, 13.5, 22.5, 0.0
1.6, 1.6, 0.0, 1993-07-21 00:00:00, 14.0, 19.5, 0.0
0.4, 0.4, 0.0, 1993-07-22 00:00:00, 12.5, 17.5, 0.0
0.0, 0.0, 0.0, 1993-07-23 00:00:00, 11.5, 22.0, 0.0
0.0, 0.0, 0.0, 1993-07-24 00:00:00, 13.5, 23.0, 0.0
0.0, 0.0, 0.0, 1993-07-25 00:00:00, 11.5, 25.0, 0.0
0.0, 0.0, 0.0, 1993-07-26 00:00:00, 11.0, 25.0, 0.0
0.0, 0.0, 0.0, 1993-07-27 00:00:00, 14.0, 22.0, 0.0
3.8, 3.8, 0.0, 1993-07-28 00:00:00, 14.5, 24.0, 0.0
3.2, 3.2, 0.0, 1993-07-29 00:00:00, 11.0, 16.5, 0.0
0.0, 0.0, 0.0, 1993-07-30 00:00:00, 10.0, 17.0, 0.0
0.0, 0.0, 0.0, 1993-07-31 00:00:00, 12.0, 23.5, 0.0
0.0, 0.0, 0.0, 1993-08-01 00:00:00, 13.0, 28.0, 0.0
0.0, 0.0, 0.0, 1993-08-02 00:00:00, 15.0, 29.0, 0.0
0.0, 0.0, 0.0, 1993-08-03 00:00:00, 16.0, 33.0, 0.0
0.0, 0.0, 0.0, 1993-08-04 00:00:00, 16.5, 34.0, 0.0
0.0, 0.0, 0.0, 1993-08-05 00:00:00, 17.5, 31.5, 0.0
0.0, 0.0, 0.0, 1993-08-06 00:00:00, 15.5, 25.5, 0.0
0.0, 0.0, 0.0, 1993-08-07 00:00:00, 12.0, 24.0, 0.0
3.6, 3.6, 0.0, 1993-08-08 00:00:00, 14.0, 25.0, 0.0
0.0, 0.0, 0.0, 1993-08-09 00:00:00, 14.0, 18.0, 0.0
0.0, 0.0, 0.0, 1993-08-10 00:00:00, 14.5, 22.0, 0.0
0.0, 0.0, 0.0, 1993-08-11 00:00:00, 11.5, 23.5, 0.0
0.0, 0.0, 0.0, 1993-08-12 00:00:00, 11.0, 24.0, 0.0
1.1, 1.1, 0.0, 1993-08-13 00:00:00, 11.5, 21.0, 0.0
2.1, 2.1, 0.0, 1993-08-14 00:00:00, 13.0, 18.5, 0.0
0.0, 0.0, 0.0, 1993-08-15 00:00:00, 12.5, 24.0, 0.0
0.0, 0.0, 0.0, 1993-08-16 00:00:00, 13.0, 23.0, 0.0
0.0, 0.0, 0.0, 1993-08-17 00:00:00, 15.0, 23.0, 0.0
0.0, 0.0, 0.0, 1993-08-18 00:00:00, 13.5, 25.5, 0.0
0.0, 0.0, 0.0, 1993-08-19 00:00:00, 12.5, 28.0, 0.0
1.4, 1.4, 0.0, 1993-08-20 00:00:00, 12.5, 26.0, 0.0
8.2, 8.2, 0.0, 1993-08-21 00:00:00, 14.0, 19.0, 0.0
10.8, 10.8, 0.0, 1993-08-22 00:00:00, 14.0, 16.0, 0.0
5.3, 5.3, 0.0, 1993-08-23 00:00:00, 12.0, 19.0, 0.0
1.1, 1.1, 0.0, 1993-08-24 00:00:00, 8.5, 18.0, 0.0
0.0, 0.0, 0.0, 1993-08-25 00:00:00, 8.0, 19.5, 0.0
0.0, 0.0, 0.0, 1993-08-26 00:00:00, 9.0, 19.0, 0.0
0.0, 0.0, 0.0, 1993-08-27 00:00:00, 11.0, 20.5, 0.0
0.0, 0.0, 0.0, 1993-08-28 00:00:00, 9.5, 21.5, 0.0
0.0, 0.0, 0.0, 1993-08-29 00:00:00, 9.0, 23.0, 0.0
0.0, 0.0, 0.0, 1993-08-30 00:00:00, 10.0, 25.5, 0.0
0.0, 0.0, 0.0, 1993-08-31 00:00:00, 11.0, 24.0, 0.0
0.0, 0.0, 0.0, 1993-09-01 00:00:00, 12.0, 23.5, 0.0
0.0, 0.0, 0.0, 1993-09-02 00:00:00, 13.5, 27.0, 0.0
0.0, 0.0, 0.0, 1993-09-03 00:00:00, 14.0, 27.0, 0.0
0.0, 0.0, 0.0, 1993-09-04 00:00:00, 13.5, 24.5, 0.0
0.0, 0.0, 0.0, 1993-09-05 00:00:00, 13.5, 22.5, 0.0
0.0, 0.0, 0.0, 1993-09-06 00:00:00, 13.0, 27.5, 0.0
0.0, 0.0, 0.0, 1993-09-07 00:00:00, 14.0, 27.5, 0.0
0.0, 0.0, 0.0, 1993-09-08 00:00:00, 13.5, 27.0, 0.0
0.0, 0.0, 0.0, 1993-09-09 00:00:00, 12.0, 27.5, 0.0
0.0, 0.0, 0.0, 1993-09-10 00:00:00, 13.0, 26.0, 0.0
0.0, 0.0, 0.0, 1993-09-11 00:00:00, 12.5, 21.5, 0.0
0.0, 0.0, 0.0, 1993-09-12 00:00:00, 7.5, 21.5, 0.0
0.0, 0.0, 0.0, 1993-09-13 00:00:00, 8.0, 21.0, 0.0
0.0, 0.0, 0.0, 1993-09-14 00:00:00, 9.0, 20.5, 0.0
0.0, 0.0, 0.0, 1993-09-15 00:00:00, 9.0, 20.5, 0.0
0.0, 0.0, 0.0, 1993-09-16 00:00:00, 8.5, 23.5, 0.0
0.0, 0.0, 0.0, 1993-09-17 00:00:00, 8.0, 22.0, 0.0
0.0, 0.0, 0.0, 1993-09-18 00:00:00, 7.0, 17.0, 0.0
0.4, 0.4, 0.0, 1993-09-19 00:00:00, 8.5, 16.0, 0.0
0.0, 0.0, 0.0, 1993-09-20 00:00:00, 5.5, 18.5, 0.0
0.0, 0.0, 0.0, 1993-09-21 00:00:00, 5.0, 17.0, 0.0
0.0, 0.0, 0.0, 1993-09-22 00:00:00, 6.0, 18.0, 0.0
0.0, 0.0, 0.0, 1993-09-23 00:00:00, 6.0, 19.0, 0.0
1.1, 1.1, 0.0, 1993-09-24 00:00:00, 8.0, 15.0, 0.0
0.0, 0.0, 0.0, 1993-09-25 00:00:00, 7.5, 17.0, 0.0
0.0, 0.0, 0.0, 1993-09-26 00:00:00, 8.5, 22.0, 0.0
0.0, 0.0, 0.0, 1993-09-27 00:00:00, 11.0, 22.5, 0.0
0.0, 0.0, 0.0, 1993-09-28 00:00:00, 11.0, 24.0, 0.0
0.0, 0.0, 0.0, 1993-09-29 00:00:00, 11.0, 22.0, 0.0
0.0, 0.0, 0.0, 1993-09-30 00:00:00, 10.0, 19.5, 0.0
0.0, 0.0, 0.0, 1993-10-01 00:00:00, 8.0, 20.5, 0.0
0.0, 0.0, 0.0, 1993-10-02 00:00:00, 9.0, 23.0, 0.0
0.0, 0.0, 0.0, 1993-10-03 00:00:00, 10.5, 23.0, 0.0
0.7, 0.7, 0.0, 1993-10-04 00:00:00, 9.5, 19.5, 0.0
2.7, 2.7, 0.0, 1993-10-05 00:00:00, 10.0, 14.5, 0.0
1.6, 1.6, 0.0, 1993-10-06 00:00:00, 9.0, 15.0, 0.0
0.0, 0.0, 0.0, 1993-10-07 00:00:00, 6.0, 16.0, 0.0
0.0, 0.0, 0.0, 1993-10-08 00:00:00, 5.5, 17.0, 0.0
0.0, 0.0, 0.0, 1993-10-09 00:00:00, 7.0, 19.5, 0.0
0.0, 0.0, 0.0, 1993-10-10 00:00:00, 5.5, 18.0, 0.0
0.8, 0.8, 0.0, 1993-10-11 00:00:00, 6.0, 18.5, 0.0
0.0, 0.0, 0.0, 1993-10-12 00:00:00, 8.0, 14.0, 0.0
0.5, 0.5, 0.0, 1993-10-13 00:00:00, 9.0, 15.0, 0.0
6.4, 6.4, 0.0, 1993-10-14 00:00:00, 11.0, 12.5, 0.0
0.0, 0.0, 0.0, 1993-10-15 00:00:00, 8.0, 13.0, 0.0
0.0, 0.0, 0.0, 1993-10-16 00:00:00, 6.5, 12.0, 0.0
0.0, 0.0, 0.0, 1993-10-17 00:00:00, 6.5, 12.0, 0.0
0.0, 0.0, 0.0, 1993-10-18 00:00:00, 8.5, 14.0, 0.0
0.0, 0.0, 0.0, 1993-10-19 00:00:00, 4.0, 12.5, 0.0
0.5, 0.5, 0.0, 1993-10-20 00:00:00, 5.0, 11.0, 0.0
24.9, 24.9, 0.0, 1993-10-21 00:00:00, 6.0, 14.0, 0.0
1.2, 1.2, 0.0, 1993-10-22 00:00:00, 10.0, 12.0, 0.0
22.8, 22.8, 0.0, 1993-10-23 00:00:00, 10.0, 13.0, 0.0
0.0, 0.0, 0.0, 1993-10-24 00:00:00, 6.0, 13.0, 0.0
0.0, 0.0, 0.0, 1993-10-25 00:00:00, 6.0, 13.0, 0.0
0.0, 0.0, 0.0, 1993-10-26 00:00:00, 5.0, 12.0, 0.0
0.6, 0.6, 0.0, 1993-10-27 00:00:00, 4.5, 9.0, 0.0
0.5, 0.5, 0.0, 1993-10-28 00:00:00, 8.0, 12.0, 0.0
0.4, 0.4, 0.0, 1993-10-29 00:00:00, 9.5, 11.5, 0.0
1.0, 1.0, 0.0, 1993-10-30 00:00:00, 8.5, 10.0, 0.0
0.0, 0.0, 0.0, 1993-10-31 00:00:00, 4.5, 10.5, 0.0
0.0, 0.0, 0.0, 1993-11-01 00:00:00, 2.0, 11.0, 0.0
14.3, 14.3, 0.0, 1993-11-02 00:00:00, 8.5, 11.5, 0.0
0.0, 0.0, 0.0, 1993-11-03 00:00:00, 5.5, 15.0, 0.0
0.0, 0.0, 0.0, 1993-11-04 00:00:00, 2.0, 8.5, 0.0
0.8, 0.8, 0.0, 1993-11-05 00:00:00, 4.0, 9.0, 0.0
0.0, 0.0, 0.0, 1993-11-06 00:00:00, 4.0, 10.0, 0.0
0.0, 0.0, 0.0, 1993-11-07 00:00:00, 4.5, 9.5, 0.0
0.0, 0.0, 0.0, 1993-11-08 00:00:00, 5.5, 8.5, 0.0
0.2, 0.2, 0.0, 1993-11-09 00:00:00, 3.0, 8.0, 0.0
0.0, 0.0, 0.0, 1993-11-10 00:00:00, 1.0, 8.0, 0.0
0.0, 0.0, 0.0, 1993-11-11 00:00:00, 2.0, 8.5, 0.0
0.0, 0.0, 0.0, 1993-11-12 00:00:00, 3.5, 8.5, 0.0
0.0, 0.0, 0.0, 1993-11-13 00:00:00, 2.5, 9.0, 0.0
15.4, 15.4, 0.0, 1993-11-14 00:00:00, 2.5, 9.0, 0.0
0.4, 0.4, 0.0, 1993-11-15 00:00:00, 4.5, 7.0, 0.0
0.9, 0.9, 0.0, 1993-11-16 00:00:00, 0.0, 8.0, 0.0
0.0, 0.0, 0.0, 1993-11-17 00:00:00, 1.0, 6.5, 0.0
0.0, 0.0, 0.0, 1993-11-18 00:00:00, -0.5, 6.0, 0.0
0.0, 0.0, 0.0, 1993-11-19 00:00:00, 2.5, 11.0, 0.0
3.1, 3.1, 0.0, 1993-11-20 00:00:00, 7.0, 12.0, 0.0
0.4, 0.4, 0.0, 1993-11-21 00:00:00, 1.0, 4.0, 0.0
0.0, 0.0, 0.0, 1993-11-22 00:00:00, -5.0, -2.0, 0.0
0.0, 0.0, 0.0, 1993-11-23 00:00:00, -6.5, -0.5, 0.0
0.0, 0.0, 0.0, 1993-11-24 00:00:00, -6.0, 2.0, 0.0
0.0, 0.0, 0.0, 1993-11-25 00:00:00, -4.0, 2.0, 0.0
9.3, 9.3, 0.0, 1993-11-26 00:00:00, -3.0, 4.5, 0.0
7.8, 7.8, 0.0, 1993-11-27 00:00:00, 1.0, 5.5, 0.0
23.1, 23.1, 0.0, 1993-11-28 00:00:00, 3.5, 8.5, 0.0
6.6, 6.6, 0.0, 1993-11-29 00:00:00, 5.5, 9.5, 0.0
7.5, 7.5, 0.0, 1993-11-30 00:00:00, 1.5, 6.5, 0.0
10.6, 10.6, 0.0, 1993-12-01 00:00:00, 5.0, 8.0, 0.0
21.7, 21.7, 0.0, 1993-12-02 00:00:00, 2.0, 10.5, 0.0
38.0, 38.0, 0.0, 1993-12-03 00:00:00, 6.0, 11.0, 0.0
0.0, 0.0, 0.0, 1993-12-04 00:00:00, 0.5, 6.0, 0.0
0.0, 0.0, 0.0, 1993-12-05 00:00:00, -1.5, 4.5, 0.0
12.8, 12.8, 0.0, 1993-12-06 00:00:00, -1.0, 4.0, 0.0
4.1, 4.1, 0.0, 1993-12-07 00:00:00, 1.0, 7.5, 0.0
25.8, 25.8, 0.0, 1993-12-08 00:00:00, 4.0, 6.5, 0.0
57.4, 57.4, 0.0, 1993-12-09 00:00:00, 2.0, 9.0, 0.0
13.1, 13.1, 0.0, 1993-12-10 00:00:00, 6.0, 9.0, 0.0
8.2, 8.2, 0.0, 1993-12-11 00:00:00, 4.5, 5.5, 0.0
68.0, 68.0, 0.0, 1993-12-12 00:00:00, -0.5, 7.0, 0.0
7.4, 7.4, 0.0, 1993-12-13 00:00:00, 4.5, 8.0, 0.0
0.4, 0.4, 0.0, 1993-12-14 00:00:00, 5.0, 7.0, 0.0
0.0, 0.0, 0.0, 1993-12-15 00:00:00, 5.5, 7.0, 0.0
0.0, 0.0, 0.0, 1993-12-16 00:00:00, 2.0, 5.5, 0.0
0.0, 0.0, 0.0, 1993-12-17 00:00:00, 1.0, 5.0, 0.0
0.5, 0.5, 0.0, 1993-12-18 00:00:00, 2.5, 5.5, 0.0
0.0, 0.0, 0.0, 1993-12-19 00:00:00, 4.0, 6.5, 0.0
0.0, 0.0, 0.0, 1993-12-20 00:00:00, 4.5, 7.5, 0.0
0.0, 0.0, 0.0, 1993-12-21 00:00:00, 3.5, 6.0, 0.0
0.0, 0.0, 0.0, 1993-12-22 00:00:00, 0.5, 6.0, 0.0
0.0, 0.0, 0.0, 1993-12-23 00:00:00, 3.0, 6.5, 0.0
0.0, 0.0, 0.0, 1993-12-24 00:00:00, 2.5, 5.5, 0.0
0.0, 0.0, 0.0, 1993-12-25 00:00:00, 1.5, 4.0, 0.0
0.0, 0.0, 0.0, 1993-12-26 00:00:00, 1.0, 4.5, 0.0
0.4, 0.4, 0.0, 1993-12-27 00:00:00, -1.0, 4.5, 0.0
0.0, 0.0, 0.0, 1993-12-28 00:00:00, 2.0, 5.5, 0.0
18.2, 18.2, 0.0, 1993-12-29 00:00:00, 3.5, 7.0, 0.0
1.3, 1.3, 0.0, 1993-12-30 00:00:00, 5.0, 7.5, 0.0
28.4, 28.4, 0.0, 1993-12-31 00:00:00, 3.0, 8.0, 0.0
13.1, 13.1, 0.0, 1994-01-01 00:00:00, 4.5, 8.0, 0.0
4.7, 4.7, 0.0, 1994-01-02 00:00:00, 6.0, 9.5, 0.0
61.9, 61.9, 0.0, 1994-01-03 00:00:00, 3.0, 8.0, 0.0
1.2, 1.2, 0.0, 1994-01-04 00:00:00, 6.0, 8.5, 0.0
0.0, 0.0, 0.0, 1994-01-05 00:00:00, 1.5, 5.5, 0.0
0.0, 0.0, 0.0, 1994-01-06 00:00:00, -0.5, 6.0, 0.0
10.8, 10.8, 0.0, 1994-01-07 00:00:00, 2.0, 7.0, 0.0
1.0, 1.0, 0.0, 1994-01-08 00:00:00, 4.0, 7.0, 0.0
2.8, 2.8, 0.0, 1994-01-09 00:00:00, 5.0, 8.0, 0.0
11.5, 11.5, 0.0, 1994-01-10 00:00:00, 3.0, 7.5, 0.0
0.5, 0.5, 0.0, 1994-01-11 00:00:00, 3.5, 8.0, 0.0
0.8, 0.8, 0.0, 1994-01-12 00:00:00, 7.0, 9.0, 0.0
0.7, 0.7, 0.0, 1994-01-13 00:00:00, 7.5, 9.5, 0.0
0.0, 0.0, 0.0, 1994-01-14 00:00:00, 7.5, 9.0, 0.0
0.0, 0.0, 0.0, 1994-01-15 00:00:00, 5.0, 9.0, 0.0
0.6, 0.6, 0.0, 1994-01-16 00:00:00, 4.0, 8.0, 0.0
0.0, 0.0, 0.0, 1994-01-17 00:00:00, 2.5, 7.5, 0.0
0.6, 0.6, 0.0, 1994-01-18 00:00:00, 4.5, 7.0, 0.0
0.0, 0.0, 0.0, 1994-01-19 00:00:00, 5.5, 7.0, 0.0
4.0, 4.0, 0.0, 1994-01-20 00:00:00, 4.5, 8.0, 0.0
19.3, 19.3, 0.0, 1994-01-21 00:00:00, 3.0, 8.5, 0.0
30.8, 30.8, 0.0, 1994-01-22 00:00:00, 6.0, 9.0, 0.0
7.6, 7.6, 0.0, 1994-01-23 00:00:00, 8.0, 9.0, 0.0
1.8, 1.8, 0.0, 1994-01-24 00:00:00, 6.0, 8.5, 0.0
0.0, 0.0, 0.0, 1994-01-25 00:00:00, 3.0, 7.0, 0.0
0.0, 0.0, 0.0, 1994-01-26 00:00:00, 4.0, 8.0, 0.0
0.0, 0.0, 0.0, 1994-01-27 00:00:00, 2.0, 7.0, 0.0
0.0, 0.0, 0.0, 1994-01-28 00:00:00, 0.0, 6.0, 0.0
0.0, 0.0, 0.0, 1994-01-29 00:00:00, 0.0, 4.5, 0.0
0.0, 0.0, 0.0, 1994-01-30 00:00:00, 0.0, 3.0, 0.0
0.0, 0.0, 0.0, 1994-01-31 00:00:00, -2.5, 2.5, 0.0
0.0, 0.0, 0.0, 1994-02-01 00:00:00, -3.0, 1.5, 0.0
0.0, 0.0, 0.0, 1994-02-02 00:00:00, -1.5, 1.0, 0.0
0.0, 0.0, 0.0, 1994-02-03 00:00:00, -0.5, 2.0, 0.0
0.0, 0.0, 0.0, 1994-02-04 00:00:00, 0.0, 3.0, 0.0
0.0, 0.0, 0.0, 1994-02-05 00:00:00, -2.0, 1.0, 0.0
0.0, 0.0, 0.0, 1994-02-06 00:00:00, -0.5, 3.0, 0.0
0.0, 0.0, 0.0, 1994-02-07 00:00:00, -1.5, 2.0, 0.0
8.0, 0.0, 8.0, 1994-02-08 00:00:00, -3.0, 1.0, 0.0
0.0, 0.0, 0.0, 1994-02-09 00:00:00, -1.5, 3.0, None
0.0, 0.0, 0.0, 1994-02-10 00:00:00, -1.5, 5.5, None
18.3, 18.3, 0.0, 1994-02-11 00:00:00, -1.5, 6.0, None
34.4, 34.4, 0.0, 1994-02-12 00:00:00, 3.5, 6.0, None
3.3, 3.3, 0.0, 1994-02-13 00:00:00, 1.5, 6.0, 0.0
49.6, 49.6, 0.0, 1994-02-14 00:00:00, -0.5, 6.0, 0.0
41.4, 41.4, 0.0, 1994-02-15 00:00:00, 4.5, 9.0, 0.0
12.2, 12.2, 0.0, 1994-02-16 00:00:00, 1.5, 8.0, 0.0
1.0, 1.0, 0.0, 1994-02-17 00:00:00, 4.0, 7.0, 0.0
0.9, 0.9, 0.0, 1994-02-18 00:00:00, 0.5, 7.5, 0.0
5.7, 5.7, 0.0, 1994-02-19 00:00:00, -1.0, 7.0, 0.0
5.2, 5.2, 0.0, 1994-02-20 00:00:00, 2.0, 6.0, 0.0
0.8, 0.8, 0.0, 1994-02-21 00:00:00, 2.0, 8.5, 0.0
0.4, 0.4, 0.0, 1994-02-22 00:00:00, -1.5, 6.5, 0.0
0.0, 0.0, 0.0, 1994-02-23 00:00:00, -1.0, 5.0, 0.0
7.4, 0.0, 7.4, 1994-02-24 00:00:00, -2.5, 2.0, 0.0
8.2, 5.2, 3.0, 1994-02-25 00:00:00, -2.0, 1.5, None
5.9, 5.9, 0.0, 1994-02-26 00:00:00, 0.0, 6.0, None
21.5, 21.5, 0.0, 1994-02-27 00:00:00, 1.5, 9.5, None
50.9, 50.9, 0.0, 1994-02-28 00:00:00, 6.5, 13.0, 0.0
44.6, 44.6, 0.0, 1994-03-01 00:00:00, 8.0, 13.5, 0.0
4.0, 4.0, 0.0, 1994-03-02 00:00:00, 8.5, 13.0, 0.0
12.8, 12.8, 0.0, 1994-03-03 00:00:00, 4.0, 9.0, 0.0
0.6, 0.6, 0.0, 1994-03-04 00:00:00, 4.0, 12.0, 0.0
0.0, 0.0, 0.0, 1994-03-05 00:00:00, -1.0, 8.5, 0.0
0.0, 0.0, 0.0, 1994-03-06 00:00:00, -1.5, 8.0, 0.0
0.0, 0.0, 0.0, 1994-03-07 00:00:00, 0.5, 10.5, 0.0
0.0, 0.0, 0.0, 1994-03-08 00:00:00, 1.0, 10.5, 0.0
2.7, 2.7, 0.0, 1994-03-09 00:00:00, 2.0, 9.0, 0.0
0.6, 0.6, 0.0, 1994-03-10 00:00:00, 4.0, 9.0, 0.0
0.7, 0.7, 0.0, 1994-03-11 00:00:00, 2.0, 10.0, 0.0
0.5, 0.5, 0.0, 1994-03-12 00:00:00, 5.0, 9.0, 0.0
1.7, 1.7, 0.0, 1994-03-13 00:00:00, 4.5, 9.0, 0.0
0.8, 0.8, 0.0, 1994-03-14 00:00:00, 1.0, 11.0, 0.0
2.2, 2.2, 0.0, 1994-03-15 00:00:00, 3.0, 10.5, 0.0
7.7, 7.7, 0.0, 1994-03-16 00:00:00, 2.5, 9.0, 0.0
10.7, 10.7, 0.0, 1994-03-17 00:00:00, 1.5, 6.5, 0.0
1.0, 1.0, 0.0, 1994-03-18 00:00:00, 0.0, 8.0, 0.0
5.2, 5.2, 0.0, 1994-03-19 00:00:00, -1.0, 9.0, 0.0
29.0, 29.0, 0.0, 1994-03-20 00:00:00, 3.5, 6.0, 0.0
0.8, 0.8, 0.0, 1994-03-21 00:00:00, 3.0, 7.5, 0.0
1.0, 0.0, 1.0, 1994-03-22 00:00:00, -1.5, 7.0, None
0.0, 0.0, 0.0, 1994-03-23 00:00:00, -1.5, 9.0, None
0.0, 0.0, 0.0, 1994-03-24 00:00:00, 0.5, 12.0, None
0.0, 0.0, 0.0, 1994-03-25 00:00:00, 1.0, 14.5, None
0.0, 0.0, 0.0, 1994-03-26 00:00:00, 3.5, 17.0, None
0.0, 0.0, 0.0, 1994-03-27 00:00:00, 4.5, 18.0, 0.0
0.0, 0.0, 0.0, 1994-03-28 00:00:00, 4.5, 19.0, 0.0
0.0, 0.0, 0.0, 1994-03-29 00:00:00, 5.0, 18.0, 0.0
0.0, 0.0, 0.0, 1994-03-30 00:00:00, 6.5, 16.0, 0.0
0.0, 0.0, 0.0, 1994-03-31 00:00:00, 6.0, 15.5, 0.0
2.0, 2.0, 0.0, 1994-04-01 00:00:00, 7.0, 13.5, 0.0
15.6, 15.6, 0.0, 1994-04-02 00:00:00, 8.0, 14.5, 0.0
0.8, 0.8, 0.0, 1994-04-03 00:00:00, 6.0, 13.0, 0.0
0.8, 0.8, 0.0, 1994-04-04 00:00:00, 3.0, 11.5, 0.0
11.4, 11.4, 0.0, 1994-04-05 00:00:00, 4.0, 11.5, 0.0
12.4, 12.4, 0.0, 1994-04-06 00:00:00, 5.0, 9.5, 0.0
8.5, 8.5, 0.0, 1994-04-07 00:00:00, 4.0, 12.0, 0.0
12.0, 12.0, 0.0, 1994-04-08 00:00:00, 6.0, 8.5, 0.0
0.7, 0.7, 0.0, 1994-04-09 00:00:00, 6.0, 13.0, 0.0
0.0, 0.0, 0.0, 1994-04-10 00:00:00, 3.0, 12.0, 0.0
7.0, 7.0, 0.0, 1994-04-11 00:00:00, 8.0, 11.5, 0.0
0.0, 0.0, 0.0, 1994-04-12 00:00:00, 3.5, 12.0, 0.0
0.0, 0.0, 0.0, 1994-04-13 00:00:00, 4.0, 12.0, 0.0
0.8, 0.8, 0.0, 1994-04-14 00:00:00, 1.5, 9.0, 0.0
0.0, 0.0, 0.0, 1994-04-15 00:00:00, 7.5, 13.5, 0.0
0.0, 0.0, 0.0, 1994-04-16 00:00:00, 5.0, 17.0, 0.0
0.0, 0.0, 0.0, 1994-04-17 00:00:00, 7.5, 19.5, 0.0
2.0, 2.0, 0.0, 1994-04-18 00:00:00, 9.0, 19.0, 0.0
0.0, 0.0, 0.0, 1994-04-19 00:00:00, 7.5, 15.0, 0.0
0.0, 0.0, 0.0, 1994-04-20 00:00:00, 5.5, 19.0, 0.0
1.2, 1.2, 0.0, 1994-04-21 00:00:00, 9.0, 16.0, 0.0
0.7, 0.7, 0.0, 1994-04-22 00:00:00, 3.5, 15.5, 0.0
4.2, 4.2, 0.0, 1994-04-23 00:00:00, 4.5, 16.0, 0.0
0.8, 0.8, 0.0, 1994-04-24 00:00:00, 7.5, 14.0, 0.0
0.0, 0.0, 0.0, 1994-04-25 00:00:00, 3.5, 15.5, 0.0
0.0, 0.0, 0.0, 1994-04-26 00:00:00, 7.0, 16.5, 0.0
0.0, 0.0, 0.0, 1994-04-27 00:00:00, 6.0, 19.0, 0.0
0.0, 0.0, 0.0, 1994-04-28 00:00:00, 8.0, 17.0, 0.0
0.4, 0.4, 0.0, 1994-04-29 00:00:00, 9.0, 15.0, 0.0
0.4, 0.4, 0.0, 1994-04-30 00:00:00, 6.0, 15.5, 0.0
0.0, 0.0, 0.0, 1994-05-01 00:00:00, 4.0, 13.5, 0.0
0.0, 0.0, 0.0, 1994-05-02 00:00:00, 2.5, 15.5, 0.0
15.1, 15.1, 0.0, 1994-05-03 00:00:00, 4.0, 16.5, 0.0
0.8, 0.8, 0.0, 1994-05-04 00:00:00, 7.0, 15.0, 0.0
0.0, 0.0, 0.0, 1994-05-05 00:00:00, 7.0, 20.5, 0.0
0.0, 0.0, 0.0, 1994-05-06 00:00:00, 9.0, 24.0, 0.0
0.0, 0.0, 0.0, 1994-05-07 00:00:00, 9.0, 23.0, 0.0
0.0, 0.0, 0.0, 1994-05-08 00:00:00, 9.0, 22.0, 0.0
0.4, 0.4, 0.0, 1994-05-09 00:00:00, 11.5, 19.0, 0.0
0.0, 0.0, 0.0, 1994-05-10 00:00:00, 11.0, 17.5, 0.0
0.0, 0.0, 0.0, 1994-05-11 00:00:00, 9.0, 21.5, 0.0
1.0, 1.0, 0.0, 1994-05-12 00:00:00, 6.5, 16.0, 0.0
0.0, 0.0, 0.0, 1994-05-13 00:00:00, 7.5, 16.5, 0.0
1.6, 1.6, 0.0, 1994-05-14 00:00:00, 8.0, 17.0, 0.0
6.1, 6.1, 0.0, 1994-05-15 00:00:00, 6.5, 18.0, 0.0
0.6, 0.6, 0.0, 1994-05-16 00:00:00, 8.5, 17.0, 0.0
0.0, 0.0, 0.0, 1994-05-17 00:00:00, 7.5, 19.5, 0.0
0.0, 0.0, 0.0, 1994-05-18 00:00:00, 8.5, 24.0, 0.0
0.0, 0.0, 0.0, 1994-05-19 00:00:00, 10.5, 27.0, 0.0
0.0, 0.0, 0.0, 1994-05-20 00:00:00, 10.5, 20.0, 0.0
1.1, 1.1, 0.0, 1994-05-21 00:00:00, 9.5, 19.0, 0.0
0.0, 0.0, 0.0, 1994-05-22 00:00:00, 9.0, 20.0, 0.0
0.0, 0.0, 0.0, 1994-05-23 00:00:00, 8.5, 21.0, 0.0
0.0, 0.0, 0.0, 1994-05-24 00:00:00, 12.5, 21.0, 0.0
0.0, 0.0, 0.0, 1994-05-25 00:00:00, 13.0, 21.0, 0.0
0.0, 0.0, 0.0, 1994-05-26 00:00:00, 8.5, 18.5, 0.0
0.0, 0.0, 0.0, 1994-05-27 00:00:00, 5.0, 17.5, 0.0
16.9, 16.9, 0.0, 1994-05-28 00:00:00, 8.5, 10.5, 0.0
0.8, 0.8, 0.0, 1994-05-29 00:00:00, 7.0, 15.0, 0.0
0.5, 0.5, 0.0, 1994-05-30 00:00:00, 5.5, 17.0, 0.0
0.0, 0.0, 0.0, 1994-05-31 00:00:00, 8.0, 16.0, 0.0
0.0, 0.0, 0.0, 1994-06-01 00:00:00, 8.0, 19.0, 0.0
0.0, 0.0, 0.0, 1994-06-02 00:00:00, 7.0, 20.0, 0.0
8.8, 8.8, 0.0, 1994-06-03 00:00:00, 8.5, 19.0, 0.0
0.0, 0.0, 0.0, 1994-06-04 00:00:00, 9.5, 19.0, 0.0
1.9, 1.9, 0.0, 1994-06-05 00:00:00, 8.0, 16.0, 0.0
7.9, 7.9, 0.0, 1994-06-06 00:00:00, 9.0, 18.0, 0.0
2.7, 2.7, 0.0, 1994-06-07 00:00:00, 9.0, 17.0, 0.0
0.0, 0.0, 0.0, 1994-06-08 00:00:00, 8.5, 18.0, 0.0
0.0, 0.0, 0.0, 1994-06-09 00:00:00, 10.0, 21.0, 0.0
10.6, 10.6, 0.0, 1994-06-10 00:00:00, 11.5, 19.0, 0.0
0.7, 0.7, 0.0, 1994-06-11 00:00:00, 11.0, 18.5, 0.0
16.0, 16.0, 0.0, 1994-06-12 00:00:00, 9.0, 15.0, 0.0
1.7, 1.7, 0.0, 1994-06-13 00:00:00, 9.0, 15.0, 0.0
0.0, 0.0, 0.0, 1994-06-14 00:00:00, 10.0, 16.0, 0.0
0.0, 0.0, 0.0, 1994-06-15 00:00:00, 8.5, 18.5, 0.0
0.0, 0.0, 0.0, 1994-06-16 00:00:00, 9.5, 19.5, 0.0
2.3, 2.3, 0.0, 1994-06-17 00:00:00, 10.0, 18.0, 0.0
4.8, 4.8, 0.0, 1994-06-18 00:00:00, 9.5, 17.0, 0.0
0.0, 0.0, 0.0, 1994-06-19 00:00:00, 8.5, 20.5, 0.0
0.0, 0.0, 0.0, 1994-06-20 00:00:00, 11.5, 25.0, 0.0
0.0, 0.0, 0.0, 1994-06-21 00:00:00, 11.0, 25.5, 0.0
0.0, 0.0, 0.0, 1994-06-22 00:00:00, 11.0, 26.0, 0.0
11.3, 11.3, 0.0, 1994-06-23 00:00:00, 12.5, 21.5, 0.0
0.7, 0.7, 0.0, 1994-06-24 00:00:00, 11.5, 16.0, 0.0
0.0, 0.0, 0.0, 1994-06-25 00:00:00, 10.5, 22.0, 0.0
0.0, 0.0, 0.0, 1994-06-26 00:00:00, 11.0, 21.5, 0.0
0.0, 0.0, 0.0, 1994-06-27 00:00:00, 13.0, 24.0, 0.0
0.0, 0.0, 0.0, 1994-06-28 00:00:00, 10.5, 24.5, 0.0
0.4, 0.4, 0.0, 1994-06-29 00:00:00, 11.5, 22.0, 0.0
4.0, 4.0, 0.0, 1994-06-30 00:00:00, 12.5, 18.0, 0.0
8.8, 8.8, 0.0, 1994-07-01 00:00:00, 12.5, 22.0, 0.0
0.8, 0.8, 0.0, 1994-07-02 00:00:00, 9.5, 18.5, 0.0
0.0, 0.0, 0.0, 1994-07-03 00:00:00, 10.0, 19.5, 0.0
5.9, 5.9, 0.0, 1994-07-04 00:00:00, 12.0, 16.0, 0.0
0.0, 0.0, 0.0, 1994-07-05 00:00:00, 9.5, 24.0, 0.0
0.0, 0.0, 0.0, 1994-07-06 00:00:00, 11.0, 24.0, 0.0
0.0, 0.0, 0.0, 1994-07-07 00:00:00, 12.5, 25.0, 0.0
0.0, 0.0, 0.0, 1994-07-08 00:00:00, 12.0, 23.0, 0.0
0.0, 0.0, 0.0, 1994-07-09 00:00:00, 9.5, 24.0, 0.0
0.0, 0.0, 0.0, 1994-07-10 00:00:00, 9.5, 23.0, 0.0
0.0, 0.0, 0.0, 1994-07-11 00:00:00, 9.0, 25.0, 0.0
0.0, 0.0, 0.0, 1994-07-12 00:00:00, 10.0, 27.0, 0.0
0.0, 0.0, 0.0, 1994-07-13 00:00:00, 12.0, 25.0, 0.0
0.0, 0.0, 0.0, 1994-07-14 00:00:00, 12.0, 26.0, 0.0
0.0, 0.0, 0.0, 1994-07-15 00:00:00, 12.0, 26.5, 0.0
0.0, 0.0, 0.0, 1994-07-16 00:00:00, 13.5, 27.0, 0.0
0.6, 0.6, 0.0, 1994-07-17 00:00:00, 14.0, 19.0, 0.0
0.0, 0.0, 0.0, 1994-07-18 00:00:00, 14.5, 26.0, 0.0
0.0, 0.0, 0.0, 1994-07-19 00:00:00, 13.5, 29.5, 0.0
0.0, 0.0, 0.0, 1994-07-20 00:00:00, 16.0, 32.0, 0.0
0.0, 0.0, 0.0, 1994-07-21 00:00:00, 17.0, 32.5, 0.0
0.0, 0.0, 0.0, 1994-07-22 00:00:00, 17.0, 34.0, 0.0
0.0, 0.0, 0.0, 1994-07-23 00:00:00, 17.0, 30.0, 0.0
0.0, 0.0, 0.0, 1994-07-24 00:00:00, 16.5, 32.0, 0.0
0.0, 0.0, 0.0, 1994-07-25 00:00:00, 16.5, 23.0, 0.0
0.0, 0.0, 0.0, 1994-07-26 00:00:00, 14.0, 27.0, 0.0
0.0, 0.0, 0.0, 1994-07-27 00:00:00, 14.0, 29.0, 0.0
0.0, 0.0, 0.0, 1994-07-28 00:00:00, 14.0, 28.0, 0.0
0.0, 0.0, 0.0, 1994-07-29 00:00:00, 14.0, 25.5, 0.0
0.0, 0.0, 0.0, 1994-07-30 00:00:00, 13.0, 25.0, 0.0
0.0, 0.0, 0.0, 1994-07-31 00:00:00, 13.0, 23.5, 0.0
0.0, 0.0, 0.0, 1994-08-01 00:00:00, 13.0, 28.0, 0.0
0.0, 0.0, 0.0, 1994-08-02 00:00:00, 14.5, 30.0, 0.0
0.0, 0.0, 0.0, 1994-08-03 00:00:00, 17.0, 25.0, 0.0
0.0, 0.0, 0.0, 1994-08-04 00:00:00, 14.0, 25.5, 0.0
0.0, 0.0, 0.0, 1994-08-05 00:00:00, 15.5, 25.0, 0.0
0.0, 0.0, 0.0, 1994-08-06 00:00:00, 12.0, 24.0, 0.0
27.6, 27.6, 0.0, 1994-08-07 00:00:00, 11.0, 26.0, 0.0
7.0, 7.0, 0.0, 1994-08-08 00:00:00, 14.0, 17.0, 0.0
0.5, 0.5, 0.0, 1994-08-09 00:00:00, 13.5, 18.0, 0.0
0.0, 0.0, 0.0, 1994-08-10 00:00:00, 12.5, 23.5, 0.0
0.0, 0.0, 0.0, 1994-08-11 00:00:00, 13.5, 27.0, 0.0
0.0, 0.0, 0.0, 1994-08-12 00:00:00, 14.5, 27.0, 0.0
0.0, 0.0, 0.0, 1994-08-13 00:00:00, 15.0, 26.0, 0.0
0.0, 0.0, 0.0, 1994-08-14 00:00:00, 13.5, 24.0, 0.0
0.0, 0.0, 0.0, 1994-08-15 00:00:00, 14.0, 24.5, 0.0
0.7, 0.7, 0.0, 1994-08-16 00:00:00, 13.0, 23.0, 0.0
0.0, 0.0, 0.0, 1994-08-17 00:00:00, 12.5, 24.0, 0.0
0.0, 0.0, 0.0, 1994-08-18 00:00:00, 13.5, 27.0, 0.0
0.0, 0.0, 0.0, 1994-08-19 00:00:00, 12.5, 24.5, 0.0
0.0, 0.0, 0.0, 1994-08-20 00:00:00, 13.5, 24.5, 0.0
0.0, 0.0, 0.0, 1994-08-21 00:00:00, 12.5, 23.0, 0.0
0.0, 0.0, 0.0, 1994-08-22 00:00:00, 13.5, 21.5, 0.0
0.0, 0.0, 0.0, 1994-08-23 00:00:00, 12.5, 23.0, 0.0
0.0, 0.0, 0.0, 1994-08-24 00:00:00, 12.5, 21.5, 0.0
0.0, 0.0, 0.0, 1994-08-25 00:00:00, 10.0, 24.0, 0.0
0.0, 0.0, 0.0, 1994-08-26 00:00:00, 11.0, 25.5, 0.0
0.7, 0.7, 0.0, 1994-08-27 00:00:00, 11.5, 28.0, 0.0
0.0, 0.0, 0.0, 1994-08-28 00:00:00, 14.0, 22.0, 0.0
0.0, 0.0, 0.0, 1994-08-29 00:00:00, 15.0, 24.0, 0.0
0.0, 0.0, 0.0, 1994-08-30 00:00:00, 12.0, 25.0, 0.0
0.0, 0.0, 0.0, 1994-08-31 00:00:00, 11.0, 23.5, 0.0
0.0, 0.0, 0.0, 1994-09-01 00:00:00, 9.0, 21.0, 0.0
11.4, 11.4, 0.0, 1994-09-02 00:00:00, 8.5, 19.5, 0.0
1.1, 1.1, 0.0, 1994-09-03 00:00:00, 11.0, 18.5, 0.0
0.0, 0.0, 0.0, 1994-09-04 00:00:00, 9.5, 20.0, 0.0
0.0, 0.0, 0.0, 1994-09-05 00:00:00, 10.0, 23.0, 0.0
2.3, 2.3, 0.0, 1994-09-06 00:00:00, 11.0, 24.0, 0.0
16.9, 16.9, 0.0, 1994-09-07 00:00:00, 13.5, 16.0, 0.0
5.2, 5.2, 0.0, 1994-09-08 00:00:00, 11.0, 18.0, 0.0
0.6, 0.6, 0.0, 1994-09-09 00:00:00, 9.0, 15.5, 0.0
0.0, 0.0, 0.0, 1994-09-10 00:00:00, 10.0, 18.0, 0.0
0.0, 0.0, 0.0, 1994-09-11 00:00:00, 8.0, 18.5, 0.0
0.0, 0.0, 0.0, 1994-09-12 00:00:00, 8.0, 18.5, 0.0
0.0, 0.0, 0.0, 1994-09-13 00:00:00, 10.5, 19.5, 0.0
0.0, 0.0, 0.0, 1994-09-14 00:00:00, 11.0, 19.5, 0.0
0.0, 0.0, 0.0, 1994-09-15 00:00:00, 13.5, 19.5, 0.0
0.0, 0.0, 0.0, 1994-09-16 00:00:00, 12.0, 23.0, 0.0
0.0, 0.0, 0.0, 1994-09-17 00:00:00, 13.0, 24.0, 0.0
0.0, 0.0, 0.0, 1994-09-18 00:00:00, 12.5, 24.0, 0.0
0.0, 0.0, 0.0, 1994-09-19 00:00:00, 12.5, 25.0, 0.0
0.0, 0.0, 0.0, 1994-09-20 00:00:00, 14.0, 23.0, 0.0
0.0, 0.0, 0.0, 1994-09-21 00:00:00, 11.0, 25.0, 0.0
0.0, 0.0, 0.0, 1994-09-22 00:00:00, 12.0, 25.5, 0.0
0.0, 0.0, 0.0, 1994-09-23 00:00:00, 12.0, 24.0, 0.0
0.0, 0.0, 0.0, 1994-09-24 00:00:00, 12.0, 26.0, 0.0
0.0, 0.0, 0.0, 1994-09-25 00:00:00, 11.5, 22.5, 0.0
0.0, 0.0, 0.0, 1994-09-26 00:00:00, 9.0, 21.0, 0.0
0.0, 0.0, 0.0, 1994-09-27 00:00:00, 10.0, 24.5, 0.0
0.0, 0.0, 0.0, 1994-09-28 00:00:00, 10.5, 21.5, 0.0
0.0, 0.0, 0.0, 1994-09-29 00:00:00, 11.0, 21.0, 0.0
1.8, 1.8, 0.0, 1994-09-30 00:00:00, 15.0, 19.5, 0.0
0.0, 0.0, 0.0, 1994-10-01 00:00:00, 10.0, 18.0, 0.0
0.0, 0.0, 0.0, 1994-10-02 00:00:00, 5.5, 19.0, 0.0
0.0, 0.0, 0.0, 1994-10-03 00:00:00, 5.5, 19.0, 0.0
0.0, 0.0, 0.0, 1994-10-04 00:00:00, 6.0, 19.5, 0.0
0.0, 0.0, 0.0, 1994-10-05 00:00:00, 8.5, 17.0, 0.0
0.0, 0.0, 0.0, 1994-10-06 00:00:00, 6.0, 16.0, 0.0
0.0, 0.0, 0.0, 1994-10-07 00:00:00, 6.0, 16.5, 0.0
0.0, 0.0, 0.0, 1994-10-08 00:00:00, 7.5, 16.0, 0.0
10.9, 10.9, 0.0, 1994-10-09 00:00:00, 9.0, 12.5, 0.0
0.0, 0.0, 0.0, 1994-10-10 00:00:00, 5.0, 13.5, 0.0
0.0, 0.0, 0.0, 1994-10-11 00:00:00, 4.0, 14.0, 0.0
0.0, 0.0, 0.0, 1994-10-12 00:00:00, 5.5, 14.0, 0.0
15.0, 15.0, 0.0, 1994-10-13 00:00:00, 5.5, 10.0, 0.0
0.0, 0.0, 0.0, 1994-10-14 00:00:00, 4.5, 12.0, 0.0
0.0, 0.0, 0.0, 1994-10-15 00:00:00, 4.0, 14.0, 0.0
1.1, 1.1, 0.0, 1994-10-16 00:00:00, 4.5, 11.0, 0.0
2.4, 2.4, 0.0, 1994-10-17 00:00:00, 8.5, 12.5, 0.0
0.7, 0.7, 0.0, 1994-10-18 00:00:00, 4.0, 11.0, 0.0
6.7, 6.7, 0.0, 1994-10-19 00:00:00, 6.0, 11.5, 0.0
3.3, 3.3, 0.0, 1994-10-20 00:00:00, 8.5, 13.0, 0.0
0.8, 0.8, 0.0, 1994-10-21 00:00:00, 3.5, 12.0, 0.0
22.7, 22.7, 0.0, 1994-10-22 00:00:00, 3.5, 9.0, 0.0
2.1, 2.1, 0.0, 1994-10-23 00:00:00, 7.0, 10.0, 0.0
0.0, 0.0, 0.0, 1994-10-24 00:00:00, 4.0, 13.5, 0.0
21.7, 21.7, 0.0, 1994-10-25 00:00:00, 9.5, 13.5, 0.0
16.2, 16.2, 0.0, 1994-10-26 00:00:00, 7.0, 10.5, 0.0
2.8, 2.8, 0.0, 1994-10-27 00:00:00, 6.0, 11.0, 0.0
0.6, 0.6, 0.0, 1994-10-28 00:00:00, 3.0, 9.0, 0.0
27.2, 27.2, 0.0, 1994-10-29 00:00:00, 3.0, 9.5, 0.0
28.3, 28.3, 0.0, 1994-10-30 00:00:00, 2.0, 8.5, 0.0
0.0, 0.0, 0.0, 1994-10-31 00:00:00, 4.0, 11.0, 0.0
1.6, 1.6, 0.0, 1994-11-01 00:00:00, 1.5, 8.5, 0.0
0.0, 0.0, 0.0, 1994-11-02 00:00:00, 0.0, 6.5, 0.0
30.6, 30.6, 0.0, 1994-11-03 00:00:00, 1.0, 5.5, 0.0
0.6, 0.6, 0.0, 1994-11-04 00:00:00, 1.0, 7.0, 0.0
12.4, 12.4, 0.0, 1994-11-05 00:00:00, 2.0, 6.5, 0.0
0.0, 0.0, 0.0, 1994-11-06 00:00:00, 1.5, 7.0, 0.0
0.7, 0.7, 0.0, 1994-11-07 00:00:00, 2.0, 9.0, 0.0
20.5, 20.5, 0.0, 1994-11-08 00:00:00, 5.0, 8.5, 0.0
5.4, 5.4, 0.0, 1994-11-09 00:00:00, 5.0, 7.0, 0.0
2.0, 2.0, 0.0, 1994-11-10 00:00:00, 1.5, 7.5, 0.0
5.1, 5.1, 0.0, 1994-11-11 00:00:00, 4.5, 7.5, 0.0
0.8, 0.8, 0.0, 1994-11-12 00:00:00, 0.0, 5.5, 0.0
6.2, 6.2, 0.0, 1994-11-13 00:00:00, 0.5, 7.5, 0.0
18.4, 18.4, 0.0, 1994-11-14 00:00:00, 5.5, 8.0, 0.0
2.2, 2.2, 0.0, 1994-11-15 00:00:00, 2.0, 6.0, 0.0
0.0, 0.0, 0.0, 1994-11-16 00:00:00, 0.5, 6.0, 0.0
0.0, 0.0, 0.0, 1994-11-17 00:00:00, 0.0, 5.0, 0.0
13.0, 13.0, 0.0, 1994-11-18 00:00:00, -2.5, 4.5, 0.0
6.2, 6.2, 0.0, 1994-11-19 00:00:00, 2.0, 8.0, 0.0
0.0, 0.0, 0.0, 1994-11-20 00:00:00, -1.0, 4.0, 0.0
14.2, 14.2, 0.0, 1994-11-21 00:00:00, -2.0, 4.0, 0.0
36.8, 33.8, 3.0, 1994-11-22 00:00:00, 1.5, 4.0, 0.0
1.2, 1.2, 0.0, 1994-11-23 00:00:00, 0.0, 6.0, 0.0
1.8, 1.8, 0.0, 1994-11-24 00:00:00, 2.0, 6.5, 0.0
0.0, 0.0, 0.0, 1994-11-25 00:00:00, 2.0, 7.0, 0.0
9.1, 9.1, 0.0, 1994-11-26 00:00:00, -1.0, 5.0, 0.0
0.8, 0.8, 0.0, 1994-11-27 00:00:00, 2.0, 4.0, 0.0
9.6, 9.6, 0.0, 1994-11-28 00:00:00, -0.5, 5.0, 0.0
12.4, 12.4, 0.0, 1994-11-29 00:00:00, 2.5, 11.5, 0.0
8.8, 8.8, 0.0, 1994-11-30 00:00:00, 5.0, 9.5, 0.0
0.5, 0.5, 0.0, 1994-12-01 00:00:00, 1.5, 5.5, 0.0
0.0, 0.0, 0.0, 1994-12-02 00:00:00, -1.5, 2.0, None
0.0, 0.0, 0.0, 1994-12-03 00:00:00, -4.0, 0.5, None
0.0, 0.0, 0.0, 1994-12-04 00:00:00, -5.0, 0.0, None
8.4, 0.0, 8.4, 1994-12-05 00:00:00, -3.5, 2.0, None
0.0, 0.0, 0.0, 1994-12-06 00:00:00, -1.5, 2.0, None
4.1, 4.1, 0.0, 1994-12-07 00:00:00, -1.0, 4.5, None
4.2, 4.2, 0.0, 1994-12-08 00:00:00, 0.0, 7.0, None
5.0, 5.0, 0.0, 1994-12-09 00:00:00, -1.0, 4.0, None
3.5, 3.5, 0.0, 1994-12-10 00:00:00, 2.0, 6.5, None
10.2, 10.2, 0.0, 1994-12-11 00:00:00, 4.5, 7.0, None
0.8, 0.8, 0.0, 1994-12-12 00:00:00, 3.5, 5.0, 0.0
0.9, 0.9, 0.0, 1994-12-13 00:00:00, 2.0, 4.5, 0.0
3.8, 3.8, 0.0, 1994-12-14 00:00:00, 3.0, 5.0, 0.0
27.8, 27.8, 0.0, 1994-12-15 00:00:00, 1.0, 6.0, 0.0
15.5, 15.5, 0.0, 1994-12-16 00:00:00, 3.0, 8.5, 0.0
19.5, 19.5, 0.0, 1994-12-17 00:00:00, 6.0, 10.0, 0.0
60.1, 60.1, 0.0, 1994-12-18 00:00:00, 7.0, 9.0, 0.0
16.2, 16.2, 0.0, 1994-12-19 00:00:00, 5.5, 9.5, 0.0
2.7, 2.7, 0.0, 1994-12-20 00:00:00, 6.5, 10.0, 0.0
4.1, 4.1, 0.0, 1994-12-21 00:00:00, 5.5, 9.0, 0.0
2.7, 2.7, 0.0, 1994-12-22 00:00:00, 6.0, 10.0, 0.0
5.6, 5.6, 0.0, 1994-12-23 00:00:00, 7.0, 10.0, 0.0
8.6, 8.6, 0.0, 1994-12-24 00:00:00, 5.0, 9.0, 0.0
53.1, 53.1, 0.0, 1994-12-25 00:00:00, 0.5, 8.0, 0.0
31.5, 31.5, 0.0, 1994-12-26 00:00:00, 1.5, 6.0, 0.0
21.7, 21.7, 0.0, 1994-12-27 00:00:00, 3.0, 4.5, 0.0
0.0, 0.0, 0.0, 1994-12-28 00:00:00, -0.5, 5.0, 0.0
0.0, 0.0, 0.0, 1994-12-29 00:00:00, -1.5, 2.5, 0.0
0.0, 0.0, 0.0, 1994-12-30 00:00:00, -2.0, 2.0, 0.0
0.0, 0.0, 0.0, 1994-12-31 00:00:00, -2.0, 1.5, 0.0
0.0, 0.0, 0.0, 1995-01-01 00:00:00, -3.5, 1.0, 0.0
0.0, 0.0, 0.0, 1995-01-02 00:00:00, -4.0, 0.0, 0.0
0.0, 0.0, 0.0, 1995-01-03 00:00:00, -4.0, 1.0, 0.0
0.0, 0.0, 0.0, 1995-01-04 00:00:00, -4.0, 0.5, 0.0
0.0, 0.0, 0.0, 1995-01-05 00:00:00, -4.0, 1.5, 0.0
0.0, 0.0, 0.0, 1995-01-06 00:00:00, -3.0, 2.0, 0.0
16.0, 16.0, 0.0, 1995-01-07 00:00:00, -2.5, 6.0, 0.0
21.8, 21.8, 0.0, 1995-01-08 00:00:00, 0.0, 7.0, 0.0
21.5, 21.5, 0.0, 1995-01-09 00:00:00, 4.5, 8.5, 0.0
18.8, 18.8, 0.0, 1995-01-10 00:00:00, 7.0, 9.5, 0.0
8.7, 8.7, 0.0, 1995-01-11 00:00:00, 5.0, 7.0, 0.0
5.6, 5.6, 0.0, 1995-01-12 00:00:00, 4.5, 7.0, 0.0
34.4, 34.4, 0.0, 1995-01-13 00:00:00, 4.0, 6.5, 0.0
16.9, 16.9, 0.0, 1995-01-14 00:00:00, 3.5, 6.0, 0.0
1.9, 1.9, 0.0, 1995-01-15 00:00:00, 4.5, 6.5, 0.0
0.6, 0.6, 0.0, 1995-01-16 00:00:00, 2.5, 6.0, 0.0
37.8, 37.8, 0.0, 1995-01-17 00:00:00, 0.5, 7.5, 0.0
14.5, 14.5, 0.0, 1995-01-18 00:00:00, 3.5, 7.5, 0.0
0.8, 0.8, 0.0, 1995-01-19 00:00:00, 4.0, 8.0, 0.0
0.6, 0.6, 0.0, 1995-01-20 00:00:00, 1.5, 4.5, 0.0
0.4, 0.4, 0.0, 1995-01-21 00:00:00, 0.0, 3.0, 0.0
0.0, 0.0, 0.0, 1995-01-22 00:00:00, -1.5, 2.5, 0.0
0.0, 0.0, 0.0, 1995-01-23 00:00:00, -3.0, 2.0, 0.0
0.0, 0.0, 0.0, 1995-01-24 00:00:00, -1.0, 3.5, 0.0
6.6, 6.6, 0.0, 1995-01-25 00:00:00, -0.5, 5.0, 0.0
1.3, 1.3, 0.0, 1995-01-26 00:00:00, 1.5, 7.5, 0.0
4.1, 4.1, 0.0, 1995-01-27 00:00:00, 4.5, 8.0, 0.0
91.2, 91.2, 0.0, 1995-01-28 00:00:00, 4.0, 9.0, 0.0
15.2, 15.2, 0.0, 1995-01-29 00:00:00, 6.0, 10.5, 0.0
25.8, 25.8, 0.0, 1995-01-30 00:00:00, 5.0, 12.0, 0.0
4.2, 4.2, 0.0, 1995-01-31 00:00:00, 7.5, 11.5, 0.0
1.0, 1.0, 0.0, 1995-02-01 00:00:00, 8.0, 9.5, 0.0
9.6, 9.6, 0.0, 1995-02-02 00:00:00, 2.0, 8.0, 0.0
0.8, 0.8, 0.0, 1995-02-03 00:00:00, 5.0, 8.0, 0.0
3.2, 3.2, 0.0, 1995-02-04 00:00:00, 4.5, 8.5, 0.0
6.6, 6.6, 0.0, 1995-02-05 00:00:00, 3.5, 8.0, 0.0
0.0, 0.0, 0.0, 1995-02-06 00:00:00, 6.0, 10.0, 0.0
0.0, 0.0, 0.0, 1995-02-07 00:00:00, 1.5, 13.0, 0.0
0.0, 0.0, 0.0, 1995-02-08 00:00:00, 1.5, 11.0, 0.0
0.0, 0.0, 0.0, 1995-02-09 00:00:00, 2.0, 10.5, 0.0
0.0, 0.0, 0.0, 1995-02-10 00:00:00, 2.0, 7.5, 0.0
15.0, 6.0, 9.0, 1995-02-11 00:00:00, 2.0, 7.5, 0.0
0.0, 0.0, 0.0, 1995-02-12 00:00:00, -1.5, 1.0, None
0.0, 0.0, 0.0, 1995-02-13 00:00:00, -7.0, 1.0, None
16.5, 0.0, 16.5, 1995-02-14 00:00:00, -6.0, 1.0, None
1.2, 1.2, 0.0, 1995-02-15 00:00:00, -1.0, 3.0, None
22.4, 22.4, 0.0, 1995-02-16 00:00:00, 0.0, 6.5, None
5.3, 5.3, 0.0, 1995-02-17 00:00:00, 4.0, 9.0, None
29.6, 29.6, 0.0, 1995-02-18 00:00:00, 4.0, 9.0, None
22.3, 22.3, 0.0, 1995-02-19 00:00:00, 6.0, 11.5, None
3.9, 3.9, 0.0, 1995-02-20 00:00:00, 7.5, 14.0, 0.0
0.0, 0.0, 0.0, 1995-02-21 00:00:00, 4.5, 11.5, 0.0
0.0, 0.0, 0.0, 1995-02-22 00:00:00, 3.0, 9.0, 0.0
5.3, 5.3, 0.0, 1995-02-23 00:00:00, 1.0, 8.5, 0.0
3.5, 3.5, 0.0, 1995-02-24 00:00:00, 5.0, 8.0, 0.0
0.0, 0.0, 0.0, 1995-02-25 00:00:00, 0.0, 8.0, 0.0
0.0, 0.0, 0.0, 1995-02-26 00:00:00, -1.0, 7.5, 0.0
0.0, 0.0, 0.0, 1995-02-27 00:00:00, -1.5, 8.0, 0.0
0.0, 0.0, 0.0, 1995-02-28 00:00:00, -2.0, 9.5, 0.0
0.0, 0.0, 0.0, 1995-03-01 00:00:00, -1.0, 10.5, 0.0
0.0, 0.0, 0.0, 1995-03-02 00:00:00, -1.5, 10.0, 0.0
2.5, 2.5, 0.0, 1995-03-03 00:00:00, -2.0, 5.5, 0.0
7.4, 2.4, 5.0, 1995-03-04 00:00:00, 0.0, 3.0, 0.0
0.0, 0.0, 0.0, 1995-03-05 00:00:00, -2.5, 3.0, None
1.3, 1.3, 0.0, 1995-03-06 00:00:00, 0.0, 3.0, None
6.2, 3.2, 3.0, 1995-03-07 00:00:00, 0.5, 6.0, None
30.6, 30.6, 0.0, 1995-03-08 00:00:00, 0.0, 7.5, None
40.7, 40.7, 0.0, 1995-03-09 00:00:00, 5.0, 10.0, 0.0
13.3, 13.3, 0.0, 1995-03-10 00:00:00, 6.0, 9.0, 0.0
1.8, 1.8, 0.0, 1995-03-11 00:00:00, 6.0, 11.5, 0.0
3.6, 3.6, 0.0, 1995-03-12 00:00:00, 3.0, 11.0, 0.0
21.1, 21.1, 0.0, 1995-03-13 00:00:00, 5.0, 9.0, 0.0
12.8, 12.8, 0.0, 1995-03-14 00:00:00, 7.0, 11.0, 0.0
1.8, 1.8, 0.0, 1995-03-15 00:00:00, 3.0, 12.5, 0.0
0.0, 0.0, 0.0, 1995-03-16 00:00:00, 3.0, 11.0, 0.0
9.4, 9.4, 0.0, 1995-03-17 00:00:00, 4.0, 11.0, 0.0
3.0, 3.0, 0.0, 1995-03-18 00:00:00, 6.0, 12.5, 0.0
19.8, 19.8, 0.0, 1995-03-19 00:00:00, 3.5, 8.5, 0.0
15.4, 15.4, 0.0, 1995-03-20 00:00:00, 4.0, 11.0, 0.0
3.5, 3.5, 0.0, 1995-03-21 00:00:00, 4.0, 7.5, 0.0
8.3, 8.3, 0.0, 1995-03-22 00:00:00, 0.5, 7.0, 0.0
3.2, 3.2, 0.0, 1995-03-23 00:00:00, 0.0, 10.5, 0.0
0.8, 0.8, 0.0, 1995-03-24 00:00:00, -1.0, 9.0, 0.0
0.0, 0.0, 0.0, 1995-03-25 00:00:00, 0.0, 9.5, 0.0
0.0, 0.0, 0.0, 1995-03-26 00:00:00, 0.5, 12.5, 0.0
0.0, 0.0, 0.0, 1995-03-27 00:00:00, 2.0, 16.0, 0.0
0.0, 0.0, 0.0, 1995-03-28 00:00:00, 2.5, 16.5, 0.0
0.0, 0.0, 0.0, 1995-03-29 00:00:00, 4.0, 17.0, 0.0
0.0, 0.0, 0.0, 1995-03-30 00:00:00, 4.0, 16.0, 0.0
2.2, 2.2, 0.0, 1995-03-31 00:00:00, 7.0, 11.5, 0.0
0.0, 0.0, 0.0, 1995-04-01 00:00:00, 2.5, 14.0, 0.0
0.6, 0.6, 0.0, 1995-04-02 00:00:00, 6.0, 11.5, 0.0
0.0, 0.0, 0.0, 1995-04-03 00:00:00, 5.0, 15.5, 0.0
0.0, 0.0, 0.0, 1995-04-04 00:00:00, 6.0, 14.5, 0.0
7.2, 7.2, 0.0, 1995-04-05 00:00:00, 1.5, 11.0, 0.0
23.1, 23.1, 0.0, 1995-04-06 00:00:00, 5.0, 10.5, 0.0
4.9, 4.9, 0.0, 1995-04-07 00:00:00, 7.0, 12.0, 0.0
1.0, 1.0, 0.0, 1995-04-08 00:00:00, 4.0, 12.0, 0.0
0.0, 0.0, 0.0, 1995-04-09 00:00:00, 1.5, 13.0, 0.0
15.1, 15.1, 0.0, 1995-04-10 00:00:00, 4.0, 7.5, 0.0
0.0, 0.0, 0.0, 1995-04-11 00:00:00, 0.5, 12.0, 0.0
10.7, 10.7, 0.0, 1995-04-12 00:00:00, 2.0, 9.0, 0.0
0.0, 0.0, 0.0, 1995-04-13 00:00:00, 3.0, 10.5, 0.0
1.0, 1.0, 0.0, 1995-04-14 00:00:00, 0.5, 11.5, 0.0
0.0, 0.0, 0.0, 1995-04-15 00:00:00, 1.5, 12.5, 0.0
0.0, 0.0, 0.0, 1995-04-16 00:00:00, 1.0, 14.5, 0.0
9.9, 9.9, 0.0, 1995-04-17 00:00:00, 7.0, 13.0, 0.0
0.6, 0.6, 0.0, 1995-04-18 00:00:00, 3.0, 12.0, 0.0
3.5, 3.5, 0.0, 1995-04-19 00:00:00, 5.0, 11.5, 0.0
0.0, 0.0, 0.0, 1995-04-20 00:00:00, 4.5, 12.5, 0.0
0.0, 0.0, 0.0, 1995-04-21 00:00:00, 3.0, 16.5, 0.0
0.0, 0.0, 0.0, 1995-04-22 00:00:00, 4.5, 18.5, 0.0
0.0, 0.0, 0.0, 1995-04-23 00:00:00, 6.0, 18.5, 0.0
0.0, 0.0, 0.0, 1995-04-24 00:00:00, 6.0, 20.0, 0.0
0.0, 0.0, 0.0, 1995-04-25 00:00:00, 8.0, 22.5, 0.0
0.0, 0.0, 0.0, 1995-04-26 00:00:00, 7.5, 20.5, 0.0
0.0, 0.0, 0.0, 1995-04-27 00:00:00, 9.0, 23.0, 0.0
0.0, 0.0, 0.0, 1995-04-28 00:00:00, 10.5, 21.5, 0.0
6.8, 6.8, 0.0, 1995-04-29 00:00:00, 7.0, 18.5, 0.0
0.0, 0.0, 0.0, 1995-04-30 00:00:00, 8.0, 16.0, 0.0
5.3, 5.3, 0.0, 1995-05-01 00:00:00, 8.5, 16.5, 0.0
7.2, 7.2, 0.0, 1995-05-02 00:00:00, 9.5, 15.0, 0.0
1.6, 1.6, 0.0, 1995-05-03 00:00:00, 8.0, 16.0, 0.0
0.0, 0.0, 0.0, 1995-05-04 00:00:00, 5.0, 17.5, 0.0
0.0, 0.0, 0.0, 1995-05-05 00:00:00, 7.0, 19.5, 0.0
0.0, 0.0, 0.0, 1995-05-06 00:00:00, 6.5, 23.0, 0.0
0.0, 0.0, 0.0, 1995-05-07 00:00:00, 7.5, 20.5, 0.0
3.1, 3.1, 0.0, 1995-05-08 00:00:00, 8.5, 20.0, 0.0
8.5, 8.5, 0.0, 1995-05-09 00:00:00, 11.0, 16.5, 0.0
8.1, 8.1, 0.0, 1995-05-10 00:00:00, 9.0, 15.0, 0.0
0.7, 0.7, 0.0, 1995-05-11 00:00:00, 8.0, 16.0, 0.0
0.0, 0.0, 0.0, 1995-05-12 00:00:00, 4.5, 17.0, 0.0
0.0, 0.0, 0.0, 1995-05-13 00:00:00, 7.5, 24.0, 0.0
0.0, 0.0, 0.0, 1995-05-14 00:00:00, 10.0, 20.0, 0.0
0.0, 0.0, 0.0, 1995-05-15 00:00:00, 10.0, 22.0, 0.0
0.0, 0.0, 0.0, 1995-05-16 00:00:00, 9.5, 20.5, 0.0
0.0, 0.0, 0.0, 1995-05-17 00:00:00, 9.0, 17.5, 0.0
0.0, 0.0, 0.0, 1995-05-18 00:00:00, 4.5, 18.5, 0.0
0.0, 0.0, 0.0, 1995-05-19 00:00:00, 6.0, 21.0, 0.0
0.0, 0.0, 0.0, 1995-05-20 00:00:00, 6.5, 21.0, 0.0
0.0, 0.0, 0.0, 1995-05-21 00:00:00, 9.0, 24.5, 0.0
0.0, 0.0, 0.0, 1995-05-22 00:00:00, 9.5, 25.0, 0.0
0.0, 0.0, 0.0, 1995-05-23 00:00:00, 8.5, 24.0, 0.0
0.0, 0.0, 0.0, 1995-05-24 00:00:00, 9.0, 28.0, 0.0
0.0, 0.0, 0.0, 1995-05-25 00:00:00, 12.0, 29.5, 0.0
0.0, 0.0, 0.0, 1995-05-26 00:00:00, 12.0, 24.5, 0.0
0.0, 0.0, 0.0, 1995-05-27 00:00:00, 10.0, 24.0, 0.0
0.0, 0.0, 0.0, 1995-05-28 00:00:00, 10.5, 25.5, 0.0
0.0, 0.0, 0.0, 1995-05-29 00:00:00, 12.0, 26.0, 0.0
0.0, 0.0, 0.0, 1995-05-30 00:00:00, 11.0, 25.0, 0.0
0.0, 0.0, 0.0, 1995-05-31 00:00:00, 9.5, 21.0, 0.0
0.0, 0.0, 0.0, 1995-06-01 00:00:00, 10.0, 24.0, 0.0
0.0, 0.0, 0.0, 1995-06-02 00:00:00, 10.5, 23.0, 0.0
0.8, 0.8, 0.0, 1995-06-03 00:00:00, 9.5, 23.5, 0.0
11.1, 11.1, 0.0, 1995-06-04 00:00:00, 11.0, 16.5, 0.0
0.0, 0.0, 0.0, 1995-06-05 00:00:00, 7.5, 16.5, 0.0
0.0, 0.0, 0.0, 1995-06-06 00:00:00, 6.0, 20.0, 0.0
0.0, 0.0, 0.0, 1995-06-07 00:00:00, 10.5, 19.0, 0.0
0.0, 0.0, 0.0, 1995-06-08 00:00:00, 12.5, 27.0, 0.0
8.4, 8.4, 0.0, 1995-06-09 00:00:00, 13.0, 24.5, 0.0
11.6, 11.6, 0.0, 1995-06-10 00:00:00, 12.5, 14.5, 0.0
7.1, 7.1, 0.0, 1995-06-11 00:00:00, 7.5, 16.5, 0.0
4.4, 4.4, 0.0, 1995-06-12 00:00:00, 9.0, 15.0, 0.0
1.7, 1.7, 0.0, 1995-06-13 00:00:00, 8.0, 16.0, 0.0
0.0, 0.0, 0.0, 1995-06-14 00:00:00, 8.0, 20.0, 0.0
0.0, 0.0, 0.0, 1995-06-15 00:00:00, 11.0, 22.5, 0.0
2.0, 2.0, 0.0, 1995-06-16 00:00:00, 9.5, 22.5, 0.0
0.0, 0.0, 0.0, 1995-06-17 00:00:00, 9.5, 18.0, 0.0
0.0, 0.0, 0.0, 1995-06-18 00:00:00, 8.0, 19.5, 0.0
1.1, 1.1, 0.0, 1995-06-19 00:00:00, 11.0, 19.0, 0.0
0.0, 0.0, 0.0, 1995-06-20 00:00:00, 11.5, 18.0, 0.0
0.0, 0.0, 0.0, 1995-06-21 00:00:00, 10.5, 22.0, 0.0
0.0, 0.0, 0.0, 1995-06-22 00:00:00, 13.0, 23.0, 0.0
0.0, 0.0, 0.0, 1995-06-23 00:00:00, 11.0, 23.5, 0.0
0.0, 0.0, 0.0, 1995-06-24 00:00:00, 13.0, 24.0, 0.0
0.0, 0.0, 0.0, 1995-06-25 00:00:00, 10.5, 24.5, 0.0
0.0, 0.0, 0.0, 1995-06-26 00:00:00, 9.0, 27.0, 0.0
0.0, 0.0, 0.0, 1995-06-27 00:00:00, 15.0, 31.0, 0.0
0.0, 0.0, 0.0, 1995-06-28 00:00:00, 14.5, 32.0, 0.0
0.0, 0.0, 0.0, 1995-06-29 00:00:00, 17.0, 32.5, 0.0
0.0, 0.0, 0.0, 1995-06-30 00:00:00, 16.5, 33.0, 0.0
0.6, 0.6, 0.0, 1995-07-01 00:00:00, 16.5, 27.0, 0.0
0.0, 0.0, 0.0, 1995-07-02 00:00:00, 14.5, 25.0, 0.0
0.0, 0.0, 0.0, 1995-07-03 00:00:00, 12.5, 22.5, 0.0
1.2, 1.2, 0.0, 1995-07-04 00:00:00, 14.5, 25.0, 0.0
0.0, 0.0, 0.0, 1995-07-05 00:00:00, 12.0, 24.0, 0.0
0.0, 0.0, 0.0, 1995-07-06 00:00:00, 11.0, 26.0, 0.0
0.0, 0.0, 0.0, 1995-07-07 00:00:00, 14.0, 20.0, 0.0
0.5, 0.5, 0.0, 1995-07-08 00:00:00, 11.5, 26.0, 0.0
10.0, 10.0, 0.0, 1995-07-09 00:00:00, 14.5, 23.0, 0.0
0.0, 0.0, 0.0, 1995-07-10 00:00:00, 12.0, 21.0, 0.0
0.0, 0.0, 0.0, 1995-07-11 00:00:00, 10.0, 22.5, 0.0
0.0, 0.0, 0.0, 1995-07-12 00:00:00, 10.5, 25.0, 0.0
1.0, 1.0, 0.0, 1995-07-13 00:00:00, 13.5, 19.0, 0.0
0.0, 0.0, 0.0, 1995-07-14 00:00:00, 14.0, 24.5, 0.0
0.0, 0.0, 0.0, 1995-07-15 00:00:00, 11.5, 26.0, 0.0
0.0, 0.0, 0.0, 1995-07-16 00:00:00, 12.5, 29.5, 0.0
0.0, 0.0, 0.0, 1995-07-17 00:00:00, 14.5, 32.0, 0.0
0.0, 0.0, 0.0, 1995-07-18 00:00:00, 15.5, 32.0, 0.0
0.0, 0.0, 0.0, 1995-07-19 00:00:00, 15.0, 32.0, 0.0
0.0, 0.0, 0.0, 1995-07-20 00:00:00, 17.5, 29.0, 0.0
0.0, 0.0, 0.0, 1995-07-21 00:00:00, 14.5, 24.0, 0.0
0.0, 0.0, 0.0, 1995-07-22 00:00:00, 15.0, 25.0, 0.0
4.5, 4.5, 0.0, 1995-07-23 00:00:00, 16.5, 25.0, 0.0
8.6, 8.6, 0.0, 1995-07-24 00:00:00, 12.0, 23.0, 0.0
4.7, 4.7, 0.0, 1995-07-25 00:00:00, 14.5, 17.5, 0.0
0.0, 0.0, 0.0, 1995-07-26 00:00:00, 14.0, 24.0, 0.0
0.0, 0.0, 0.0, 1995-07-27 00:00:00, 10.5, 21.0, 0.0
1.3, 1.3, 0.0, 1995-07-28 00:00:00, 11.5, 22.0, 0.0
0.0, 0.0, 0.0, 1995-07-29 00:00:00, 9.0, 21.0, 0.0
0.0, 0.0, 0.0, 1995-07-30 00:00:00, 10.0, 22.0, 0.0
0.0, 0.0, 0.0, 1995-07-31 00:00:00, 12.5, 23.0, 0.0
0.0, 0.0, 0.0, 1995-08-01 00:00:00, 14.5, 24.0, 0.0
0.0, 0.0, 0.0, 1995-08-02 00:00:00, 12.0, 25.0, 0.0
0.0, 0.0, 0.0, 1995-08-03 00:00:00, 15.0, 27.0, 0.0
0.0, 0.0, 0.0, 1995-08-04 00:00:00, 14.0, 29.0, 0.0
9.5, 9.5, 0.0, 1995-08-05 00:00:00, 15.0, 19.5, 0.0
28.0, 28.0, 0.0, 1995-08-06 00:00:00, 11.0, 13.5, 0.0
1.3, 1.3, 0.0, 1995-08-07 00:00:00, 10.5, 19.0, 0.0
0.0, 0.0, 0.0, 1995-08-08 00:00:00, 12.0, 22.0, 0.0
0.0, 0.0, 0.0, 1995-08-09 00:00:00, 13.0, 21.5, 0.0
3.2, 3.2, 0.0, 1995-08-10 00:00:00, 13.0, 23.5, 0.0
0.7, 0.7, 0.0, 1995-08-11 00:00:00, 13.0, 20.0, 0.0
0.0, 0.0, 0.0, 1995-08-12 00:00:00, 10.5, 20.5, 0.0
1.0, 1.0, 0.0, 1995-08-13 00:00:00, 11.5, 21.5, 0.0
0.0, 0.0, 0.0, 1995-08-14 00:00:00, 12.0, 19.0, 0.0
1.4, 1.4, 0.0, 1995-08-15 00:00:00, 10.5, 19.5, 0.0
3.3, 3.3, 0.0, 1995-08-16 00:00:00, 9.5, 18.0, 0.0
0.6, 0.6, 0.0, 1995-08-17 00:00:00, 8.5, 20.0, 0.0
7.4, 7.4, 0.0, 1995-08-18 00:00:00, 9.0, 15.0, 0.0
0.0, 0.0, 0.0, 1995-08-19 00:00:00, 11.5, 21.5, 0.0
0.0, 0.0, 0.0, 1995-08-20 00:00:00, 11.0, 21.0, 0.0
0.0, 0.0, 0.0, 1995-08-21 00:00:00, 11.5, 24.0, 0.0
0.0, 0.0, 0.0, 1995-08-22 00:00:00, 12.5, 23.0, 0.0
9.6, 9.6, 0.0, 1995-08-23 00:00:00, 10.0, 19.5, 0.0
0.0, 0.0, 0.0, 1995-08-24 00:00:00, 9.5, 19.0, 0.0
0.0, 0.0, 0.0, 1995-08-25 00:00:00, 8.5, 21.5, 0.0
0.0, 0.0, 0.0, 1995-08-26 00:00:00, 10.0, 21.5, 0.0
1.0, 1.0, 0.0, 1995-08-27 00:00:00, 11.0, 20.0, 0.0
0.8, 0.8, 0.0, 1995-08-28 00:00:00, 12.0, 17.5, 0.0
0.0, 0.0, 0.0, 1995-08-29 00:00:00, 11.0, 21.5, 0.0
0.0, 0.0, 0.0, 1995-08-30 00:00:00, 11.5, 22.5, 0.0
0.0, 0.0, 0.0, 1995-08-31 00:00:00, 10.0, 24.5, 0.0
0.0, 0.0, 0.0, 1995-09-01 00:00:00, 9.5, 25.0, 0.0
0.0, 0.0, 0.0, 1995-09-02 00:00:00, 11.0, 26.5, 0.0
2.2, 2.2, 0.0, 1995-09-03 00:00:00, 12.5, 29.0, 0.0
6.9, 6.9, 0.0, 1995-09-04 00:00:00, 15.0, 17.0, 0.0
0.6, 0.6, 0.0, 1995-09-05 00:00:00, 14.0, 21.0, 0.0
0.0, 0.0, 0.0, 1995-09-06 00:00:00, 12.0, 21.5, 0.0
0.0, 0.0, 0.0, 1995-09-07 00:00:00, 10.5, 26.5, 0.0
0.0, 0.0, 0.0, 1995-09-08 00:00:00, 12.0, 23.0, 0.0
0.0, 0.0, 0.0, 1995-09-09 00:00:00, 11.5, 24.0, 0.0
0.0, 0.0, 0.0, 1995-09-10 00:00:00, 12.0, 24.5, 0.0
0.0, 0.0, 0.0, 1995-09-11 00:00:00, 11.5, 24.0, 0.0
0.0, 0.0, 0.0, 1995-09-12 00:00:00, 13.0, 25.0, 0.0
0.0, 0.0, 0.0, 1995-09-13 00:00:00, 13.0, 26.0, 0.0
0.0, 0.0, 0.0, 1995-09-14 00:00:00, 13.0, 27.5, 0.0
0.0, 0.0, 0.0, 1995-09-15 00:00:00, 12.0, 25.0, 0.0
0.0, 0.0, 0.0, 1995-09-16 00:00:00, 12.5, 29.0, 0.0
0.0, 0.0, 0.0, 1995-09-17 00:00:00, 12.5, 21.5, 0.0
1.2, 1.2, 0.0, 1995-09-18 00:00:00, 13.0, 23.0, 0.0
0.0, 0.0, 0.0, 1995-09-19 00:00:00, 14.0, 23.0, 0.0
0.0, 0.0, 0.0, 1995-09-20 00:00:00, 12.5, 23.0, 0.0
0.0, 0.0, 0.0, 1995-09-21 00:00:00, 10.0, 24.5, 0.0
0.0, 0.0, 0.0, 1995-09-22 00:00:00, 9.0, 25.0, 0.0
0.0, 0.0, 0.0, 1995-09-23 00:00:00, 10.5, 23.5, 0.0
1.0, 1.0, 0.0, 1995-09-24 00:00:00, 9.5, 24.5, 0.0
0.6, 0.6, 0.0, 1995-09-25 00:00:00, 14.5, 23.0, 0.0
2.9, 2.9, 0.0, 1995-09-26 00:00:00, 10.0, 17.0, 0.0
1.6, 1.6, 0.0, 1995-09-27 00:00:00, 12.0, 15.0, 0.0
0.0, 0.0, 0.0, 1995-09-28 00:00:00, 10.5, 17.0, 0.0
3.4, 3.4, 0.0, 1995-09-29 00:00:00, 8.0, 15.0, 0.0
0.0, 0.0, 0.0, 1995-09-30 00:00:00, 10.0, 16.5, 0.0
13.8, 13.8, 0.0, 1995-10-01 00:00:00, 6.5, 14.5, 0.0
0.9, 0.9, 0.0, 1995-10-02 00:00:00, 9.5, 12.0, 0.0
0.0, 0.0, 0.0, 1995-10-03 00:00:00, 7.5, 15.5, 0.0
0.0, 0.0, 0.0, 1995-10-04 00:00:00, 6.0, 15.0, 0.0
1.9, 1.9, 0.0, 1995-10-05 00:00:00, 10.0, 13.5, 0.0
4.2, 4.2, 0.0, 1995-10-06 00:00:00, 7.5, 12.5, 0.0
10.5, 10.5, 0.0, 1995-10-07 00:00:00, 10.5, 12.5, 0.0
0.6, 0.6, 0.0, 1995-10-08 00:00:00, 7.0, 14.5, 0.0
10.1, 10.1, 0.0, 1995-10-09 00:00:00, 10.0, 13.5, 0.0
2.5, 2.5, 0.0, 1995-10-10 00:00:00, 9.5, 13.5, 0.0
2.7, 2.7, 0.0, 1995-10-11 00:00:00, 7.0, 10.5, 0.0
5.8, 5.8, 0.0, 1995-10-12 00:00:00, 4.5, 13.0, 0.0
12.6, 12.6, 0.0, 1995-10-13 00:00:00, 8.0, 11.5, 0.0
0.8, 0.8, 0.0, 1995-10-14 00:00:00, 9.0, 13.0, 0.0
7.7, 7.7, 0.0, 1995-10-15 00:00:00, 9.5, 14.0, 0.0
34.6, 34.6, 0.0, 1995-10-16 00:00:00, 9.0, 13.0, 0.0
1.3, 1.3, 0.0, 1995-10-17 00:00:00, 9.0, 12.0, 0.0
0.0, 0.0, 0.0, 1995-10-18 00:00:00, 4.5, 13.0, 0.0
2.7, 2.7, 0.0, 1995-10-19 00:00:00, 4.5, 10.5, 0.0
1.0, 1.0, 0.0, 1995-10-20 00:00:00, 6.0, 14.5, 0.0
0.0, 0.0, 0.0, 1995-10-21 00:00:00, 4.0, 13.0, 0.0
1.1, 1.1, 0.0, 1995-10-22 00:00:00, 4.0, 10.5, 0.0
3.0, 3.0, 0.0, 1995-10-23 00:00:00, 8.0, 10.5, 0.0
4.4, 4.4, 0.0, 1995-10-24 00:00:00, 5.0, 11.0, 0.0
31.6, 31.6, 0.0, 1995-10-25 00:00:00, 8.0, 10.5, 0.0
1.0, 1.0, 0.0, 1995-10-26 00:00:00, 4.5, 13.0, 0.0
0.0, 0.0, 0.0, 1995-10-27 00:00:00, 2.5, 9.5, 0.0
0.0, 0.0, 0.0, 1995-10-28 00:00:00, 3.0, 9.5, 0.0
0.0, 0.0, 0.0, 1995-10-29 00:00:00, 1.5, 11.0, 0.0
0.0, 0.0, 0.0, 1995-10-30 00:00:00, 0.0, 8.5, 0.0
0.0, 0.0, 0.0, 1995-10-31 00:00:00, -1.0, 9.0, 0.0
0.0, 0.0, 0.0, 1995-11-01 00:00:00, -0.5, 8.0, 0.0
0.0, 0.0, 0.0, 1995-11-02 00:00:00, -0.5, 9.5, 0.0
0.0, 0.0, 0.0, 1995-11-03 00:00:00, 2.0, 9.5, 0.0
3.3, 3.3, 0.0, 1995-11-04 00:00:00, 3.5, 9.0, 0.0
0.5, 0.5, 0.0, 1995-11-05 00:00:00, 2.0, 9.5, 0.0
29.3, 29.3, 0.0, 1995-11-06 00:00:00, -1.0, 6.5, 0.0
37.2, 37.2, 0.0, 1995-11-07 00:00:00, 2.0, 14.0, 0.0
3.7, 3.7, 0.0, 1995-11-08 00:00:00, 4.5, 12.0, 0.0
0.8, 0.8, 0.0, 1995-11-09 00:00:00, 0.0, 7.0, 0.0
28.7, 28.7, 0.0, 1995-11-10 00:00:00, 1.0, 8.0, 0.0
0.0, 0.0, 0.0, 1995-11-11 00:00:00, 3.0, 10.5, 0.0
2.7, 2.7, 0.0, 1995-11-12 00:00:00, 4.5, 9.0, 0.0
19.2, 19.2, 0.0, 1995-11-13 00:00:00, 7.5, 9.0, 0.0
7.9, 7.9, 0.0, 1995-11-14 00:00:00, 6.5, 11.0, 0.0
2.3, 2.3, 0.0, 1995-11-15 00:00:00, 7.0, 12.5, 0.0
51.2, 51.2, 0.0, 1995-11-16 00:00:00, 6.0, 10.5, 0.0
71.8, 71.8, 0.0, 1995-11-17 00:00:00, 9.0, 12.0, 0.0
0.0, 0.0, 0.0, 1995-11-18 00:00:00, 6.0, 11.5, 0.0
0.0, 0.0, 0.0, 1995-11-19 00:00:00, 3.0, 8.0, 0.0
0.0, 0.0, 0.0, 1995-11-20 00:00:00, 2.0, 5.0, 0.0
10.2, 10.2, 0.0, 1995-11-21 00:00:00, 2.0, 7.5, 0.0
39.4, 39.4, 0.0, 1995-11-22 00:00:00, 5.5, 11.0, 0.0
10.8, 10.8, 0.0, 1995-11-23 00:00:00, 8.5, 13.0, 0.0
23.7, 23.7, 0.0, 1995-11-24 00:00:00, 8.5, 10.5, 0.0
3.0, 3.0, 0.0, 1995-11-25 00:00:00, 6.0, 10.0, 0.0
7.2, 7.2, 0.0, 1995-11-26 00:00:00, 3.0, 8.0, 0.0
24.8, 24.8, 0.0, 1995-11-27 00:00:00, 3.5, 7.5, 0.0
20.0, 20.0, 0.0, 1995-11-28 00:00:00, 5.0, 13.0, 0.0
8.5, 8.5, 0.0, 1995-11-29 00:00:00, 7.0, 13.0, 0.0
0.0, 0.0, 0.0, 1995-11-30 00:00:00, 6.0, 11.0, 0.0
6.6, 6.6, 0.0, 1995-12-01 00:00:00, 1.0, 7.5, 0.0
3.3, 3.3, 0.0, 1995-12-02 00:00:00, -0.5, 6.5, 0.0
28.0, 28.0, 0.0, 1995-12-03 00:00:00, 2.0, 5.0, 0.0
0.0, 0.0, 0.0, 1995-12-04 00:00:00, -2.0, 2.5, 0.0
0.0, 0.0, 0.0, 1995-12-05 00:00:00, -2.5, 2.0, 0.0
0.0, 0.0, 0.0, 1995-12-06 00:00:00, -2.0, 4.0, 0.0
0.0, 0.0, 0.0, 1995-12-07 00:00:00, -2.0, 1.0, 0.0
0.0, 0.0, 0.0, 1995-12-08 00:00:00, -3.0, -0.5, 0.0
76.0, 75.0, 1.0, 1995-12-09 00:00:00, -5.0, 6.5, 0.0
35.9, 35.9, 0.0, 1995-12-10 00:00:00, -0.5, 11.0, 0.0
16.3, 16.3, 0.0, 1995-12-11 00:00:00, 6.0, 9.0, 0.0
29.3, 29.3, 0.0, 1995-12-12 00:00:00, 5.0, 9.5, 0.0
19.9, 19.9, 0.0, 1995-12-13 00:00:00, 5.0, 8.5, 0.0
28.5, 28.5, 0.0, 1995-12-14 00:00:00, 5.5, 8.0, 0.0
1.0, 1.0, 0.0, 1995-12-15 00:00:00, 5.0, 10.0, 0.0
5.9, 5.9, 0.0, 1995-12-16 00:00:00, 1.5, 7.5, 0.0
31.7, 31.7, 0.0, 1995-12-17 00:00:00, 5.0, 8.0, 0.0
3.5, 3.5, 0.0, 1995-12-18 00:00:00, 6.0, 8.0, 0.0
0.8, 0.8, 0.0, 1995-12-19 00:00:00, 7.0, 8.5, 0.0
2.8, 2.8, 0.0, 1995-12-20 00:00:00, 6.0, 8.0, 0.0
0.0, 0.0, 0.0, 1995-12-21 00:00:00, 5.0, 8.0, 0.0
0.0, 0.0, 0.0, 1995-12-22 00:00:00, 2.5, 7.0, 0.0
0.0, 0.0, 0.0, 1995-12-23 00:00:00, 0.5, 4.5, 0.0
0.0, 0.0, 0.0, 1995-12-24 00:00:00, -0.5, 3.5, 0.0
0.0, 0.0, 0.0, 1995-12-25 00:00:00, -1.0, 4.0, 0.0
4.8, 4.8, 0.0, 1995-12-26 00:00:00, -1.0, 4.0, 0.0
2.6, 2.6, 0.0, 1995-12-27 00:00:00, 2.5, 6.0, 0.0
16.3, 16.3, 0.0, 1995-12-28 00:00:00, 3.5, 7.0, 0.0
6.8, 6.8, 0.0, 1995-12-29 00:00:00, 5.5, 8.0, 0.0
4.9, 4.9, 0.0, 1995-12-30 00:00:00, 5.5, 7.0, 0.0
4.4, 4.4, 0.0, 1995-12-31 00:00:00, 2.0, 6.0, 0.0
1.5, 1.5, 0.0, 1996-01-01 00:00:00, 5.0, 9.0, 0.0
1.6, 1.6, 0.0, 1996-01-02 00:00:00, 6.5, 11.0, 0.0
0.0, 0.0, 0.0, 1996-01-03 00:00:00, 3.0, 7.0, 0.0
0.0, 0.0, 0.0, 1996-01-04 00:00:00, -0.5, 1.0, 0.0
27.8, 12.8, 15.0, 1996-01-05 00:00:00, -1.0, 5.0, None
27.0, 27.0, 0.0, 1996-01-06 00:00:00, 0.0, 10.0, None
16.0, 16.0, 0.0, 1996-01-07 00:00:00, 7.5, 11.5, 0.0
17.1, 17.1, 0.0, 1996-01-08 00:00:00, 6.0, 9.0, 0.0
1.7, 1.7, 0.0, 1996-01-09 00:00:00, 4.5, 8.0, 0.0
16.8, 16.8, 0.0, 1996-01-10 00:00:00, 4.0, 11.5, 0.0
0.7, 0.7, 0.0, 1996-01-11 00:00:00, 8.0, 10.0, 0.0
1.6, 1.6, 0.0, 1996-01-12 00:00:00, 5.0, 10.0, 0.0
7.5, 7.5, 0.0, 1996-01-13 00:00:00, 6.0, 8.0, 0.0
45.9, 45.9, 0.0, 1996-01-14 00:00:00, 6.0, 9.5, 0.0
5.8, 5.8, 0.0, 1996-01-15 00:00:00, 6.0, 9.0, 0.0
0.0, 0.0, 0.0, 1996-01-16 00:00:00, -0.5, 6.0, 0.0
0.0, 0.0, 0.0, 1996-01-17 00:00:00, -2.0, 1.5, 0.0
0.0, 0.0, 0.0, 1996-01-18 00:00:00, -0.5, 2.5, 0.0
3.8, 2.8, 1.0, 1996-01-19 00:00:00, -2.0, 1.5, 0.0
9.8, 1.8, 8.0, 1996-01-20 00:00:00, -1.5, 1.0, None
0.0, 0.0, 0.0, 1996-01-21 00:00:00, -1.5, 1.0, None
5.6, 5.0, 0.6, 1996-01-22 00:00:00, -2.5, 2.0, None
6.9, 6.1, 0.8, 1996-01-23 00:00:00, -1.0, 3.0, None
0.0, 0.0, 0.0, 1996-01-24 00:00:00, -0.5, 1.5, None
0.0, 0.0, 0.0, 1996-01-25 00:00:00, -2.5, 2.0, None
0.0, 0.0, 0.0, 1996-01-26 00:00:00, -3.0, 1.5, None
19.0, 0.0, 19.0, 1996-01-27 00:00:00, -2.0, 0.0, None
0.0, 0.0, 0.0, 1996-01-28 00:00:00, -6.0, -3.5, None
0.0, 0.0, 0.0, 1996-01-29 00:00:00, -8.0, -4.0, None
0.0, 0.0, 0.0, 1996-01-30 00:00:00, -9.5, -2.5, None
0.0, 0.0, 0.0, 1996-01-31 00:00:00, -8.0, 0.0, None
0.0, 0.0, 0.0, 1996-02-01 00:00:00, -6.0, 1.5, None
0.0, 0.0, 0.0, 1996-02-02 00:00:00, -5.5, 2.0, None
8.5, 0.0, 8.5, 1996-02-03 00:00:00, -6.0, 2.0, None
27.7, 27.7, 0.0, 1996-02-04 00:00:00, -1.0, 7.5, None
15.5, 15.5, 0.0, 1996-02-05 00:00:00, 2.0, 9.5, 0.0
10.9, 10.9, 0.0, 1996-02-06 00:00:00, 4.5, 8.0, 0.0
15.0, 15.0, 0.0, 1996-02-07 00:00:00, 2.0, 7.0, 0.0
3.1, 3.1, 0.0, 1996-02-08 00:00:00, 5.0, 7.0, 0.0
0.0, 0.0, 0.0, 1996-02-09 00:00:00, -1.0, 5.5, 0.0
0.0, 0.0, 0.0, 1996-02-10 00:00:00, -1.5, 6.5, 0.0
0.0, 0.0, 0.0, 1996-02-11 00:00:00, -0.5, 7.5, 0.0
0.0, 0.0, 0.0, 1996-02-12 00:00:00, 1.0, 9.0, 0.0
0.0, 0.0, 0.0, 1996-02-13 00:00:00, 1.0, 11.5, 0.0
0.0, 0.0, 0.0, 1996-02-14 00:00:00, 3.0, 11.5, 0.0
0.0, 0.0, 0.0, 1996-02-15 00:00:00, 3.5, 11.5, 0.0
10.9, 10.9, 0.0, 1996-02-16 00:00:00, 2.0, 10.5, 0.0
35.7, 35.7, 0.0, 1996-02-17 00:00:00, 6.0, 10.5, 0.0
12.5, 12.5, 0.0, 1996-02-18 00:00:00, 6.5, 10.5, 0.0
10.4, 10.4, 0.0, 1996-02-19 00:00:00, 4.0, 8.5, 0.0
11.5, 11.5, 0.0, 1996-02-20 00:00:00, 4.0, 8.5, 0.0
1.6, 1.6, 0.0, 1996-02-21 00:00:00, 1.0, 6.5, 0.0
10.1, 8.1, 2.0, 1996-02-22 00:00:00, -1.5, 4.5, 0.0
12.0, 0.0, 12.0, 1996-02-23 00:00:00, -1.5, 6.5, None
0.0, 0.0, 0.0, 1996-02-24 00:00:00, 0.0, 3.5, None
0.0, 0.0, 0.0, 1996-02-25 00:00:00, -2.0, 5.0, None
2.2, 0.0, 2.2, 1996-02-26 00:00:00, -3.5, 4.0, None
0.0, 0.0, 0.0, 1996-02-27 00:00:00, -1.5, 4.0, None
0.0, 0.0, 0.0, 1996-02-28 00:00:00, -3.5, 6.0, None
0.0, 0.0, 0.0, 1996-02-29 00:00:00, -3.0, 8.0, None
0.0, 0.0, 0.0, 1996-03-01 00:00:00, -2.0, 8.5, None
0.0, 0.0, 0.0, 1996-03-02 00:00:00, -1.5, 8.0, None
46.0, 0.0, 46.0, 1996-03-03 00:00:00, -1.0, 2.5, None
4.0, 0.0, 4.0, 1996-03-04 00:00:00, -0.5, 1.5, None
0.0, 0.0, 0.0, 1996-03-05 00:00:00, -3.0, 5.0, None
3.6, 3.6, 0.0, 1996-03-06 00:00:00, -0.5, 7.5, None
12.6, 12.6, 0.0, 1996-03-07 00:00:00, 2.0, 5.5, None
13.2, 13.2, 0.0, 1996-03-08 00:00:00, 3.0, 8.0, None
6.7, 6.7, 0.0, 1996-03-09 00:00:00, 3.0, 10.0, None
3.3, 3.3, 0.0, 1996-03-10 00:00:00, 5.0, 10.0, None
0.0, 0.0, 0.0, 1996-03-11 00:00:00, 4.0, 12.0, 0.0
0.0, 0.0, 0.0, 1996-03-12 00:00:00, 3.0, 12.0, 0.0
0.0, 0.0, 0.0, 1996-03-13 00:00:00, 2.0, 12.5, 0.0
0.0, 0.0, 0.0, 1996-03-14 00:00:00, 2.5, 13.0, 0.0
0.0, 0.0, 0.0, 1996-03-15 00:00:00, 3.5, 12.5, 0.0
0.0, 0.0, 0.0, 1996-03-16 00:00:00, 4.0, 8.0, 0.0
0.0, 0.0, 0.0, 1996-03-17 00:00:00, 3.5, 11.0, 0.0
1.7, 1.7, 0.0, 1996-03-18 00:00:00, 1.0, 12.0, 0.0
5.6, 5.6, 0.0, 1996-03-19 00:00:00, 6.0, 9.5, 0.0
0.0, 0.0, 0.0, 1996-03-20 00:00:00, 4.0, 9.5, 0.0
0.7, 0.7, 0.0, 1996-03-21 00:00:00, 3.5, 10.0, 0.0
0.0, 0.0, 0.0, 1996-03-22 00:00:00, 3.0, 13.5, 0.0
0.0, 0.0, 0.0, 1996-03-23 00:00:00, 2.0, 13.0, 0.0
0.0, 0.0, 0.0, 1996-03-24 00:00:00, -1.5, 11.0, 0.0
0.0, 0.0, 0.0, 1996-03-25 00:00:00, -1.5, 11.0, 0.0
2.2, 2.2, 0.0, 1996-03-26 00:00:00, 0.5, 11.5, 0.0
0.0, 0.0, 0.0, 1996-03-27 00:00:00, 0.0, 12.5, 0.0
0.0, 0.0, 0.0, 1996-03-28 00:00:00, 0.5, 12.0, 0.0
0.5, 0.5, 0.0, 1996-03-29 00:00:00, 3.0, 11.5, 0.0
0.0, 0.0, 0.0, 1996-03-30 00:00:00, -0.5, 10.0, 0.0
9.9, 9.9, 0.0, 1996-03-31 00:00:00, 3.5, 10.0, 0.0
1.2, 1.2, 0.0, 1996-04-01 00:00:00, 4.0, 11.0, 0.0
0.0, 0.0, 0.0, 1996-04-02 00:00:00, -0.5, 9.0, 0.0
5.1, 5.1, 0.0, 1996-04-03 00:00:00, 5.0, 7.5, 0.0
3.6, 3.6, 0.0, 1996-04-04 00:00:00, 5.0, 12.5, 0.0
12.8, 12.8, 0.0, 1996-04-05 00:00:00, 8.0, 11.0, 0.0
13.3, 13.3, 0.0, 1996-04-06 00:00:00, 7.5, 13.5, 0.0
3.8, 3.8, 0.0, 1996-04-07 00:00:00, 9.0, 15.5, 0.0
0.0, 0.0, 0.0, 1996-04-08 00:00:00, 10.5, 16.0, 0.0
0.6, 0.6, 0.0, 1996-04-09 00:00:00, 10.0, 17.0, 0.0
1.0, 1.0, 0.0, 1996-04-10 00:00:00, 7.0, 15.5, 0.0
23.7, 23.7, 0.0, 1996-04-11 00:00:00, 4.0, 9.0, 0.0
1.0, 1.0, 0.0, 1996-04-12 00:00:00, 5.5, 12.0, 0.0
0.7, 0.7, 0.0, 1996-04-13 00:00:00, 5.5, 13.0, 0.0
10.7, 10.7, 0.0, 1996-04-14 00:00:00, 6.5, 16.5, 0.0
6.5, 6.5, 0.0, 1996-04-15 00:00:00, 9.0, 15.5, 0.0
5.4, 5.4, 0.0, 1996-04-16 00:00:00, 8.0, 12.0, 0.0
5.7, 5.7, 0.0, 1996-04-17 00:00:00, 4.0, 11.5, 0.0
2.2, 2.2, 0.0, 1996-04-18 00:00:00, 4.5, 11.0, 0.0
2.6, 2.6, 0.0, 1996-04-19 00:00:00, 5.5, 10.0, 0.0
0.0, 0.0, 0.0, 1996-04-20 00:00:00, 3.5, 12.5, 0.0
1.1, 1.1, 0.0, 1996-04-21 00:00:00, 3.0, 16.0, 0.0
22.2, 22.2, 0.0, 1996-04-22 00:00:00, 7.0, 10.0, 0.0
14.7, 14.7, 0.0, 1996-04-23 00:00:00, 7.0, 10.5, 0.0
3.0, 3.0, 0.0, 1996-04-24 00:00:00, 4.0, 14.5, 0.0
23.2, 23.2, 0.0, 1996-04-25 00:00:00, 5.5, 10.5, 0.0
0.0, 0.0, 0.0, 1996-04-26 00:00:00, 4.0, 13.0, 0.0
0.0, 0.0, 0.0, 1996-04-27 00:00:00, 2.5, 13.5, 0.0
2.9, 2.9, 0.0, 1996-04-28 00:00:00, 4.5, 9.0, 0.0
0.0, 0.0, 0.0, 1996-04-29 00:00:00, 4.5, 15.0, 0.0
3.2, 3.2, 0.0, 1996-04-30 00:00:00, 5.0, 12.5, 0.0
3.2, 3.2, 0.0, 1996-05-01 00:00:00, 3.0, 12.0, 0.0
2.1, 2.1, 0.0, 1996-05-02 00:00:00, 1.5, 13.0, 0.0
2.5, 2.5, 0.0, 1996-05-03 00:00:00, 5.0, 9.5, 0.0
0.0, 0.0, 0.0, 1996-05-04 00:00:00, 2.0, 14.5, 0.0
0.6, 0.6, 0.0, 1996-05-05 00:00:00, 4.5, 16.0, 0.0
0.7, 0.7, 0.0, 1996-05-06 00:00:00, 5.0, 14.5, 0.0
5.2, 5.2, 0.0, 1996-05-07 00:00:00, 2.5, 12.5, 0.0
0.0, 0.0, 0.0, 1996-05-08 00:00:00, 4.0, 12.0, 0.0
0.0, 0.0, 0.0, 1996-05-09 00:00:00, 2.0, 13.0, 0.0
0.8, 0.8, 0.0, 1996-05-10 00:00:00, 4.5, 13.5, 0.0
3.4, 3.4, 0.0, 1996-05-11 00:00:00, 5.5, 10.5, 0.0
12.6, 12.6, 0.0, 1996-05-12 00:00:00, 8.0, 15.0, 0.0
0.7, 0.7, 0.0, 1996-05-13 00:00:00, 11.0, 16.0, 0.0
0.0, 0.0, 0.0, 1996-05-14 00:00:00, 7.5, 16.5, 0.0
0.0, 0.0, 0.0, 1996-05-15 00:00:00, 5.5, 17.5, 0.0
3.9, 3.9, 0.0, 1996-05-16 00:00:00, 7.0, 16.0, 0.0
16.6, 16.6, 0.0, 1996-05-17 00:00:00, 8.0, 11.5, 0.0
3.0, 3.0, 0.0, 1996-05-18 00:00:00, 7.5, 14.0, 0.0
0.6, 0.6, 0.0, 1996-05-19 00:00:00, 8.5, 15.5, 0.0
5.6, 5.6, 0.0, 1996-05-20 00:00:00, 6.0, 14.0, 0.0
2.6, 2.6, 0.0, 1996-05-21 00:00:00, 6.0, 16.0, 0.0
3.6, 3.6, 0.0, 1996-05-22 00:00:00, 8.0, 14.5, 0.0
0.0, 0.0, 0.0, 1996-05-23 00:00:00, 9.0, 16.5, 0.0
1.3, 1.3, 0.0, 1996-05-24 00:00:00, 8.0, 21.0, 0.0
0.6, 0.6, 0.0, 1996-05-25 00:00:00, 12.0, 20.5, 0.0
0.0, 0.0, 0.0, 1996-05-26 00:00:00, 6.5, 19.0, 0.0
0.7, 0.7, 0.0, 1996-05-27 00:00:00, 6.5, 18.0, 0.0
0.0, 0.0, 0.0, 1996-05-28 00:00:00, 8.0, 19.0, 0.0
0.0, 0.0, 0.0, 1996-05-29 00:00:00, 6.5, 20.0, 0.0
0.0, 0.0, 0.0, 1996-05-30 00:00:00, 10.0, 19.0, 0.0
0.0, 0.0, 0.0, 1996-05-31 00:00:00, 7.0, 19.0, 0.0
