station_observations
ONE_DAY_PRECIPITATION, ONE_DAY_RAIN, ONE_DAY_SNOW, time, MIN_TEMP, MAX_TEMP
None, None, None, 1974-06-24 00:00:00, None, 15.6
0.5, 0.5, 0.0, 1974-06-25 00:00:00, 5.0, 19.4
31.0, 31.0, 0.0, 1974-06-26 00:00:00, 8.3, 13.3
26.2, 26.2, 0.0, 1974-06-27 00:00:00, 8.3, 11.7
21.6, 21.6, 0.0, 1974-06-28 00:00:00, 7.2, 11.7
16.0, 16.0, 0.0, 1974-06-29 00:00:00, 8.9, 13.9
11.2, 11.2, 0.0, 1974-06-30 00:00:00, 10.0, 13.9
0.3, 0.3, 0.0, 1974-07-01 00:00:00, 9.4, 12.8
2.5, 2.5, 0.0, 1974-07-02 00:00:00, 8.9, 12.8
5.6, 5.6, 0.0, 1974-07-03 00:00:00, 8.9, 12.8
2.3, 2.3, 0.0, 1974-07-04 00:00:00, 8.9, 11.7
0.0, 0.0, 0.0, 1974-07-05 00:00:00, 8.9, 14.4
0.0, 0.0, 0.0, 1974-07-06 00:00:00, 10.0, 15.6
0.0, 0.0, 0.0, 1974-07-07 00:00:00, 7.8, 20.0
0.0, 0.0, 0.0, 1974-07-08 00:00:00, 8.9, 23.3
0.0, 0.0, 0.0, 1974-07-09 00:00:00, 10.0, 17.2
0.3, 0.3, 0.0, 1974-07-10 00:00:00, 11.1, 15.0
4.6, 4.6, 0.0, 1974-07-11 00:00:00, 9.4, 14.4
1.5, 1.5, 0.0, 1974-07-12 00:00:00, 8.3, 13.3
1.0, 1.0, 0.0, 1974-07-13 00:00:00, 7.8, 20.0
10.9, 10.9, 0.0, 1974-07-14 00:00:00, 10.6, 15.0
18.5, 18.5, 0.0, 1974-07-15 00:00:00, 10.0, 13.9
0.0, 0.0, 0.0, 1974-07-16 00:00:00, 8.9, 16.7
5.3, 5.3, 0.0, 1974-07-17 00:00:00, 10.0, 15.6
5.1, 5.1, 0.0, 1974-07-18 00:00:00, 11.1, 16.1
2.0, 2.0, 0.0, 1974-07-19 00:00:00, 9.4, 14.4
0.0, 0.0, 0.0, 1974-07-20 00:00:00, 9.4, 17.2
8.4, 8.4, 0.0, 1974-07-21 00:00:00, 7.8, 17.2
10.7, 10.7, 0.0, 1974-07-22 00:00:00, 10.6, 15.0
10.2, 10.2, 0.0, 1974-07-23 00:00:00, 11.1, 12.8
0.3, 0.3, 0.0, 1974-07-24 00:00:00, 10.6, 13.9
0.0, 0.0, 0.0, 1974-07-25 00:00:00, 9.4, 15.0
0.0, 0.0, 0.0, 1974-07-26 00:00:00, 7.8, 18.9
0.0, 0.0, 0.0, 1974-07-27 00:00:00, 7.8, 19.4
0.0, 0.0, 0.0, 1974-07-28 00:00:00, 12.2, 22.2
0.0, 0.0, 0.0, 1974-07-29 00:00:00, 10.0, 22.2
0.0, 0.0, 0.0, 1974-07-30 00:00:00, 10.0, 23.3
0.0, 0.0, 0.0, 1974-07-31 00:00:00, 10.6, 25.0
0.0, 0.0, 0.0, 1974-08-01 00:00:00, 11.7, 25.0
0.0, 0.0, 0.0, 1974-08-02 00:00:00, 11.1, 20.6
0.0, 0.0, 0.0, 1974-08-03 00:00:00, 12.8, 21.7
8.1, 8.1, 0.0, 1974-08-04 00:00:00, 11.7, 16.1
1.0, 1.0, 0.0, 1974-08-05 00:00:00, 10.6, 17.2
0.0, 0.0, 0.0, 1974-08-06 00:00:00, 8.3, 18.3
0.0, 0.0, 0.0, 1974-08-07 00:00:00, 8.3, 18.3
0.0, 0.0, 0.0, 1974-08-08 00:00:00, 11.1, 21.7
0.0, 0.0, 0.0, 1974-08-09 00:00:00, 11.7, 20.6
0.0, 0.0, 0.0, 1974-08-10 00:00:00, 10.0, 20.6
0.0, 0.0, 0.0, 1974-08-11 00:00:00, 9.4, 22.8
0.0, 0.0, 0.0, 1974-08-12 00:00:00, 11.7, 26.1
0.0, 0.0, 0.0, 1974-08-13 00:00:00, 11.7, 22.8
0.0, 0.0, 0.0, 1974-08-14 00:00:00, 11.1, 20.0
0.0, 0.0, 0.0, 1974-08-15 00:00:00, 13.9, 21.7
0.0, 0.0, 0.0, 1974-08-16 00:00:00, 11.1, 18.9
0.0, 0.0, 0.0, 1974-08-17 00:00:00, 12.8, 20.6
0.0, 0.0, 0.0, 1974-08-18 00:00:00, 11.7, 16.1
0.0, 0.0, 0.0, 1974-08-19 00:00:00, 11.7, 15.0
3.6, 3.6, 0.0, 1974-08-20 00:00:00, 11.7, 15.6
0.5, 0.5, 0.0, 1974-08-21 00:00:00, 10.6, 13.9
0.0, 0.0, 0.0, 1974-08-22 00:00:00, 10.6, 13.9
1.0, 1.0, 0.0, 1974-08-23 00:00:00, 10.6, 15.0
0.0, 0.0, 0.0, 1974-08-24 00:00:00, 11.1, 14.4
0.0, 0.0, 0.0, 1974-08-25 00:00:00, 11.1, 13.9
0.0, 0.0, 0.0, 1974-08-26 00:00:00, 10.6, 18.9
0.0, 0.0, 0.0, 1974-08-27 00:00:00, 11.1, 24.4
0.0, 0.0, 0.0, 1974-08-28 00:00:00, 12.8, 23.3
0.0, 0.0, 0.0, 1974-08-29 00:00:00, 12.2, 25.6
0.0, 0.0, 0.0, 1974-08-30 00:00:00, 12.8, 24.4
0.0, 0.0, 0.0, 1974-08-31 00:00:00, 12.8, 23.3
0.0, 0.0, 0.0, 1974-09-01 00:00:00, 13.3, 27.2
0.0, 0.0, 0.0, 1974-09-02 00:00:00, 11.1, 23.9
0.0, 0.0, 0.0, 1974-09-03 00:00:00, 11.7, 22.2
8.6, 8.6, 0.0, 1974-09-04 00:00:00, 11.1, 17.2
43.2, 43.2, 0.0, 1974-09-05 00:00:00, 12.2, 13.9
10.4, 10.4, 0.0, 1974-09-06 00:00:00, 11.7, 13.3
1.0, 1.0, 0.0, 1974-09-07 00:00:00, 11.1, 15.0
39.9, 39.9, 0.0, 1974-09-08 00:00:00, 11.1, 13.9
20.1, 20.1, 0.0, 1974-09-09 00:00:00, 11.1, 11.1
0.0, 0.0, 0.0, 1974-09-10 00:00:00, 10.0, 16.1
0.0, 0.0, 0.0, 1974-09-11 00:00:00, 9.4, 16.7
0.0, 0.0, 0.0, 1974-09-12 00:00:00, 10.0, 16.7
0.0, 0.0, 0.0, 1974-09-13 00:00:00, 10.6, 18.9
0.0, 0.0, 0.0, 1974-09-14 00:00:00, 10.6, 17.2
28.2, 28.2, 0.0, 1974-09-15 00:00:00, 9.4, 18.3
3.3, 3.3, 0.0, 1974-09-16 00:00:00, 12.2, 16.7
0.0, 0.0, 0.0, 1974-09-17 00:00:00, 12.2, 17.2
0.0, 0.0, 0.0, 1974-09-18 00:00:00, 10.0, 17.2
0.0, 0.0, 0.0, 1974-09-19 00:00:00, 9.4, 19.4
0.0, 0.0, 0.0, 1974-09-20 00:00:00, 10.6, 20.0
0.0, 0.0, 0.0, 1974-09-21 00:00:00, 10.6, 20.0
0.0, 0.0, 0.0, 1974-09-22 00:00:00, 10.0, 19.4
0.0, 0.0, 0.0, 1974-09-23 00:00:00, 10.0, 18.3
0.0, 0.0, 0.0, 1974-09-24 00:00:00, 10.6, 20.0
7.9, 7.9, 0.0, 1974-09-25 00:00:00, 9.4, 15.0
12.7, 12.7, 0.0, 1974-09-26 00:00:00, 8.9, 13.3
18.5, 18.5, 0.0, 1974-09-27 00:00:00, 9.4, 12.8
5.1, 5.1, 0.0, 1974-09-28 00:00:00, 7.2, 11.7
2.5, 2.5, 0.0, 1974-09-29 00:00:00, 6.1, 11.7
66.3, 66.3, 0.0, 1974-09-30 00:00:00, 7.8, 13.9
78.5, 78.5, 0.0, 1974-10-01 00:00:00, 9.4, 16.1
25.1, 25.1, 0.0, 1974-10-02 00:00:00, 3.3, 8.3
10.2, 10.2, 0.0, 1974-10-03 00:00:00, 3.9, 8.9
0.0, 0.0, 0.0, 1974-10-04 00:00:00, 3.3, 9.4
8.9, 8.9, 0.0, 1974-10-05 00:00:00, 4.4, 8.9
72.6, 72.6, 0.0, 1974-10-06 00:00:00, 6.7, 12.2
30.0, 30.0, 0.0, 1974-10-07 00:00:00, 10.6, 13.9
12.2, 12.2, 0.0, 1974-10-08 00:00:00, 11.7, 16.1
17.8, 17.8, 0.0, 1974-10-09 00:00:00, 8.9, 11.7
0.0, 0.0, 0.0, 1974-10-10 00:00:00, 5.6, 10.6
75.2, 75.2, 0.0, 1974-10-11 00:00:00, 5.6, 13.3
0.8, 0.8, 0.0, 1974-10-12 00:00:00, 6.7, 11.7
5.3, 5.3, 0.0, 1974-10-13 00:00:00, 5.0, 9.4
151.6, 151.6, 0.0, 1974-10-14 00:00:00, 5.0, 12.2
37.6, 37.6, 0.0, 1974-10-15 00:00:00, 8.9, 11.7
13.2, 13.2, 0.0, 1974-10-16 00:00:00, 7.8, 9.4
55.9, 55.9, 0.0, 1974-10-17 00:00:00, 8.3, 12.2
1.3, 1.3, 0.0, 1974-10-18 00:00:00, 11.7, 15.0
13.2, 13.2, 0.0, 1974-10-19 00:00:00, 10.0, 13.9
0.0, 0.0, 0.0, 1974-10-20 00:00:00, 3.9, 9.4
0.0, 0.0, 0.0, 1974-10-21 00:00:00, 2.8, 8.3
26.7, 26.7, 0.0, 1974-10-22 00:00:00, 5.6, 13.3
0.0, 0.0, 0.0, 1974-10-23 00:00:00, 7.2, 10.0
0.0, 0.0, 0.0, 1974-10-24 00:00:00, 6.1, 10.0
6.4, 6.4, 0.0, 1974-10-25 00:00:00, 5.0, 9.4
16.3, 16.3, 0.0, 1974-10-26 00:00:00, 7.2, 12.8
5.1, 5.1, 0.0, 1974-10-27 00:00:00, 5.6, 9.4
0.3, 0.3, 0.0, 1974-10-28 00:00:00, 5.0, 9.4
0.0, 0.0, 0.0, 1974-10-29 00:00:00, 4.4, 7.8
19.6, 19.6, 0.0, 1974-10-30 00:00:00, 4.4, 7.8
0.3, 0.3, 0.0, 1974-10-31 00:00:00, 6.1, 9.4
0.8, 0.8, 0.0, 1974-11-01 00:00:00, 4.4, 7.8
2.3, 2.3, 0.0, 1974-11-02 00:00:00, 5.6, 7.8
11.9, 11.9, 0.0, 1974-11-03 00:00:00, 5.6, 10.0
41.4, 41.4, 0.0, 1974-11-04 00:00:00, 6.1, 8.9
18.8, 18.8, 0.0, 1974-11-05 00:00:00, 4.4, 6.7
33.3, 33.3, 0.0, 1974-11-06 00:00:00, 2.8, 5.6
28.2, 28.2, 0.0, 1974-11-07 00:00:00, 2.8, 5.6
43.2, 43.2, 0.0, 1974-11-08 00:00:00, 3.3, 5.6
16.0, 16.0, 0.0, 1974-11-09 00:00:00, 2.2, 5.0
8.9, 8.9, 0.0, 1974-11-10 00:00:00, 2.8, 5.6
0.0, 0.0, 0.0, 1974-11-11 00:00:00, 2.8, 6.1
3.3, 3.3, 0.0, 1974-11-12 00:00:00, 0.0, 5.6
4.8, 4.8, 0.0, 1974-11-13 00:00:00, 0.0, 4.4
0.0, 0.0, 0.0, 1974-11-14 00:00:00, 3.3, 5.6
16.0, 16.0, 0.0, 1974-11-15 00:00:00, 1.1, 5.6
18.8, 18.8, 0.0, 1974-11-16 00:00:00, 0.0, 3.3
9.4, 9.4, 0.0, 1974-11-17 00:00:00, 0.0, 5.6
14.7, 14.7, 0.0, 1974-11-18 00:00:00, 2.8, 4.4
6.4, 6.4, 0.0, 1974-11-19 00:00:00, 1.7, 3.3
0.0, 0.0, 0.0, 1974-11-20 00:00:00, -0.6, 2.2
4.6, 0.0, 4.6, 1974-11-21 00:00:00, -3.3, 1.7
25.4, 25.4, 0.0, 1974-11-22 00:00:00, -2.8, 2.2
10.2, 10.2, 0.0, 1974-11-23 00:00:00, 0.6, 3.9
8.9, 8.9, 0.0, 1974-11-24 00:00:00, 1.1, 3.3
6.9, 6.9, 0.0, 1974-11-25 00:00:00, 0.6, 3.9
12.2, 12.2, 0.0, 1974-11-26 00:00:00, 2.2, 4.4
2.3, 2.3, 0.0, 1974-11-27 00:00:00, 3.3, 6.1
10.4, 10.4, 0.0, 1974-11-28 00:00:00, 4.4, 6.7
9.1, 9.1, 0.0, 1974-11-29 00:00:00, 2.8, 5.6
3.0, 3.0, 0.0, 1974-11-30 00:00:00, 3.3, 5.0
0.8, 0.8, 0.0, 1974-12-01 00:00:00, 3.9, 5.0
7.4, 7.4, 0.0, 1974-12-02 00:00:00, 3.3, 5.0
4.3, 4.3, 0.0, 1974-12-03 00:00:00, 3.3, 6.1
11.2, 11.2, 0.0, 1974-12-04 00:00:00, 1.7, 5.6
2.3, 2.3, 0.0, 1974-12-05 00:00:00, 4.4, 7.2
15.5, 15.5, 0.0, 1974-12-06 00:00:00, 3.3, 7.8
85.1, 85.1, 0.0, 1974-12-07 00:00:00, 4.4, 9.4
32.8, 32.8, 0.0, 1974-12-08 00:00:00, 5.0, 8.9
42.7, 42.7, 0.0, 1974-12-09 00:00:00, 2.8, 4.4
12.2, 12.2, 0.0, 1974-12-10 00:00:00, 3.3, 5.0
1.5, 1.5, 0.0, 1974-12-11 00:00:00, 2.2, 5.0
4.8, 4.8, 0.0, 1974-12-12 00:00:00, 1.1, 3.9
42.2, 42.2, 0.0, 1974-12-13 00:00:00, 2.2, 5.0
12.2, 12.2, 0.0, 1974-12-14 00:00:00, 1.7, 5.0
105.9, 105.9, 0.0, 1974-12-15 00:00:00, 2.8, 9.4
13.7, 13.7, 0.0, 1974-12-16 00:00:00, 2.2, 9.4
48.0, 48.0, 0.0, 1974-12-17 00:00:00, 0.0, 3.3
30.0, 30.0, 0.0, 1974-12-18 00:00:00, 0.6, 4.4
22.4, 22.4, 0.0, 1974-12-19 00:00:00, 1.1, 3.9
12.7, 12.7, 0.0, 1974-12-20 00:00:00, 0.6, 3.9
0.3, 0.3, 0.0, 1974-12-21 00:00:00, 0.0, 2.8
1.5, 1.5, 0.0, 1974-12-22 00:00:00, -0.6, 1.1
49.5, 49.5, 0.0, 1974-12-23 00:00:00, 0.0, 3.9
60.2, 60.2, 0.0, 1974-12-24 00:00:00, 0.6, 8.3
44.7, 44.2, 0.5, 1974-12-25 00:00:00, 1.7, 5.6
9.9, 6.9, 3.0, 1974-12-26 00:00:00, 0.0, 1.1
11.4, 0.0, 11.4, 1974-12-27 00:00:00, 0.0, 1.7
56.4, 53.3, 3.0, 1974-12-28 00:00:00, -0.6, 1.7
9.4, 9.4, 0.0, 1974-12-29 00:00:00, 0.0, 2.8
43.4, 43.4, 0.0, 1974-12-30 00:00:00, 0.6, 5.6
18.3, 17.8, 0.5, 1974-12-31 00:00:00, 0.6, 3.9
21.3, 21.3, 0.0, 1975-01-01 00:00:00, 0.6, 3.3
49.0, 47.5, 1.5, 1975-01-02 00:00:00, 0.6, 4.4
8.4, 5.1, 3.3, 1975-01-03 00:00:00, 0.0, 0.6
22.1, 20.1, 2.0, 1975-01-04 00:00:00, -1.1, 1.7
27.9, 16.5, 11.4, 1975-01-05 00:00:00, 0.0, 2.2
30.5, 0.0, 30.5, 1975-01-06 00:00:00, -1.7, 0.0
4.1, 0.0, 4.1, 1975-01-07 00:00:00, -2.8, 0.6
1.8, 0.0, 1.8, 1975-01-08 00:00:00, -7.2, -2.2
0.0, 0.0, 0.0, 1975-01-09 00:00:00, -8.9, -5.0
0.0, 0.0, 0.0, 1975-01-10 00:00:00, -11.7, -8.3
19.1, 4.6, 14.5, 1975-01-11 00:00:00, -11.7, 1.1
24.9, 23.9, 1.0, 1975-01-12 00:00:00, -5.0, 2.2
7.4, 4.3, 3.0, 1975-01-13 00:00:00, 0.0, 1.7
0.0, 0.0, 0.0, 1975-01-14 00:00:00, -2.8, 0.6
0.0, 0.0, 0.0, 1975-01-15 00:00:00, -4.4, -1.7
41.9, 40.9, 1.0, 1975-01-16 00:00:00, -3.9, 1.1
7.6, 7.6, 0.0, 1975-01-17 00:00:00, 0.6, 1.7
77.0, 77.0, 0.0, 1975-01-18 00:00:00, 0.0, 6.7
13.0, 13.0, 0.0, 1975-01-19 00:00:00, 1.7, 7.2
26.9, 26.9, 0.0, 1975-01-20 00:00:00, 0.0, 2.8
45.2, 45.2, 0.0, 1975-01-21 00:00:00, 0.6, 1.7
49.8, 49.8, 0.0, 1975-01-22 00:00:00, 0.6, 3.3
28.7, 28.7, 0.0, 1975-01-23 00:00:00, 0.6, 3.9
2.3, 2.3, 0.0, 1975-01-24 00:00:00, 0.0, 3.3
0.0, 0.0, 0.0, 1975-01-25 00:00:00, -1.7, 1.1
2.0, 0.0, 2.0, 1975-01-26 00:00:00, -4.4, 0.0
2.8, 0.0, 2.8, 1975-01-27 00:00:00, -4.4, 0.6
0.0, 0.0, 0.0, 1975-01-28 00:00:00, -5.0, -1.7
17.0, 0.0, 17.0, 1975-01-29 00:00:00, -3.9, 0.0
2.5, 0.0, 2.5, 1975-01-30 00:00:00, -2.2, 1.7
0.0, 0.0, 0.0, 1975-01-31 00:00:00, -5.0, -3.3
0.0, 0.0, 0.0, 1975-02-01 00:00:00, -9.4, -3.3
0.0, 0.0, 0.0, 1975-02-02 00:00:00, -10.6, -2.8
0.0, 0.0, 0.0, 1975-02-03 00:00:00, -8.9, -2.2
0.0, 0.0, 0.0, 1975-02-04 00:00:00, -7.8, 2.2
0.0, 0.0, 0.0, 1975-02-05 00:00:00, -11.1, -0.6
0.0, 0.0, 0.0, 1975-02-06 00:00:00, -11.1, 2.8
0.0, 0.0, 0.0, 1975-02-07 00:00:00, -6.1, 2.8
0.0, 0.0, 0.0, 1975-02-08 00:00:00, -12.2, -0.6
0.0, 0.0, 0.0, 1975-02-09 00:00:00, -12.2, -1.7
0.0, 0.0, 0.0, 1975-02-10 00:00:00, -11.1, -6.7
0.0, 0.0, 0.0, 1975-02-11 00:00:00, -15.0, -6.1
0.0, 0.0, 0.0, 1975-02-12 00:00:00, -12.2, -5.0
1.3, 0.0, 1.3, 1975-02-13 00:00:00, -11.7, -5.6
36.1, 27.4, 8.6, 1975-02-14 00:00:00, -10.0, 2.8
5.6, 2.5, 3.0, 1975-02-15 00:00:00, 0.0, 2.8
3.6, 0.0, 3.6, 1975-02-16 00:00:00, -3.9, 1.7
22.4, 22.4, 0.0, 1975-02-17 00:00:00, -1.1, 2.8
43.2, 43.2, 0.0, 1975-02-18 00:00:00, 0.6, 2.8
7.9, 3.3, 4.6, 1975-02-19 00:00:00, -1.7, 2.2
20.3, 9.1, 11.2, 1975-02-20 00:00:00, -2.2, 2.8
59.2, 59.2, 0.0, 1975-02-21 00:00:00, 0.0, 3.9
73.9, 73.9, 0.0, 1975-02-22 00:00:00, 1.7, 7.8
11.9, 8.4, 3.6, 1975-02-23 00:00:00, 0.6, 5.6
0.5, 0.5, 0.0, 1975-02-24 00:00:00, 0.0, 1.7
6.4, 6.4, 0.0, 1975-02-25 00:00:00, -2.8, 6.7
12.2, 12.2, 0.0, 1975-02-26 00:00:00, -0.6, 4.4
0.0, 0.0, 0.0, 1975-02-27 00:00:00, 0.6, 5.0
0.0, 0.0, 0.0, 1975-02-28 00:00:00, -1.1, 6.1
12.4, 12.4, 0.0, 1975-03-01 00:00:00, -0.6, 3.9
6.6, 6.6, 0.0, 1975-03-02 00:00:00, 1.1, 5.6
2.3, 1.0, 1.3, 1975-03-03 00:00:00, 0.6, 3.9
2.3, 1.3, 1.0, 1975-03-04 00:00:00, 0.0, 3.9
0.0, 0.0, 0.0, 1975-03-05 00:00:00, -0.6, 4.4
0.0, 0.0, 0.0, 1975-03-06 00:00:00, -3.3, 7.2
0.0, 0.0, 0.0, 1975-03-07 00:00:00, -2.8, 5.0
6.1, 2.5, 3.6, 1975-03-08 00:00:00, -0.6, 1.1
0.0, 0.0, 0.0, 1975-03-09 00:00:00, -2.2, 4.4
0.0, 0.0, 0.0, 1975-03-10 00:00:00, -6.1, 4.4
1.5, 1.5, 0.0, 1975-03-11 00:00:00, -5.6, 4.4
0.0, 0.0, 0.0, 1975-03-12 00:00:00, -1.7, 5.6
22.1, 17.8, 4.3, 1975-03-13 00:00:00, -4.4, 5.0
11.7, 11.2, 0.5, 1975-03-14 00:00:00, 0.0, 3.9
4.1, 4.1, 0.0, 1975-03-15 00:00:00, 0.0, 3.3
8.1, 8.1, 0.0, 1975-03-16 00:00:00, 0.6, 5.0
10.9, 10.2, 0.8, 1975-03-17 00:00:00, 0.6, 6.1
1.5, 1.5, 0.0, 1975-03-18 00:00:00, 0.6, 6.1
12.7, 11.7, 1.0, 1975-03-19 00:00:00, 0.6, 7.8
4.6, 4.6, 0.0, 1975-03-20 00:00:00, 0.6, 5.6
0.0, 0.0, 0.0, 1975-03-21 00:00:00, -0.6, 7.8
23.4, 8.6, 14.7, 1975-03-22 00:00:00, -1.1, 7.2
19.8, 0.0, 19.8, 1975-03-23 00:00:00, -2.2, 2.2
14.0, 2.5, 11.4, 1975-03-24 00:00:00, -6.1, 1.1
0.0, 0.0, 0.0, 1975-03-25 00:00:00, -2.2, 4.4
0.0, 0.0, 0.0, 1975-03-26 00:00:00, -7.8, 3.9
2.8, 2.8, 0.0, 1975-03-27 00:00:00, -4.4, 5.6
4.8, 4.8, 0.0, 1975-03-28 00:00:00, 0.6, 3.9
25.4, 20.8, 4.6, 1975-03-29 00:00:00, 1.1, 5.0
0.0, 0.0, 0.0, 1975-03-30 00:00:00, -0.6, 5.6
1.5, 1.5, 0.0, 1975-03-31 00:00:00, -2.2, 6.1
18.0, 17.3, 0.8, 1975-04-01 00:00:00, -1.1, 3.9
2.8, 2.8, 0.0, 1975-04-02 00:00:00, 0.0, 4.4
0.0, 0.0, 0.0, 1975-04-03 00:00:00, 0.0, 7.2
0.0, 0.0, 0.0, 1975-04-04 00:00:00, -1.7, 9.4
0.0, 0.0, 0.0, 1975-04-05 00:00:00, -3.3, 8.9
2.0, 2.0, 0.0, 1975-04-06 00:00:00, -0.6, 7.8
0.0, 0.0, 0.0, 1975-04-07 00:00:00, 1.1, 7.8
0.0, 0.0, 0.0, 1975-04-08 00:00:00, 1.1, 9.4
0.0, 0.0, 0.0, 1975-04-09 00:00:00, -0.6, 12.2
2.8, 2.8, 0.0, 1975-04-10 00:00:00, -0.6, 10.0
2.3, 2.3, 0.0, 1975-04-11 00:00:00, 0.0, 7.8
0.8, 0.8, 0.0, 1975-04-12 00:00:00, 2.2, 5.0
0.0, 0.0, 0.0, 1975-04-13 00:00:00, -0.6, 10.0
0.0, 0.0, 0.0, 1975-04-14 00:00:00, 0.6, 12.2
0.0, 0.0, 0.0, 1975-04-15 00:00:00, 0.0, 13.9
0.0, 0.0, 0.0, 1975-04-16 00:00:00, 0.0, 12.8
9.1, 9.1, 0.0, 1975-04-17 00:00:00, 0.6, 10.0
7.1, 6.4, 0.8, 1975-04-18 00:00:00, 0.6, 6.7
12.2, 10.4, 1.8, 1975-04-19 00:00:00, 0.0, 5.6
8.4, 8.4, 0.0, 1975-04-20 00:00:00, 0.0, 5.6
17.3, 17.3, 0.0, 1975-04-21 00:00:00, 0.6, 6.7
15.0, 15.0, 0.0, 1975-04-22 00:00:00, 1.7, 6.7
19.3, 19.3, 0.0, 1975-04-23 00:00:00, 1.1, 5.0
1.3, 1.3, 0.0, 1975-04-24 00:00:00, 1.1, 10.0
0.0, 0.0, 0.0, 1975-04-25 00:00:00, 1.1, 11.7
16.8, 16.8, 0.0, 1975-04-26 00:00:00, 2.2, 7.8
0.3, 0.3, 0.0, 1975-04-27 00:00:00, 0.0, 8.3
0.3, 0.3, 0.0, 1975-04-28 00:00:00, 1.7, 10.6
0.0, 0.0, 0.0, 1975-04-29 00:00:00, 1.1, 11.7
0.0, 0.0, 0.0, 1975-04-30 00:00:00, 1.1, 12.8
9.4, 9.4, 0.0, 1975-05-01 00:00:00, 1.7, 13.3
2.0, 2.0, 0.0, 1975-05-02 00:00:00, 3.9, 8.9
0.0, 0.0, 0.0, 1975-05-03 00:00:00, 3.3, 13.9
1.0, 1.0, 0.0, 1975-05-04 00:00:00, 2.8, 12.2
2.5, 2.5, 0.0, 1975-05-05 00:00:00, 4.4, 11.1
4.1, 4.1, 0.0, 1975-05-06 00:00:00, 3.3, 9.4
1.5, 1.5, 0.0, 1975-05-07 00:00:00, 2.8, 8.9
0.0, 0.0, 0.0, 1975-05-08 00:00:00, 3.9, 15.6
0.0, 0.0, 0.0, 1975-05-09 00:00:00, 3.9, 18.3
2.8, 2.8, 0.0, 1975-05-10 00:00:00, 6.1, 18.9
4.6, 4.6, 0.0, 1975-05-11 00:00:00, 6.7, 11.7
0.0, 0.0, 0.0, 1975-05-12 00:00:00, 2.8, 12.8
0.0, 0.0, 0.0, 1975-05-13 00:00:00, 1.7, 14.4
9.7, 9.7, 0.0, 1975-05-14 00:00:00, 6.1, 17.8
11.2, 11.2, 0.0, 1975-05-15 00:00:00, 7.2, 9.4
31.8, 31.8, 0.0, 1975-05-16 00:00:00, 5.6, 7.8
36.6, 36.6, 0.0, 1975-05-17 00:00:00, 2.8, 6.1
2.8, 2.8, 0.0, 1975-05-18 00:00:00, 2.8, 9.4
0.0, 0.0, 0.0, 1975-05-19 00:00:00, 2.8, 12.2
7.4, 7.4, 0.0, 1975-05-20 00:00:00, 2.8, 12.8
3.3, 3.3, 0.0, 1975-05-21 00:00:00, 6.1, 11.7
14.5, 14.5, 0.0, 1975-05-22 00:00:00, 5.0, 8.3
2.3, 2.3, 0.0, 1975-05-23 00:00:00, 3.3, 7.8
0.0, 0.0, 0.0, 1975-05-24 00:00:00, 2.8, 11.1
0.0, 0.0, 0.0, 1975-05-25 00:00:00, 3.9, 15.0
0.0, 0.0, 0.0, 1975-05-26 00:00:00, 7.2, 13.3
3.3, 3.3, 0.0, 1975-05-27 00:00:00, 3.9, 14.4
0.0, 0.0, 0.0, 1975-05-28 00:00:00, 7.8, 14.4
0.0, 0.0, 0.0, 1975-05-29 00:00:00, 6.7, 16.1
0.0, 0.0, 0.0, 1975-05-30 00:00:00, 5.0, 18.3
0.0, 0.0, 0.0, 1975-05-31 00:00:00, 6.1, 18.9
2.8, 2.8, 0.0, 1975-06-01 00:00:00, 8.9, 19.4
6.6, 6.6, 0.0, 1975-06-02 00:00:00, 7.8, 11.7
16.5, 16.5, 0.0, 1975-06-03 00:00:00, 7.2, 12.2
14.5, 14.5, 0.0, 1975-06-04 00:00:00, 8.3, 11.1
12.2, 12.2, 0.0, 1975-06-05 00:00:00, 6.1, 10.6
1.5, 1.5, 0.0, 1975-06-06 00:00:00, 6.1, 12.2
2.3, 2.3, 0.0, 1975-06-07 00:00:00, 6.7, 12.8
0.0, 0.0, 0.0, 1975-06-08 00:00:00, 6.1, 13.3
14.7, 14.7, 0.0, 1975-06-09 00:00:00, 5.6, 15.0
0.0, 0.0, 0.0, 1975-06-10 00:00:00, 5.0, 11.1
1.5, 1.5, 0.0, 1975-06-11 00:00:00, 5.0, 16.7
39.4, 39.4, 0.0, 1975-06-12 00:00:00, 7.8, 11.7
17.8, 17.8, 0.0, 1975-06-13 00:00:00, 6.7, 13.3
6.9, 6.9, 0.0, 1975-06-14 00:00:00, 8.9, 12.2
0.0, 0.0, 0.0, 1975-06-15 00:00:00, 8.3, 12.8
0.0, 0.0, 0.0, 1975-06-16 00:00:00, 7.8, 13.9
0.0, 0.0, 0.0, 1975-06-17 00:00:00, 6.7, 20.0
0.0, 0.0, 0.0, 1975-06-18 00:00:00, 8.9, 24.4
0.0, 0.0, 0.0, 1975-06-19 00:00:00, 11.1, 22.8
0.0, 0.0, 0.0, 1975-06-20 00:00:00, 10.6, 17.2
3.8, 3.8, 0.0, 1975-06-21 00:00:00, 8.3, 14.4
0.0, 0.0, 0.0, 1975-06-22 00:00:00, 7.2, 13.9
0.0, 0.0, 0.0, 1975-06-23 00:00:00, 8.3, 18.3
3.8, 3.8, 0.0, 1975-06-24 00:00:00, 10.0, 11.7
8.6, 8.6, 0.0, 1975-06-25 00:00:00, 8.9, 16.1
1.0, 1.0, 0.0, 1975-06-26 00:00:00, 8.9, 13.9
2.5, 2.5, 0.0, 1975-06-27 00:00:00, 8.9, 12.8
0.0, 0.0, 0.0, 1975-06-28 00:00:00, 8.3, 13.9
0.0, 0.0, 0.0, 1975-06-29 00:00:00, 10.0, 13.3
0.0, 0.0, 0.0, 1975-06-30 00:00:00, 10.0, 18.9
0.0, 0.0, 0.0, 1975-07-01 00:00:00, 8.9, 22.8
0.0, 0.0, 0.0, 1975-07-02 00:00:00, 10.6, 23.3
0.0, 0.0, 0.0, 1975-07-03 00:00:00, 12.8, 19.4
0.0, 0.0, 0.0, 1975-07-04 00:00:00, 13.9, 25.0
0.0, 0.0, 0.0, 1975-07-05 00:00:00, 11.7, 23.3
0.0, 0.0, 0.0, 1975-07-06 00:00:00, 11.1, 24.4
0.0, 0.0, 0.0, 1975-07-07 00:00:00, 12.2, 25.0
0.0, 0.0, 0.0, 1975-07-08 00:00:00, 15.6, 22.2
0.0, 0.0, 0.0, 1975-07-09 00:00:00, 13.3, 21.1
0.0, 0.0, 0.0, 1975-07-10 00:00:00, 12.2, 16.7
0.0, 0.0, 0.0, 1975-07-11 00:00:00, 12.8, 21.1
0.8, 0.8, 0.0, 1975-07-12 00:00:00, 11.1, 16.1
0.0, 0.0, 0.0, 1975-07-13 00:00:00, 11.7, 16.7
0.0, 0.0, 0.0, 1975-07-14 00:00:00, 12.2, 17.2
0.5, 0.5, 0.0, 1975-07-15 00:00:00, 12.8, 17.2
1.8, 1.8, 0.0, 1975-07-16 00:00:00, 11.1, 15.6
11.4, 11.4, 0.0, 1975-07-17 00:00:00, 11.7, 15.6
3.8, 3.8, 0.0, 1975-07-18 00:00:00, 11.1, 14.4
18.3, 18.3, 0.0, 1975-07-19 00:00:00, 10.6, 14.4
3.6, 3.6, 0.0, 1975-07-20 00:00:00, 10.6, 14.4
3.8, 3.8, 0.0, 1975-07-21 00:00:00, 9.4, 18.3
0.0, 0.0, 0.0, 1975-07-22 00:00:00, 8.9, 22.8
8.9, 8.9, 0.0, 1975-07-23 00:00:00, 12.8, 16.7
6.4, 6.4, 0.0, 1975-07-24 00:00:00, 12.2, 19.4
93.7, 93.7, 0.0, 1975-07-25 00:00:00, 11.7, 13.3
46.7, 46.7, 0.0, 1975-07-26 00:00:00, 12.2, 14.4
0.8, 0.8, 0.0, 1975-07-27 00:00:00, 11.1, 13.9
0.0, 0.0, 0.0, 1975-07-28 00:00:00, 9.4, 13.9
0.0, 0.0, 0.0, 1975-07-29 00:00:00, 10.0, 16.7
2.5, 2.5, 0.0, 1975-07-30 00:00:00, 8.9, 15.6
6.1, 6.1, 0.0, 1975-07-31 00:00:00, 11.1, 16.7
10.7, 10.7, 0.0, 1975-08-01 00:00:00, 11.1, 12.8
5.8, 5.8, 0.0, 1975-08-02 00:00:00, 10.6, 12.8
43.4, 43.4, 0.0, 1975-08-03 00:00:00, 9.4, 14.4
25.7, 25.7, 0.0, 1975-08-04 00:00:00, 11.7, 14.4
17.3, 17.3, 0.0, 1975-08-05 00:00:00, 10.6, 12.8
32.8, 32.8, 0.0, 1975-08-06 00:00:00, 10.6, 12.2
2.5, 2.5, 0.0, 1975-08-07 00:00:00, 9.4, 14.4
18.0, 18.0, 0.0, 1975-08-08 00:00:00, 10.6, 13.3
3.3, 3.3, 0.0, 1975-08-09 00:00:00, 10.0, 12.2
5.1, 5.1, 0.0, 1975-08-10 00:00:00, 10.0, 12.8
0.0, 0.0, 0.0, 1975-08-11 00:00:00, 10.0, 13.9
0.0, 0.0, 0.0, 1975-08-12 00:00:00, 9.4, 20.0
0.0, 0.0, 0.0, 1975-08-13 00:00:00, 10.0, 21.1
0.0, 0.0, 0.0, 1975-08-14 00:00:00, 11.1, 19.4
0.0, 0.0, 0.0, 1975-08-15 00:00:00, 12.2, 18.3
3.0, 3.0, 0.0, 1975-08-16 00:00:00, 12.8, 16.1
0.8, 0.8, 0.0, 1975-08-17 00:00:00, 13.3, 16.1
0.0, 0.0, 0.0, 1975-08-18 00:00:00, 11.7, 19.4
7.4, 7.4, 0.0, 1975-08-19 00:00:00, 11.7, 15.0
1.0, 1.0, 0.0, 1975-08-20 00:00:00, 12.2, 15.6
6.9, 6.9, 0.0, 1975-08-21 00:00:00, 10.0, 13.3
0.0, 0.0, 0.0, 1975-08-22 00:00:00, 8.9, 13.3
0.0, 0.0, 0.0, 1975-08-23 00:00:00, 7.2, 17.8
1.3, 1.3, 0.0, 1975-08-24 00:00:00, 9.4, 13.3
4.8, 4.8, 0.0, 1975-08-25 00:00:00, 10.0, 12.2
1.5, 1.5, 0.0, 1975-08-26 00:00:00, 9.4, 13.9
24.9, 24.9, 0.0, 1975-08-27 00:00:00, 10.6, 15.0
13.0, 13.0, 0.0, 1975-08-28 00:00:00, 11.1, 12.8
23.9, 23.9, 0.0, 1975-08-29 00:00:00, 10.0, 15.6
0.0, 0.0, 0.0, 1975-08-30 00:00:00, 10.6, 15.0
0.0, 0.0, 0.0, 1975-08-31 00:00:00, 10.0, 15.0
5.1, 5.1, 0.0, 1975-09-01 00:00:00, 10.0, 12.2
0.5, 0.5, 0.0, 1975-09-02 00:00:00, 10.0, 13.9
3.0, 3.0, 0.0, 1975-09-03 00:00:00, 8.9, 12.8
13.2, 13.2, 0.0, 1975-09-04 00:00:00, 8.9, 12.2
0.0, 0.0, 0.0, 1975-09-05 00:00:00, 10.0, 17.8
1.3, 1.3, 0.0, 1975-09-06 00:00:00, 10.0, 17.8
0.0, 0.0, 0.0, 1975-09-07 00:00:00, 10.0, 16.1
0.0, 0.0, 0.0, 1975-09-08 00:00:00, 5.6, 15.6
0.0, 0.0, 0.0, 1975-09-09 00:00:00, 6.7, 16.7
0.0, 0.0, 0.0, 1975-09-10 00:00:00, 7.8, 19.4
0.0, 0.0, 0.0, 1975-09-11 00:00:00, 9.4, 21.7
0.0, 0.0, 0.0, 1975-09-12 00:00:00, 9.4, 20.6
0.0, 0.0, 0.0, 1975-09-13 00:00:00, 9.4, 18.3
5.6, 5.6, 0.0, 1975-09-14 00:00:00, 8.9, 15.0
14.7, 14.7, 0.0, 1975-09-15 00:00:00, 7.2, 11.1
0.0, 0.0, 0.0, 1975-09-16 00:00:00, 8.9, 13.9
0.0, 0.0, 0.0, 1975-09-17 00:00:00, 5.0, 15.0
0.0, 0.0, 0.0, 1975-09-18 00:00:00, 6.1, 16.7
0.0, 0.0, 0.0, 1975-09-19 00:00:00, 7.8, 17.2
0.0, 0.0, 0.0, 1975-09-20 00:00:00, 8.9, 17.8
0.0, 0.0, 0.0, 1975-09-21 00:00:00, 8.9, 19.4
0.0, 0.0, 0.0, 1975-09-22 00:00:00, 8.9, 18.9
14.5, 14.5, 0.0, 1975-09-23 00:00:00, 8.9, 14.4
29.0, 29.0, 0.0, 1975-09-24 00:00:00, 10.0, 12.8
7.1, 7.1, 0.0, 1975-09-25 00:00:00, 9.4, 12.8
13.5, 13.5, 0.0, 1975-09-26 00:00:00, 10.0, 11.7
11.9, 11.9, 0.0, 1975-09-27 00:00:00, 9.4, 11.1
9.4, 9.4, 0.0, 1975-09-28 00:00:00, 8.3, 12.2
0.0, 0.0, 0.0, 1975-09-29 00:00:00, 10.0, 15.0
0.0, 0.0, 0.0, 1975-09-30 00:00:00, 9.4, 14.4
0.0, 0.0, 0.0, 1975-10-01 00:00:00, 7.8, 13.9
42.7, 42.7, 0.0, 1975-10-02 00:00:00, 9.4, 15.0
32.0, 32.0, 0.0, 1975-10-03 00:00:00, 7.8, 13.3
43.2, 43.2, 0.0, 1975-10-04 00:00:00, 6.7, 12.8
20.1, 20.1, 0.0, 1975-10-05 00:00:00, 7.8, 11.1
8.1, 8.1, 0.0, 1975-10-06 00:00:00, 6.1, 9.4
2.5, 2.5, 0.0, 1975-10-07 00:00:00, 7.8, 9.4
36.8, 36.8, 0.0, 1975-10-08 00:00:00, 6.7, 10.6
2.0, 2.0, 0.0, 1975-10-09 00:00:00, 7.8, 10.0
0.0, 0.0, 0.0, 1975-10-10 00:00:00, 7.8, 12.8
0.0, 0.0, 0.0, 1975-10-11 00:00:00, 6.7, 10.6
2.3, 2.3, 0.0, 1975-10-12 00:00:00, 7.8, 12.2
10.9, 10.9, 0.0, 1975-10-13 00:00:00, 8.3, 11.7
40.6, 40.6, 0.0, 1975-10-14 00:00:00, 8.3, 9.4
61.7, 61.7, 0.0, 1975-10-15 00:00:00, 7.8, 10.0
38.1, 38.1, 0.0, 1975-10-16 00:00:00, 6.7, 10.0
9.4, 9.4, 0.0, 1975-10-17 00:00:00, 6.1, 8.9
79.0, 79.0, 0.0, 1975-10-18 00:00:00, 5.0, 8.3
25.7, 25.7, 0.0, 1975-10-19 00:00:00, 5.6, 8.3
7.9, 7.9, 0.0, 1975-10-20 00:00:00, 5.0, 8.3
0.0, 0.0, 0.0, 1975-10-21 00:00:00, 2.8, 7.2
6.6, 6.6, 0.0, 1975-10-22 00:00:00, 2.8, 5.6
0.0, 0.0, 0.0, 1975-10-23 00:00:00, 2.8, 6.7
19.8, 19.8, 0.0, 1975-10-24 00:00:00, 4.4, 7.2
6.6, 6.6, 0.0, 1975-10-25 00:00:00, 4.4, 7.2
0.0, 0.0, 0.0, 1975-10-26 00:00:00, 2.2, 7.8
9.4, 9.4, 0.0, 1975-10-27 00:00:00, 1.1, 6.7
0.0, 0.0, 0.0, 1975-10-28 00:00:00, 2.8, 6.1
0.3, 0.3, 0.0, 1975-10-29 00:00:00, 1.7, 6.7
96.5, 96.5, 0.0, 1975-10-30 00:00:00, 1.1, 12.2
38.6, 38.6, 0.0, 1975-10-31 00:00:00, 2.8, 9.4
77.7, 77.7, 0.0, 1975-11-01 00:00:00, 2.2, 5.6
102.4, 102.4, 0.0, 1975-11-02 00:00:00, 2.8, 12.2
15.5, 15.5, 0.0, 1975-11-03 00:00:00, 4.4, 6.7
11.4, 11.4, 0.0, 1975-11-04 00:00:00, 2.8, 5.0
1.0, 1.0, 0.0, 1975-11-05 00:00:00, 0.0, 5.6
82.8, 82.8, 0.0, 1975-11-06 00:00:00, 1.7, 6.7
33.0, 31.0, 2.0, 1975-11-07 00:00:00, 1.7, 5.6
8.1, 8.1, 0.0, 1975-11-08 00:00:00, 0.0, 2.2
1.8, 1.8, 0.0, 1975-11-09 00:00:00, 0.0, 2.2
36.6, 36.6, 0.0, 1975-11-10 00:00:00, 0.6, 3.3
119.4, 119.4, 0.0, 1975-11-11 00:00:00, 1.1, 6.1
77.5, 77.5, 0.0, 1975-11-12 00:00:00, 0.0, 9.4
22.4, 22.4, 0.0, 1975-11-13 00:00:00, 1.1, 5.6
45.0, 45.0, 0.0, 1975-11-14 00:00:00, 2.2, 7.8
35.1, 35.1, 0.0, 1975-11-15 00:00:00, 1.7, 6.7
8.9, 8.4, 0.5, 1975-11-16 00:00:00, 0.6, 2.2
0.0, 0.0, 0.0, 1975-11-17 00:00:00, 0.0, 2.8
0.0, 0.0, 0.0, 1975-11-18 00:00:00, -2.2, 1.1
0.0, 0.0, 0.0, 1975-11-19 00:00:00, -2.2, 1.7
1.0, 1.0, 0.0, 1975-11-20 00:00:00, -1.7, 2.2
25.4, 23.9, 1.5, 1975-11-21 00:00:00, 0.0, 1.7
21.3, 19.3, 2.0, 1975-11-22 00:00:00, 0.0, 2.8
4.6, 4.6, 0.0, 1975-11-23 00:00:00, 1.1, 4.4
10.7, 10.7, 0.0, 1975-11-24 00:00:00, 1.1, 3.3
35.1, 35.1, 0.0, 1975-11-25 00:00:00, 0.6, 2.2
0.0, 0.0, 0.0, 1975-11-26 00:00:00, 0.0, 2.8
0.0, 0.0, 0.0, 1975-11-27 00:00:00, -2.2, 1.1
0.0, 0.0, 0.0, 1975-11-28 00:00:00, -3.9, 0.0
15.0, 0.0, 15.0, 1975-11-29 00:00:00, -3.9, -0.6
12.7, 0.0, 12.7, 1975-11-30 00:00:00, -2.8, 0.6
6.4, 4.8, 1.5, 1975-12-01 00:00:00, -1.1, 1.7
18.3, 0.8, 17.5, 1975-12-02 00:00:00, 0.0, 1.1
17.0, 0.0, 17.0, 1975-12-03 00:00:00, -0.6, 1.1
6.1, 0.0, 6.1, 1975-12-04 00:00:00, -1.7, 1.1
32.5, 31.8, 0.8, 1975-12-05 00:00:00, -1.1, 5.0
67.6, 66.5, 1.0, 1975-12-06 00:00:00, 0.0, 1.7
50.8, 50.8, 0.0, 1975-12-07 00:00:00, 0.0, 6.1
11.4, 9.9, 1.5, 1975-12-08 00:00:00, 0.6, 5.0
1.5, 0.0, 1.5, 1975-12-09 00:00:00, -0.6, 1.1
0.0, 0.0, 0.0, 1975-12-10 00:00:00, -4.4, -1.1
22.4, 0.0, 22.4, 1975-12-11 00:00:00, -6.1, -1.7
14.7, 0.0, 14.7, 1975-12-12 00:00:00, -2.8, 0.0
8.4, 0.5, 7.9, 1975-12-13 00:00:00, -6.1, 2.8
8.6, 5.3, 3.3, 1975-12-14 00:00:00, -3.3, 1.1
0.0, 0.0, 0.0, 1975-12-15 00:00:00, -4.4, 0.0
6.4, 6.4, 0.0, 1975-12-16 00:00:00, -3.9, 1.1
1.8, 1.8, 0.0, 1975-12-17 00:00:00, 0.6, 3.9
2.8, 2.8, 0.0, 1975-12-18 00:00:00, 0.6, 4.4
0.3, 0.3, 0.0, 1975-12-19 00:00:00, 1.7, 3.9
0.0, 0.0, 0.0, 1975-12-20 00:00:00, 0.0, 2.8
24.4, 24.4, 0.0, 1975-12-21 00:00:00, 0.0, 7.2
4.1, 4.1, 0.0, 1975-12-22 00:00:00, 1.1, 2.8
60.7, 60.7, 0.0, 1975-12-23 00:00:00, 1.1, 6.1
16.3, 16.3, 0.0, 1975-12-24 00:00:00, 2.8, 4.4
33.3, 33.3, 0.0, 1975-12-25 00:00:00, 2.2, 5.6
44.7, 44.7, 0.0, 1975-12-26 00:00:00, 1.7, 6.1
21.6, 21.6, 0.0, 1975-12-27 00:00:00, 1.7, 5.6
59.2, 59.2, 0.0, 1975-12-28 00:00:00, 2.2, 8.9
16.3, 16.3, 0.0, 1975-12-29 00:00:00, 1.1, 8.3
0.0, 0.0, 0.0, 1975-12-30 00:00:00, 0.0, 2.2
0.0, 0.0, 0.0, 1975-12-31 00:00:00, -2.2, 1.1
0.0, 0.0, 0.0, 1976-01-01 00:00:00, -1.1, 1.1
7.6, 4.6, 3.0, 1976-01-02 00:00:00, -0.6, 1.7
37.3, 37.3, 0.0, 1976-01-03 00:00:00, 0.0, 1.7
24.9, 24.9, 0.0, 1976-01-04 00:00:00, 0.0, 2.2
13.2, 0.0, 13.2, 1976-01-05 00:00:00, -3.9, 0.0
17.0, 0.0, 17.0, 1976-01-06 00:00:00, -6.1, -3.3
22.9, 0.0, 22.9, 1976-01-07 00:00:00, -6.7, -3.9
14.0, 0.0, 14.0, 1976-01-08 00:00:00, -5.6, -2.2
33.5, 18.3, 15.2, 1976-01-09 00:00:00, -4.4, 1.1
12.2, 11.2, 1.0, 1976-01-10 00:00:00, 0.0, 1.1
0.0, 0.0, 0.0, 1976-01-11 00:00:00, 0.0, 1.1
0.0, 0.0, 0.0, 1976-01-12 00:00:00, -1.7, 0.6
25.7, 0.0, 25.7, 1976-01-13 00:00:00, -5.6, -1.1
20.6, 16.0, 4.6, 1976-01-14 00:00:00, -1.7, 1.1
71.6, 71.6, 0.0, 1976-01-15 00:00:00, 0.6, 5.0
46.0, 46.0, 0.0, 1976-01-16 00:00:00, 1.7, 8.9
5.6, 5.6, 0.0, 1976-01-17 00:00:00, 1.1, 3.9
0.0, 0.0, 0.0, 1976-01-18 00:00:00, 0.0, 3.3
0.0, 0.0, 0.0, 1976-01-19 00:00:00, -0.6, 2.2
21.1, 21.1, 0.0, 1976-01-20 00:00:00, -1.7, 4.4
28.4, 28.4, 0.0, 1976-01-21 00:00:00, -1.1, 3.9
11.4, 6.6, 4.8, 1976-01-22 00:00:00, 0.6, 5.0
23.4, 22.9, 0.5, 1976-01-23 00:00:00, 0.0, 1.1
1.5, 1.5, 0.0, 1976-01-24 00:00:00, 0.6, 2.8
22.6, 22.6, 0.0, 1976-01-25 00:00:00, 0.6, 3.3
86.9, 86.9, 0.0, 1976-01-26 00:00:00, 1.1, 7.8
51.6, 51.6, 0.0, 1976-01-27 00:00:00, 2.8, 6.7
17.3, 17.3, 0.0, 1976-01-28 00:00:00, 2.2, 8.9
1.5, 1.5, 0.0, 1976-01-29 00:00:00, 1.1, 4.4
0.0, 0.0, 0.0, 1976-01-30 00:00:00, 2.2, 6.1
0.0, 0.0, 0.0, 1976-01-31 00:00:00, 0.6, 3.9
3.8, 3.8, 0.0, 1976-02-01 00:00:00, 0.6, 6.7
0.0, 0.0, 0.0, 1976-02-02 00:00:00, 0.6, 6.1
0.0, 0.0, 0.0, 1976-02-03 00:00:00, -0.6, 6.7
0.0, 0.0, 0.0, 1976-02-04 00:00:00, -3.3, 3.3
0.0, 0.0, 0.0, 1976-02-05 00:00:00, -3.3, 2.8
0.5, 0.5, 0.0, 1976-02-06 00:00:00, -3.3, 3.3
82.3, 82.3, 0.0, 1976-02-07 00:00:00, 0.0, 5.6
14.2, 3.8, 10.4, 1976-02-08 00:00:00, 0.0, 2.2
18.0, 3.3, 14.7, 1976-02-09 00:00:00, 0.0, 1.7
32.8, 25.4, 7.4, 1976-02-10 00:00:00, 0.0, 1.1
0.0, 0.0, 0.0, 1976-02-11 00:00:00, -0.6, 3.9
0.0, 0.0, 0.0, 1976-02-12 00:00:00, -2.2, 3.3
16.8, 1.3, 15.5, 1976-02-13 00:00:00, -2.8, 1.7
1.0, 0.0, 1.0, 1976-02-14 00:00:00, 0.0, 2.8
18.0, 18.0, 0.0, 1976-02-15 00:00:00, 0.0, 2.2
14.5, 14.5, 0.0, 1976-02-16 00:00:00, 0.0, 3.3
8.6, 8.6, 0.0, 1976-02-17 00:00:00, 0.6, 3.9
13.2, 13.0, 0.3, 1976-02-18 00:00:00, 0.6, 2.8
18.0, 16.8, 1.3, 1976-02-19 00:00:00, 0.0, 5.6
43.2, 43.2, 0.0, 1976-02-20 00:00:00, 0.0, 2.8
35.3, 35.3, 0.0, 1976-02-21 00:00:00, 0.6, 3.3
17.0, 12.4, 4.6, 1976-02-22 00:00:00, 0.0, 3.3
28.4, 1.8, 26.7, 1976-02-23 00:00:00, -0.6, 2.8
12.4, 6.1, 6.4, 1976-02-24 00:00:00, -1.1, 1.1
8.9, 0.0, 8.9, 1976-02-25 00:00:00, -2.8, 2.8
0.0, 0.0, 0.0, 1976-02-26 00:00:00, -4.4, 2.8
0.0, 0.0, 0.0, 1976-02-27 00:00:00, -7.8, -2.8
0.0, 0.0, 0.0, 1976-02-28 00:00:00, -10.0, -3.3
0.0, 0.0, 0.0, 1976-02-29 00:00:00, -9.4, -2.2
0.0, 0.0, 0.0, 1976-03-01 00:00:00, -10.0, -7.8
0.0, 0.0, 0.0, 1976-03-02 00:00:00, -14.4, -3.9
0.0, 0.0, 0.0, 1976-03-03 00:00:00, -11.7, 0.6
0.0, 0.0, 0.0, 1976-03-04 00:00:00, -9.4, 2.2
7.9, 7.9, 0.0, 1976-03-05 00:00:00, -6.1, 4.4
4.3, 4.3, 0.0, 1976-03-06 00:00:00, 0.6, 3.3
3.8, 3.8, 0.0, 1976-03-07 00:00:00, 1.1, 5.0
6.4, 6.4, 0.0, 1976-03-08 00:00:00, 0.6, 3.9
6.1, 6.1, 0.0, 1976-03-09 00:00:00, 0.6, 6.1
0.0, 0.0, 0.0, 1976-03-10 00:00:00, -1.1, 5.6
31.8, 18.3, 13.5, 1976-03-11 00:00:00, -4.4, 2.8
5.8, 5.8, 0.0, 1976-03-12 00:00:00, 0.0, 3.9
0.0, 0.0, 0.0, 1976-03-13 00:00:00, -1.1, 5.0
0.0, 0.0, 0.0, 1976-03-14 00:00:00, -2.2, 4.4
50.0, 50.0, 0.0, 1976-03-15 00:00:00, -0.6, 2.8
44.2, 44.2, 0.0, 1976-03-16 00:00:00, 1.1, 5.6
56.4, 53.8, 2.5, 1976-03-17 00:00:00, 2.2, 7.2
16.3, 15.2, 1.0, 1976-03-18 00:00:00, 0.0, 5.0
21.1, 21.1, 0.0, 1976-03-19 00:00:00, 0.0, 3.3
14.5, 14.5, 0.0, 1976-03-20 00:00:00, 0.0, 3.9
38.9, 38.9, 0.0, 1976-03-21 00:00:00, 1.1, 5.0
19.6, 19.6, 0.0, 1976-03-22 00:00:00, 0.0, 3.9
16.3, 16.3, 0.0, 1976-03-23 00:00:00, 0.0, 3.3
14.0, 14.0, 0.0, 1976-03-24 00:00:00, 0.6, 6.7
28.4, 28.4, 0.0, 1976-03-25 00:00:00, 0.6, 3.9
3.3, 3.3, 0.0, 1976-03-26 00:00:00, 0.0, 6.1
6.9, 6.9, 0.0, 1976-03-27 00:00:00, 0.6, 4.4
21.6, 20.6, 1.0, 1976-03-28 00:00:00, 0.0, 5.6
67.3, 67.3, 0.0, 1976-03-29 00:00:00, 0.0, 5.0
0.0, 0.0, 0.0, 1976-03-30 00:00:00, -0.6, 5.6
0.0, 0.0, 0.0, 1976-03-31 00:00:00, -2.2, 5.6
0.8, 0.8, 0.0, 1976-04-01 00:00:00, -2.8, 8.3
0.0, 0.0, 0.0, 1976-04-02 00:00:00, 1.1, 7.8
16.3, 16.3, 0.0, 1976-04-03 00:00:00, 0.6, 9.4
13.0, 13.0, 0.0, 1976-04-04 00:00:00, 0.0, 4.4
11.4, 11.4, 0.0, 1976-04-05 00:00:00, 1.1, 6.7
5.3, 5.3, 0.0, 1976-04-06 00:00:00, 2.2, 7.8
3.6, 3.6, 0.0, 1976-04-07 00:00:00, 0.6, 9.4
0.8, 0.8, 0.0, 1976-04-08 00:00:00, 2.2, 8.3
0.0, 0.0, 0.0, 1976-04-09 00:00:00, 1.7, 10.6
4.3, 4.3, 0.0, 1976-04-10 00:00:00, 2.2, 9.4
2.5, 2.5, 0.0, 1976-04-11 00:00:00, 2.2, 11.1
0.0, 0.0, 0.0, 1976-04-12 00:00:00, 1.7, 8.9
22.4, 22.4, 0.0, 1976-04-13 00:00:00, -0.6, 11.1
4.3, 4.3, 0.0, 1976-04-14 00:00:00, 0.6, 5.0
0.0, 0.0, 0.0, 1976-04-15 00:00:00, -1.7, 7.2
15.5, 15.5, 0.0, 1976-04-16 00:00:00, -1.7, 8.9
10.2, 10.2, 0.0, 1976-04-17 00:00:00, 0.6, 7.8
4.6, 4.6, 0.0, 1976-04-18 00:00:00, 0.6, 7.2
16.0, 16.0, 0.0, 1976-04-19 00:00:00, 1.7, 6.7
23.4, 23.4, 0.0, 1976-04-20 00:00:00, 0.6, 5.6
5.6, 5.6, 0.0, 1976-04-21 00:00:00, 0.6, 6.7
6.1, 6.1, 0.0, 1976-04-22 00:00:00, 0.6, 7.2
45.5, 45.5, 0.0, 1976-04-23 00:00:00, 2.8, 7.8
15.7, 15.7, 0.0, 1976-04-24 00:00:00, 2.2, 6.1
0.0, 0.0, 0.0, 1976-04-25 00:00:00, 1.1, 8.9
0.0, 0.0, 0.0, 1976-04-26 00:00:00, 0.6, 12.2
0.0, 0.0, 0.0, 1976-04-27 00:00:00, 0.6, 17.2
0.0, 0.0, 0.0, 1976-04-28 00:00:00, 2.2, 20.6
0.0, 0.0, 0.0, 1976-04-29 00:00:00, 2.2, 17.2
7.9, 7.9, 0.0, 1976-04-30 00:00:00, 2.8, 12.8
9.1, 9.1, 0.0, 1976-05-01 00:00:00, 5.0, 8.3
0.0, 0.0, 0.0, 1976-05-02 00:00:00, 4.4, 10.6
18.5, 18.5, 0.0, 1976-05-03 00:00:00, 4.4, 9.4
9.1, 9.1, 0.0, 1976-05-04 00:00:00, 4.4, 8.9
3.6, 3.6, 0.0, 1976-05-05 00:00:00, 3.9, 10.6
6.1, 6.1, 0.0, 1976-05-06 00:00:00, 4.4, 8.3
28.4, 28.4, 0.0, 1976-05-07 00:00:00, 4.4, 10.6
0.8, 0.8, 0.0, 1976-05-08 00:00:00, 5.6, 11.7
57.7, 57.7, 0.0, 1976-05-09 00:00:00, 5.6, 15.6
21.3, 21.3, 0.0, 1976-05-10 00:00:00, 5.0, 10.0
42.2, 42.2, 0.0, 1976-05-11 00:00:00, 4.4, 7.8
41.4, 41.4, 0.0, 1976-05-12 00:00:00, 5.0, 10.6
0.3, 0.3, 0.0, 1976-05-13 00:00:00, 4.4, 9.4
0.0, 0.0, 0.0, 1976-05-14 00:00:00, 1.1, 11.1
0.0, 0.0, 0.0, 1976-05-15 00:00:00, 2.8, 11.7
11.4, 11.4, 0.0, 1976-05-16 00:00:00, 3.9, 13.9
12.7, 12.7, 0.0, 1976-05-17 00:00:00, 4.4, 7.8
1.0, 1.0, 0.0, 1976-05-18 00:00:00, 2.8, 9.4
0.0, 0.0, 0.0, 1976-05-19 00:00:00, 1.1, 13.9
14.7, 14.7, 0.0, 1976-05-20 00:00:00, 4.4, 10.0
12.7, 12.7, 0.0, 1976-05-21 00:00:00, 6.1, 8.3
2.5, 2.5, 0.0, 1976-05-22 00:00:00, 5.0, 10.0
3.0, 3.0, 0.0, 1976-05-23 00:00:00, 2.2, 14.4
15.2, 15.2, 0.0, 1976-05-24 00:00:00, 6.1, 10.6
24.9, 24.9, 0.0, 1976-05-25 00:00:00, 4.4, 7.8
24.4, 24.4, 0.0, 1976-05-26 00:00:00, 5.6, 8.9
28.7, 28.7, 0.0, 1976-05-27 00:00:00, 6.1, 7.8
17.0, 17.0, 0.0, 1976-05-28 00:00:00, 3.3, 6.1
9.9, 9.9, 0.0, 1976-05-29 00:00:00, 2.8, 10.6
5.8, 5.8, 0.0, 1976-05-30 00:00:00, 3.9, 9.4
0.0, 0.0, 0.0, 1976-05-31 00:00:00, 4.4, 13.3
20.1, 20.1, 0.0, 1976-06-01 00:00:00, 6.7, 8.9
0.3, 0.3, 0.0, 1976-06-02 00:00:00, 5.0, 9.4
0.0, 0.0, 0.0, 1976-06-03 00:00:00, 5.6, 13.9
0.0, 0.0, 0.0, 1976-06-04 00:00:00, 5.0, 14.4
0.0, 0.0, 0.0, 1976-06-05 00:00:00, 6.1, 14.4
0.0, 0.0, 0.0, 1976-06-06 00:00:00, 4.4, 18.9
0.0, 0.0, 0.0, 1976-06-07 00:00:00, 7.2, 19.4
13.5, 13.5, 0.0, 1976-06-08 00:00:00, 6.7, 18.9
6.6, 6.6, 0.0, 1976-06-09 00:00:00, 7.8, 13.9
9.9, 9.9, 0.0, 1976-06-10 00:00:00, 6.7, 11.7
3.6, 3.6, 0.0, 1976-06-11 00:00:00, 5.0, 10.6
0.0, 0.0, 0.0, 1976-06-12 00:00:00, 5.0, 12.2
32.0, 32.0, 0.0, 1976-06-13 00:00:00, 6.1, 15.0
23.6, 23.6, 0.0, 1976-06-14 00:00:00, 7.8, 11.7
10.2, 10.2, 0.0, 1976-06-15 00:00:00, 8.9, 11.1
0.0, 0.0, 0.0, 1976-06-16 00:00:00, 8.9, 17.8
16.5, 16.5, 0.0, 1976-06-17 00:00:00, 10.0, 18.9
0.0, 0.0, 0.0, 1976-06-18 00:00:00, 10.0, 16.7
4.1, 4.1, 0.0, 1976-06-19 00:00:00, 7.8, 11.1
0.0, 0.0, 0.0, 1976-06-20 00:00:00, 6.7, 16.1
0.3, 0.3, 0.0, 1976-06-21 00:00:00, 7.2, 14.4
1.0, 1.0, 0.0, 1976-06-22 00:00:00, 9.4, 13.9
15.2, 15.2, 0.0, 1976-06-23 00:00:00, 8.3, 13.9
1.0, 1.0, 0.0, 1976-06-24 00:00:00, 6.1, 12.8
5.3, 5.3, 0.0, 1976-06-25 00:00:00, 7.8, 10.6
0.0, 0.0, 0.0, 1976-06-26 00:00:00, 7.8, 13.9
2.8, 2.8, 0.0, 1976-06-27 00:00:00, 6.7, 17.8
3.8, 3.8, 0.0, 1976-06-28 00:00:00, 10.0, 16.7
2.5, 2.5, 0.0, 1976-06-29 00:00:00, 10.6, 16.1
5.3, 5.3, 0.0, 1976-06-30 00:00:00, 10.6, 16.1
5.6, 5.6, 0.0, 1976-07-01 00:00:00, 9.4, 14.4
0.5, 0.5, 0.0, 1976-07-02 00:00:00, 9.4, 13.3
5.1, 5.1, 0.0, 1976-07-03 00:00:00, 8.9, 14.4
4.3, 4.3, 0.0, 1976-07-04 00:00:00, 10.6, 13.9
1.0, 1.0, 0.0, 1976-07-05 00:00:00, 10.0, 18.9
25.9, 25.9, 0.0, 1976-07-06 00:00:00, 11.1, 13.3
19.1, 19.1, 0.0, 1976-07-07 00:00:00, 11.1, 15.0
23.6, 23.6, 0.0, 1976-07-08 00:00:00, 10.6, 14.4
6.6, 6.6, 0.0, 1976-07-09 00:00:00, 10.0, 14.4
7.6, 7.6, 0.0, 1976-07-10 00:00:00, 10.0, 13.3
2.3, 2.3, 0.0, 1976-07-11 00:00:00, 8.9, 13.3
6.1, 6.1, 0.0, 1976-07-12 00:00:00, 10.0, 13.3
1.8, 1.8, 0.0, 1976-07-13 00:00:00, 9.4, 13.9
2.8, 2.8, 0.0, 1976-07-14 00:00:00, 10.6, 15.6
4.6, 4.6, 0.0, 1976-07-15 00:00:00, 10.6, 15.6
0.0, 0.0, 0.0, 1976-07-16 00:00:00, 10.6, 15.6
0.3, 0.3, 0.0, 1976-07-17 00:00:00, 6.7, 14.4
11.7, 11.7, 0.0, 1976-07-18 00:00:00, 7.2, 17.2
35.6, 35.6, 0.0, 1976-07-19 00:00:00, 9.4, 12.8
20.3, 20.3, 0.0, 1976-07-20 00:00:00, 11.7, 14.4
19.6, 19.6, 0.0, 1976-07-21 00:00:00, 10.0, 12.8
9.4, 9.4, 0.0, 1976-07-22 00:00:00, 10.0, 12.2
20.1, 20.1, 0.0, 1976-07-23 00:00:00, 10.0, 13.9
1.3, 1.3, 0.0, 1976-07-24 00:00:00, 10.6, 14.4
20.6, 20.6, 0.0, 1976-07-25 00:00:00, 10.6, 12.8
3.3, 3.3, 0.0, 1976-07-26 00:00:00, 8.9, 12.2
18.3, 18.3, 0.0, 1976-07-27 00:00:00, 10.0, 13.9
0.0, 0.0, 0.0, 1976-07-28 00:00:00, 10.6, 16.7
0.0, 0.0, 0.0, 1976-07-29 00:00:00, 9.4, 23.3
0.0, 0.0, 0.0, 1976-07-30 00:00:00, 12.2, 26.1
0.0, 0.0, 0.0, 1976-07-31 00:00:00, 10.6, 18.9
0.0, 0.0, 0.0, 1976-08-01 00:00:00, 12.2, 22.2
0.0, 0.0, 0.0, 1976-08-02 00:00:00, 11.7, 20.0
0.0, 0.0, 0.0, 1976-08-03 00:00:00, 12.2, 18.9
0.0, 0.0, 0.0, 1976-08-04 00:00:00, 12.8, 16.7
0.0, 0.0, 0.0, 1976-08-05 00:00:00, 12.2, 18.9
0.0, 0.0, 0.0, 1976-08-06 00:00:00, 11.7, 23.3
0.0, 0.0, 0.0, 1976-08-07 00:00:00, 12.2, 20.0
3.6, 3.6, 0.0, 1976-08-08 00:00:00, 13.3, 16.7
18.5, 18.5, 0.0, 1976-08-09 00:00:00, 13.3, 15.6
40.6, 40.6, 0.0, 1976-08-10 00:00:00, 13.3, 16.7
0.0, 0.0, 0.0, 1976-08-11 00:00:00, 10.6, 17.2
18.5, 18.5, 0.0, 1976-08-12 00:00:00, 10.0, 13.3
1.3, 1.3, 0.0, 1976-08-13 00:00:00, 10.6, 15.0
1.8, 1.8, 0.0, 1976-08-14 00:00:00, 10.0, 16.1
0.0, 0.0, 0.0, 1976-08-15 00:00:00, 11.7, 19.4
0.0, 0.0, 0.0, 1976-08-16 00:00:00, 11.7, 17.8
0.0, 0.0, 0.0, 1976-08-17 00:00:00, 10.6, 16.1
23.1, 23.1, 0.0, 1976-08-18 00:00:00, 10.6, 15.0
26.2, 26.2, 0.0, 1976-08-19 00:00:00, 10.0, 13.3
22.9, 22.9, 0.0, 1976-08-20 00:00:00, 11.1, 14.4
3.8, 3.8, 0.0, 1976-08-21 00:00:00, 9.4, 12.2
0.5, 0.5, 0.0, 1976-08-22 00:00:00, 9.4, 15.0
1.5, 1.5, 0.0, 1976-08-23 00:00:00, 8.9, 17.2
15.7, 15.7, 0.0, 1976-08-24 00:00:00, 11.1, 14.4
5.8, 5.8, 0.0, 1976-08-25 00:00:00, 10.6, 13.9
20.1, 20.1, 0.0, 1976-08-26 00:00:00, 10.0, 12.2
4.8, 4.8, 0.0, 1976-08-27 00:00:00, 10.0, 13.3
1.5, 1.5, 0.0, 1976-08-28 00:00:00, 10.6, 13.3
41.7, 41.7, 0.0, 1976-08-29 00:00:00, 10.6, 13.3
13.0, 13.0, 0.0, 1976-08-30 00:00:00, 12.2, 15.0
1.3, 1.3, 0.0, 1976-08-31 00:00:00, 11.7, 16.1
1.5, 1.5, 0.0, 1976-09-01 00:00:00, 10.0, 16.1
23.9, 23.9, 0.0, 1976-09-02 00:00:00, 10.0, 13.9
27.7, 27.7, 0.0, 1976-09-03 00:00:00, 11.1, 16.7
25.1, 25.1, 0.0, 1976-09-04 00:00:00, 10.0, 14.4
15.2, 15.2, 0.0, 1976-09-05 00:00:00, 8.9, 14.4
0.8, 0.8, 0.0, 1976-09-06 00:00:00, 7.2, 13.3
0.0, 0.0, 0.0, 1976-09-07 00:00:00, 8.3, 13.9
0.8, 0.8, 0.0, 1976-09-08 00:00:00, 8.9, 14.4
34.3, 34.3, 0.0, 1976-09-09 00:00:00, 10.6, 12.8
1.3, 1.3, 0.0, 1976-09-10 00:00:00, 10.0, 13.9
0.0, 0.0, 0.0, 1976-09-11 00:00:00, 7.8, 15.6
14.5, 14.5, 0.0, 1976-09-12 00:00:00, 9.4, 12.2
37.3, 37.3, 0.0, 1976-09-13 00:00:00, 10.0, 12.8
3.3, 3.3, 0.0, 1976-09-14 00:00:00, 8.9, 13.3
1.0, 1.0, 0.0, 1976-09-15 00:00:00, 10.6, 13.9
0.0, 0.0, 0.0, 1976-09-16 00:00:00, 10.6, 15.0
0.0, 0.0, 0.0, 1976-09-17 00:00:00, 8.9, 15.6
0.0, 0.0, 0.0, 1976-09-18 00:00:00, 7.8, 16.1
0.0, 0.0, 0.0, 1976-09-19 00:00:00, 7.2, 17.8
0.0, 0.0, 0.0, 1976-09-20 00:00:00, 10.0, 18.3
0.3, 0.3, 0.0, 1976-09-21 00:00:00, 12.2, 16.7
1.5, 1.5, 0.0, 1976-09-22 00:00:00, 12.2, 13.9
5.3, 5.3, 0.0, 1976-09-23 00:00:00, 11.7, 13.3
0.0, 0.0, 0.0, 1976-09-24 00:00:00, 11.7, 15.0
0.0, 0.0, 0.0, 1976-09-25 00:00:00, 11.1, 16.7
0.0, 0.0, 0.0, 1976-09-26 00:00:00, 11.1, 15.6
31.2, 31.2, 0.0, 1976-09-27 00:00:00, 10.6, 13.3
18.0, 18.0, 0.0, 1976-09-28 00:00:00, 12.2, 14.4
9.4, 9.4, 0.0, 1976-09-29 00:00:00, 10.0, 12.8
0.0, 0.0, 0.0, 1976-09-30 00:00:00, 7.2, 11.7
12.4, 12.4, 0.0, 1976-10-01 00:00:00, 5.6, 10.0
9.9, 9.9, 0.0, 1976-10-02 00:00:00, 7.2, 10.6
10.4, 10.4, 0.0, 1976-10-03 00:00:00, 6.1, 10.0
16.8, 16.8, 0.0, 1976-10-04 00:00:00, 7.2, 10.0
19.3, 19.3, 0.0, 1976-10-05 00:00:00, 6.1, 11.1
5.8, 5.8, 0.0, 1976-10-06 00:00:00, 9.4, 12.8
0.0, 0.0, 0.0, 1976-10-07 00:00:00, 8.9, 12.8
19.8, 19.8, 0.0, 1976-10-08 00:00:00, 7.8, 12.2
8.4, 8.4, 0.0, 1976-10-09 00:00:00, 10.6, 11.7
14.5, 14.5, 0.0, 1976-10-10 00:00:00, 10.0, 13.3
28.7, 28.7, 0.0, 1976-10-11 00:00:00, 8.3, 11.1
63.5, 63.5, 0.0, 1976-10-12 00:00:00, 8.9, 10.6
0.0, 0.0, 0.0, 1976-10-13 00:00:00, 5.6, 10.6
0.0, 0.0, 0.0, 1976-10-14 00:00:00, 2.2, 9.4
0.0, 0.0, 0.0, 1976-10-15 00:00:00, 1.7, 8.9
0.0, 0.0, 0.0, 1976-10-16 00:00:00, 2.2, 8.9
0.0, 0.0, 0.0, 1976-10-17 00:00:00, 1.7, 9.4
0.0, 0.0, 0.0, 1976-10-18 00:00:00, 1.7, 8.9
0.0, 0.0, 0.0, 1976-10-19 00:00:00, 1.7, 10.0
0.0, 0.0, 0.0, 1976-10-20 00:00:00, 2.2, 8.9
0.0, 0.0, 0.0, 1976-10-21 00:00:00, 2.2, 8.9
9.9, 9.9, 0.0, 1976-10-22 00:00:00, 1.7, 8.3
15.2, 15.2, 0.0, 1976-10-23 00:00:00, 2.8, 7.2
17.0, 17.0, 0.0, 1976-10-24 00:00:00, 6.1, 8.3
52.6, 52.6, 0.0, 1976-10-25 00:00:00, 7.2, 11.7
168.4, 168.4, 0.0, 1976-10-26 00:00:00, 8.3, 13.3
29.0, 29.0, 0.0, 1976-10-27 00:00:00, 7.8, 10.6
23.9, 23.9, 0.0, 1976-10-28 00:00:00, 5.0, 7.8
45.7, 45.7, 0.0, 1976-10-29 00:00:00, 4.4, 7.2
41.4, 41.4, 0.0, 1976-10-30 00:00:00, 5.0, 10.0
23.4, 23.4, 0.0, 1976-10-31 00:00:00, 1.1, 6.1
23.4, 23.4, 0.0, 1976-11-01 00:00:00, 1.1, 6.7
21.1, 21.1, 0.0, 1976-11-02 00:00:00, 4.4, 14.4
31.0, 31.0, 0.0, 1976-11-03 00:00:00, 4.4, 14.4
0.0, 0.0, 0.0, 1976-11-04 00:00:00, 3.3, 6.7
0.0, 0.0, 0.0, 1976-11-05 00:00:00, 2.8, 5.0
17.8, 17.8, 0.0, 1976-11-06 00:00:00, 1.7, 6.7
0.8, 0.8, 0.0, 1976-11-07 00:00:00, 4.4, 8.9
0.0, 0.0, 0.0, 1976-11-08 00:00:00, 5.6, 7.8
0.0, 0.0, 0.0, 1976-11-09 00:00:00, 4.4, 5.6
0.0, 0.0, 0.0, 1976-11-10 00:00:00, 3.9, 8.3
0.0, 0.0, 0.0, 1976-11-11 00:00:00, 2.2, 7.2
0.0, 0.0, 0.0, 1976-11-12 00:00:00, 1.7, 6.7
0.0, 0.0, 0.0, 1976-11-13 00:00:00, 1.7, 6.7
39.6, 39.6, 0.0, 1976-11-14 00:00:00, 1.1, 5.6
6.9, 6.9, 0.0, 1976-11-15 00:00:00, 3.3, 6.1
125.5, 125.5, 0.0, 1976-11-16 00:00:00, 3.3, 11.7
55.9, 55.9, 0.0, 1976-11-17 00:00:00, 3.3, 6.1
24.4, 24.4, 0.0, 1976-11-18 00:00:00, 1.1, 3.9
0.0, 0.0, 0.0, 1976-11-19 00:00:00, 1.1, 4.4
13.0, 13.0, 0.0, 1976-11-20 00:00:00, -0.6, 5.0
47.0, 47.0, 0.0, 1976-11-21 00:00:00, 2.2, 6.1
51.1, 51.1, 0.0, 1976-11-22 00:00:00, 2.8, 7.8
1.8, 1.8, 0.0, 1976-11-23 00:00:00, 6.1, 7.8
0.0, 0.0, 0.0, 1976-11-24 00:00:00, 1.7, 5.6
0.0, 0.0, 0.0, 1976-11-25 00:00:00, 0.0, 3.9
0.0, 0.0, 0.0, 1976-11-26 00:00:00, -1.7, 2.2
0.0, 0.0, 0.0, 1976-11-27 00:00:00, -0.6, 3.3
0.0, 0.0, 0.0, 1976-11-28 00:00:00, -1.1, 2.8
0.0, 0.0, 0.0, 1976-11-29 00:00:00, 0.6, 2.8
2.5, 2.5, 0.0, 1976-11-30 00:00:00, 0.0, 2.8
6.6, 6.6, 0.0, 1976-12-01 00:00:00, 0.0, 5.0
0.0, 0.0, 0.0, 1976-12-02 00:00:00, 2.2, 4.4
0.0, 0.0, 0.0, 1976-12-03 00:00:00, 0.6, 2.8
0.0, 0.0, 0.0, 1976-12-04 00:00:00, 0.0, 1.7
47.2, 47.2, 0.0, 1976-12-05 00:00:00, 0.6, 6.1
10.9, 10.9, 0.0, 1976-12-06 00:00:00, 3.9, 6.7
5.3, 5.3, 0.0, 1976-12-07 00:00:00, 5.6, 7.2
8.6, 8.6, 0.0, 1976-12-08 00:00:00, 1.1, 5.0
90.7, 90.7, 0.0, 1976-12-09 00:00:00, -0.6, 7.8
16.0, 16.0, 0.0, 1976-12-10 00:00:00, 1.1, 7.8
24.1, 24.1, 0.0, 1976-12-11 00:00:00, 2.8, 9.4
17.0, 17.0, 0.0, 1976-12-12 00:00:00, 5.0, 11.1
30.5, 30.5, 0.0, 1976-12-13 00:00:00, 0.6, 7.2
62.7, 62.7, 0.0, 1976-12-14 00:00:00, 0.6, 6.1
24.1, 24.1, 0.0, 1976-12-15 00:00:00, 2.2, 5.6
36.6, 36.6, 0.0, 1976-12-16 00:00:00, 3.3, 3.9
0.0, 0.0, 0.0, 1976-12-17 00:00:00, -0.6, 1.7
0.0, 0.0, 0.0, 1976-12-18 00:00:00, -1.7, 1.1
11.9, 11.9, 0.0, 1976-12-19 00:00:00, -0.6, 2.2
13.7, 13.7, 0.0, 1976-12-20 00:00:00, 0.0, 4.4
31.2, 31.2, 0.0, 1976-12-21 00:00:00, 3.9, 5.6
8.6, 8.6, 0.0, 1976-12-22 00:00:00, 2.8, 5.0
1.3, 1.3, 0.0, 1976-12-23 00:00:00, 0.0, 3.9
17.0, 17.0, 0.0, 1976-12-24 00:00:00, 0.0, 4.4
58.4, 58.4, 0.0, 1976-12-25 00:00:00, 2.2, 7.2
0.5, 0.5, 0.0, 1976-12-26 00:00:00, 3.3, 7.2
0.0, 0.0, 0.0, 1976-12-27 00:00:00, 1.7, 5.0
0.0, 0.0, 0.0, 1976-12-28 00:00:00, 0.6, 2.2
0.8, 0.8, 0.0, 1976-12-29 00:00:00, 0.0, 6.1
0.0, 0.0, 0.0, 1976-12-30 00:00:00, -0.6, 1.7
0.0, 0.0, 0.0, 1976-12-31 00:00:00, -1.7, 0.6
0.0, 0.0, 0.0, 1977-01-01 00:00:00, -3.3, 0.0
0.0, 0.0, 0.0, 1977-01-02 00:00:00, -3.9, -0.6
0.0, 0.0, 0.0, 1977-01-03 00:00:00, -5.0, -2.2
0.0, 0.0, 0.0, 1977-01-04 00:00:00, -5.0, -1.7
0.0, 0.0, 0.0, 1977-01-05 00:00:00, -5.0, -1.1
5.8, 3.8, 2.0, 1977-01-06 00:00:00, -4.4, 1.1
0.0, 0.0, 0.0, 1977-01-07 00:00:00, -1.7, 1.7
0.0, 0.0, 0.0, 1977-01-08 00:00:00, -3.3, -0.6
0.0, 0.0, 0.0, 1977-01-09 00:00:00, -2.2, 0.6
0.0, 0.0, 0.0, 1977-01-10 00:00:00, -1.1, 0.6
0.8, 0.3, 0.5, 1977-01-11 00:00:00, -1.7, 1.1
1.0, 0.5, 0.5, 1977-01-12 00:00:00, -1.7, 0.6
16.0, 16.0, 0.0, 1977-01-13 00:00:00, 0.0, 1.7
19.8, 19.8, 0.0, 1977-01-14 00:00:00, 0.6, 2.8
33.0, 33.0, 0.0, 1977-01-15 00:00:00, 1.1, 4.4
144.8, 144.8, 0.0, 1977-01-16 00:00:00, 2.2, 9.4
21.3, 21.3, 0.0, 1977-01-17 00:00:00, 5.0, 7.8
9.1, 9.1, 0.0, 1977-01-18 00:00:00, 2.2, 6.7
3.6, 3.6, 0.0, 1977-01-19 00:00:00, 1.7, 5.6
17.5, 17.5, 0.0, 1977-01-20 00:00:00, 2.8, 7.2
1.8, 1.8, 0.0, 1977-01-21 00:00:00, 1.7, 5.6
0.5, 0.5, 0.0, 1977-01-22 00:00:00, 0.6, 3.9
0.0, 0.0, 0.0, 1977-01-23 00:00:00, 0.0, 3.3
0.0, 0.0, 0.0, 1977-01-24 00:00:00, -0.6, 2.8
0.0, 0.0, 0.0, 1977-01-25 00:00:00, -1.1, 1.7
0.0, 0.0, 0.0, 1977-01-26 00:00:00, -2.2, 2.2
0.0, 0.0, 0.0, 1977-01-27 00:00:00, -2.2, 1.1
0.0, 0.0, 0.0, 1977-01-28 00:00:00, -1.1, 2.2
2.8, 2.8, 0.0, 1977-01-29 00:00:00, -1.7, 1.7
0.0, 0.0, 0.0, 1977-01-30 00:00:00, 1.1, 3.9
0.0, 0.0, 0.0, 1977-01-31 00:00:00, 0.0, 5.0
0.0, 0.0, 0.0, 1977-02-01 00:00:00, 2.2, 5.6
0.0, 0.0, 0.0, 1977-02-02 00:00:00, 1.7, 5.6
14.0, 14.0, 0.0, 1977-02-03 00:00:00, -0.6, 5.6
10.4, 10.4, 0.0, 1977-02-04 00:00:00, 2.8, 6.7
26.2, 26.2, 0.0, 1977-02-05 00:00:00, 3.9, 6.7
51.3, 51.3, 0.0, 1977-02-06 00:00:00, 4.4, 11.7
31.0, 31.0, 0.0, 1977-02-07 00:00:00, 5.0, 7.2
48.0, 48.0, 0.0, 1977-02-08 00:00:00, 4.4, 8.9
36.1, 36.1, 0.0, 1977-02-09 00:00:00, 3.3, 7.2
6.1, 6.1, 0.0, 1977-02-10 00:00:00, 0.6, 6.1
20.6, 20.6, 0.0, 1977-02-11 00:00:00, 2.8, 7.8
33.0, 33.0, 0.0, 1977-02-12 00:00:00, 4.4, 8.3
9.9, 9.9, 0.0, 1977-02-13 00:00:00, 3.3, 6.7
41.4, 41.4, 0.0, 1977-02-14 00:00:00, 4.4, 6.7
26.4, 26.4, 0.0, 1977-02-15 00:00:00, 4.4, 6.7
20.3, 20.3, 0.0, 1977-02-16 00:00:00, 1.1, 6.7
23.1, 23.1, 0.0, 1977-02-17 00:00:00, 2.2, 6.7
0.0, 0.0, 0.0, 1977-02-18 00:00:00, 2.2, 8.3
11.4, 11.4, 0.0, 1977-02-19 00:00:00, 1.1, 10.0
40.4, 40.4, 0.0, 1977-02-20 00:00:00, 3.9, 8.9
8.9, 8.9, 0.0, 1977-02-21 00:00:00, 3.9, 6.7
2.0, 2.0, 0.0, 1977-02-22 00:00:00, 3.3, 7.2
0.0, 0.0, 0.0, 1977-02-23 00:00:00, 0.6, 5.6
15.7, 15.7, 0.0, 1977-02-24 00:00:00, 0.0, 4.4
36.3, 36.3, 0.0, 1977-02-25 00:00:00, 0.6, 3.9
23.1, 23.1, 0.0, 1977-02-26 00:00:00, 0.6, 5.6
1.5, 1.5, 0.0, 1977-02-27 00:00:00, 2.8, 6.7
0.0, 0.0, 0.0, 1977-02-28 00:00:00, 0.6, 6.1
3.8, 3.8, 0.0, 1977-03-01 00:00:00, 1.1, 6.1
4.1, 4.1, 0.0, 1977-03-02 00:00:00, 1.1, 6.1
13.2, 13.2, 0.0, 1977-03-03 00:00:00, 0.6, 5.0
86.4, 86.4, 0.0, 1977-03-04 00:00:00, 1.1, 5.0
27.7, 24.9, 2.8, 1977-03-05 00:00:00, 0.0, 2.2
45.5, 45.5, 0.0, 1977-03-06 00:00:00, 0.0, 3.3
19.8, 19.8, 0.0, 1977-03-07 00:00:00, 0.6, 4.4
20.8, 20.8, 0.0, 1977-03-08 00:00:00, 1.7, 5.6
2.3, 2.3, 0.0, 1977-03-09 00:00:00, 1.1, 6.7
46.5, 46.5, 0.0, 1977-03-10 00:00:00, -0.6, 4.4
7.1, 5.1, 2.0, 1977-03-11 00:00:00, 0.0, 4.4
0.3, 0.3, 0.0, 1977-03-12 00:00:00, -0.6, 6.1
0.0, 0.0, 0.0, 1977-03-13 00:00:00, -1.1, 6.1
0.0, 0.0, 0.0, 1977-03-14 00:00:00, 0.0, 6.1
0.0, 0.0, 0.0, 1977-03-15 00:00:00, -2.2, 6.1
0.8, 0.8, 0.0, 1977-03-16 00:00:00, -0.6, 4.4
1.8, 1.8, 0.0, 1977-03-17 00:00:00, 1.1, 5.6
2.3, 2.3, 0.0, 1977-03-18 00:00:00, 1.1, 5.0
6.6, 6.6, 0.0, 1977-03-19 00:00:00, -0.6, 6.7
27.4, 27.4, 0.0, 1977-03-20 00:00:00, 0.6, 5.6
11.4, 11.4, 0.0, 1977-03-21 00:00:00, 0.6, 6.7
18.5, 18.5, 0.0, 1977-03-22 00:00:00, 3.3, 6.1
2.8, 2.8, 0.0, 1977-03-23 00:00:00, 1.7, 7.8
5.1, 5.1, 0.0, 1977-03-24 00:00:00, 1.1, 6.7
31.8, 31.8, 0.0, 1977-03-25 00:00:00, 1.1, 2.8
18.3, 17.5, 0.8, 1977-03-26 00:00:00, 0.6, 2.8
2.3, 2.3, 0.0, 1977-03-27 00:00:00, 0.0, 6.1
0.3, 0.3, 0.0, 1977-03-28 00:00:00, 0.6, 6.7
0.0, 0.0, 0.0, 1977-03-29 00:00:00, -0.6, 8.3
8.9, 8.9, 0.0, 1977-03-30 00:00:00, -0.6, 6.1
0.0, 0.0, 0.0, 1977-03-31 00:00:00, 2.2, 10.0
0.0, 0.0, 0.0, 1977-04-01 00:00:00, 1.7, 10.6
0.0, 0.0, 0.0, 1977-04-02 00:00:00, 4.4, 12.2
0.0, 0.0, 0.0, 1977-04-03 00:00:00, 2.8, 13.3
0.0, 0.0, 0.0, 1977-04-04 00:00:00, 2.2, 13.3
0.0, 0.0, 0.0, 1977-04-05 00:00:00, 2.2, 13.3
0.0, 0.0, 0.0, 1977-04-06 00:00:00, 3.9, 10.6
2.3, 2.3, 0.0, 1977-04-07 00:00:00, 4.4, 12.8
7.6, 7.6, 0.0, 1977-04-08 00:00:00, 3.3, 9.4
22.4, 22.4, 0.0, 1977-04-09 00:00:00, 3.9, 8.9
11.9, 11.9, 0.0, 1977-04-10 00:00:00, 2.8, 7.8
66.0, 66.0, 0.0, 1977-04-11 00:00:00, 2.2, 7.2
29.7, 29.7, 0.0, 1977-04-12 00:00:00, 3.3, 7.8
2.0, 2.0, 0.0, 1977-04-13 00:00:00, 1.7, 6.7
25.9, 25.9, 0.0, 1977-04-14 00:00:00, 0.0, 5.6
18.5, 18.5, 0.0, 1977-04-15 00:00:00, 1.7, 6.7
36.6, 35.3, 1.3, 1977-04-16 00:00:00, 0.6, 4.4
12.4, 12.4, 0.0, 1977-04-17 00:00:00, 0.0, 3.3
10.2, 10.2, 0.0, 1977-04-18 00:00:00, 0.6, 5.6
0.3, 0.3, 0.0, 1977-04-19 00:00:00, 1.1, 6.7
0.0, 0.0, 0.0, 1977-04-20 00:00:00, 2.2, 9.4
1.5, 1.5, 0.0, 1977-04-21 00:00:00, 0.6, 15.0
1.0, 1.0, 0.0, 1977-04-22 00:00:00, 5.6, 12.8
0.0, 0.0, 0.0, 1977-04-23 00:00:00, 5.6, 16.7
0.0, 0.0, 0.0, 1977-04-24 00:00:00, 5.6, 17.2
3.6, 3.6, 0.0, 1977-04-25 00:00:00, 6.7, 17.8
31.0, 31.0, 0.0, 1977-04-26 00:00:00, 7.2, 11.1
49.0, 49.0, 0.0, 1977-04-27 00:00:00, 4.4, 7.8
0.0, 0.0, 0.0, 1977-04-28 00:00:00, 5.0, 10.0
0.0, 0.0, 0.0, 1977-04-29 00:00:00, 5.0, 11.7
0.0, 0.0, 0.0, 1977-04-30 00:00:00, 4.4, 14.4
7.4, 7.4, 0.0, 1977-05-01 00:00:00, 4.4, 15.6
43.4, 43.4, 0.0, 1977-05-02 00:00:00, 6.7, 8.9
5.6, 5.6, 0.0, 1977-05-03 00:00:00, 5.0, 10.0
0.8, 0.8, 0.0, 1977-05-04 00:00:00, 3.9, 10.0
0.0, 0.0, 0.0, 1977-05-05 00:00:00, 5.0, 13.9
0.0, 0.0, 0.0, 1977-05-06 00:00:00, 6.1, 16.7
0.0, 0.0, 0.0, 1977-05-07 00:00:00, 7.8, 16.7
0.0, 0.0, 0.0, 1977-05-08 00:00:00, 5.0, 16.1
0.0, 0.0, 0.0, 1977-05-09 00:00:00, 5.0, 13.3
2.3, 2.3, 0.0, 1977-05-10 00:00:00, 6.1, 11.7
1.3, 1.3, 0.0, 1977-05-11 00:00:00, 3.9, 10.6
15.5, 15.5, 0.0, 1977-05-12 00:00:00, 3.9, 8.9
8.4, 8.4, 0.0, 1977-05-13 00:00:00, 4.4, 8.3
0.3, 0.3, 0.0, 1977-05-14 00:00:00, 3.9, 12.8
0.0, 0.0, 0.0, 1977-05-15 00:00:00, 3.3, 16.7
0.0, 0.0, 0.0, 1977-05-16 00:00:00, 5.0, 20.0
0.0, 0.0, 0.0, 1977-05-17 00:00:00, 7.8, 16.7
4.3, 4.3, 0.0, 1977-05-18 00:00:00, 6.1, 17.2
1.0, 1.0, 0.0, 1977-05-19 00:00:00, 8.3, 14.4
17.3, 17.3, 0.0, 1977-05-20 00:00:00, 5.0, 11.1
6.4, 6.4, 0.0, 1977-05-21 00:00:00, 6.7, 11.1
4.1, 4.1, 0.0, 1977-05-22 00:00:00, 4.4, 13.3
0.3, 0.3, 0.0, 1977-05-23 00:00:00, 5.6, 11.1
4.6, 4.6, 0.0, 1977-05-24 00:00:00, 4.4, 12.2
6.6, 6.6, 0.0, 1977-05-25 00:00:00, 5.0, 12.2
8.6, 8.6, 0.0, 1977-05-26 00:00:00, 7.2, 12.8
0.0, 0.0, 0.0, 1977-05-27 00:00:00, 3.3, 14.4
0.0, 0.0, 0.0, 1977-05-28 00:00:00, 4.4, 15.0
0.0, 0.0, 0.0, 1977-05-29 00:00:00, 4.4, 14.4
8.6, 8.6, 0.0, 1977-05-30 00:00:00, 5.0, 16.7
1.3, 1.3, 0.0, 1977-05-31 00:00:00, 7.8, 13.9
5.1, 5.1, 0.0, 1977-06-01 00:00:00, 5.0, 12.2
4.6, 4.6, 0.0, 1977-06-02 00:00:00, 7.2, 9.4
4.3, 4.3, 0.0, 1977-06-03 00:00:00, 7.2, 16.1
15.7, 15.7, 0.0, 1977-06-04 00:00:00, 10.0, 11.7
0.3, 0.3, 0.0, 1977-06-05 00:00:00, 10.6, 12.8
0.0, 0.0, 0.0, 1977-06-06 00:00:00, 11.1, 16.7
0.3, 0.3, 0.0, 1977-06-07 00:00:00, 10.6, 13.3
4.6, 4.6, 0.0, 1977-06-08 00:00:00, 9.4, 14.4
0.0, 0.0, 0.0, 1977-06-09 00:00:00, 8.9, 15.0
0.0, 0.0, 0.0, 1977-06-10 00:00:00, 6.7, 20.6
0.0, 0.0, 0.0, 1977-06-11 00:00:00, 9.4, 20.0
0.0, 0.0, 0.0, 1977-06-12 00:00:00, 8.9, 21.1
0.0, 0.0, 0.0, 1977-06-13 00:00:00, 7.8, 17.8
0.0, 0.0, 0.0, 1977-06-14 00:00:00, 12.2, 18.9
0.0, 0.0, 0.0, 1977-06-15 00:00:00, 11.7, 17.2
0.0, 0.0, 0.0, 1977-06-16 00:00:00, 8.9, 21.1
0.0, 0.0, 0.0, 1977-06-17 00:00:00, 9.4, 20.0
5.1, 5.1, 0.0, 1977-06-18 00:00:00, 9.4, 20.0
0.8, 0.8, 0.0, 1977-06-19 00:00:00, 11.1, 15.6
43.2, 43.2, 0.0, 1977-06-20 00:00:00, 11.1, 12.8
14.7, 14.7, 0.0, 1977-06-21 00:00:00, 11.1, 15.6
0.3, 0.3, 0.0, 1977-06-22 00:00:00, 10.0, 14.4
36.8, 36.8, 0.0, 1977-06-23 00:00:00, 8.9, 13.9
10.2, 10.2, 0.0, 1977-06-24 00:00:00, 10.0, 12.2
7.4, 7.4, 0.0, 1977-06-25 00:00:00, 8.9, 13.3
12.7, 12.7, 0.0, 1977-06-26 00:00:00, 9.4, 12.2
23.6, 23.6, 0.0, 1977-06-27 00:00:00, 9.4, 13.3
16.5, 16.5, 0.0, 1977-06-28 00:00:00, 9.4, 11.1
9.7, 9.7, 0.0, 1977-06-29 00:00:00, 5.0, 13.9
9.4, 9.4, 0.0, 1977-06-30 00:00:00, 10.0, 16.7
11.7, 11.7, 0.0, 1977-07-01 00:00:00, 8.9, 12.2
7.6, 7.6, 0.0, 1977-07-02 00:00:00, 9.4, 13.3
0.0, 0.0, 0.0, 1977-07-03 00:00:00, 8.9, 16.1
0.0, 0.0, 0.0, 1977-07-04 00:00:00, 9.4, 16.7
0.0, 0.0, 0.0, 1977-07-05 00:00:00, 9.4, 16.7
0.0, 0.0, 0.0, 1977-07-06 00:00:00, 9.4, 18.9
7.6, 7.6, 0.0, 1977-07-07 00:00:00, 8.3, 17.8
2.3, 2.3, 0.0, 1977-07-08 00:00:00, 12.2, 15.0
0.0, 0.0, 0.0, 1977-07-09 00:00:00, 11.7, 14.4
2.3, 2.3, 0.0, 1977-07-10 00:00:00, 11.7, 15.6
0.0, 0.0, 0.0, 1977-07-11 00:00:00, 11.1, 15.6
0.8, 0.8, 0.0, 1977-07-12 00:00:00, 11.1, 20.0
0.5, 0.5, 0.0, 1977-07-13 00:00:00, 12.8, 16.1
3.0, 3.0, 0.0, 1977-07-14 00:00:00, 12.2, 14.4
38.6, 38.6, 0.0, 1977-07-15 00:00:00, 11.1, 13.3
43.2, 43.2, 0.0, 1977-07-16 00:00:00, 10.6, 12.8
25.9, 25.9, 0.0, 1977-07-17 00:00:00, 8.3, 12.2
3.6, 3.6, 0.0, 1977-07-18 00:00:00, 9.4, 11.7
0.0, 0.0, 0.0, 1977-07-19 00:00:00, 10.0, 15.0
0.0, 0.0, 0.0, 1977-07-20 00:00:00, 9.4, 15.0
0.0, 0.0, 0.0, 1977-07-21 00:00:00, 11.1, 13.9
0.0, 0.0, 0.0, 1977-07-22 00:00:00, 11.1, 17.2
0.0, 0.0, 0.0, 1977-07-23 00:00:00, 7.2, 19.4
0.0, 0.0, 0.0, 1977-07-24 00:00:00, 11.1, 22.2
0.0, 0.0, 0.0, 1977-07-25 00:00:00, 11.1, 20.6
0.0, 0.0, 0.0, 1977-07-26 00:00:00, 11.1, 22.2
0.0, 0.0, 0.0, 1977-07-27 00:00:00, 12.2, 20.6
13.2, 13.2, 0.0, 1977-07-28 00:00:00, 12.8, 16.1
17.8, 17.8, 0.0, 1977-07-29 00:00:00, 12.8, 17.8
16.5, 16.5, 0.0, 1977-07-30 00:00:00, 12.8, 15.0
0.0, 0.0, 0.0, 1977-07-31 00:00:00, 12.2, 18.9
0.0, 0.0, 0.0, 1977-08-01 00:00:00, 10.6, 16.7
0.0, 0.0, 0.0, 1977-08-02 00:00:00, 12.8, 22.2
0.0, 0.0, 0.0, 1977-08-03 00:00:00, 12.2, 26.1
0.0, 0.0, 0.0, 1977-08-04 00:00:00, 12.8, 28.3
0.0, 0.0, 0.0, 1977-08-05 00:00:00, 12.8, 25.6
0.0, 0.0, 0.0, 1977-08-06 00:00:00, 17.2, 23.9
0.0, 0.0, 0.0, 1977-08-07 00:00:00, 12.8, 25.0
0.0, 0.0, 0.0, 1977-08-08 00:00:00, 14.4, 23.9
0.0, 0.0, 0.0, 1977-08-09 00:00:00, 14.4, 22.2
0.0, 0.0, 0.0, 1977-08-10 00:00:00, 15.0, 26.7
0.0, 0.0, 0.0, 1977-08-11 00:00:00, 11.1, 27.2
0.0, 0.0, 0.0, 1977-08-12 00:00:00, 15.0, 25.0
0.0, 0.0, 0.0, 1977-08-13 00:00:00, 15.0, 27.8
0.0, 0.0, 0.0, 1977-08-14 00:00:00, 16.7, 28.3
0.0, 0.0, 0.0, 1977-08-15 00:00:00, 13.9, 25.6
0.0, 0.0, 0.0, 1977-08-16 00:00:00, 13.9, 26.1
0.0, 0.0, 0.0, 1977-08-17 00:00:00, 13.9, 26.1
0.0, 0.0, 0.0, 1977-08-18 00:00:00, 14.4, 25.6
0.0, 0.0, 0.0, 1977-08-19 00:00:00, 11.1, 25.0
0.0, 0.0, 0.0, 1977-08-20 00:00:00, 13.3, 21.1
4.3, 4.3, 0.0, 1977-08-21 00:00:00, 13.3, 17.2
2.5, 2.5, 0.0, 1977-08-22 00:00:00, 13.9, 20.0
4.8, 4.8, 0.0, 1977-08-23 00:00:00, 12.2, 17.2
0.0, 0.0, 0.0, 1977-08-24 00:00:00, 12.2, 16.7
0.0, 0.0, 0.0, 1977-08-25 00:00:00, 10.0, 18.3
0.0, 0.0, 0.0, 1977-08-26 00:00:00, 8.9, 16.7
48.0, 48.0, 0.0, 1977-08-27 00:00:00, 10.6, 16.7
21.1, 21.1, 0.0, 1977-08-28 00:00:00, 11.7, 15.0
3.8, 3.8, 0.0, 1977-08-29 00:00:00, 10.6, 12.8
0.0, 0.0, 0.0, 1977-08-30 00:00:00, 10.6, 16.1
0.0, 0.0, 0.0, 1977-08-31 00:00:00, 10.0, 17.2
0.0, 0.0, 0.0, 1977-09-01 00:00:00, 9.4, 17.8
4.6, 4.6, 0.0, 1977-09-02 00:00:00, 11.1, 13.9
48.3, 48.3, 0.0, 1977-09-03 00:00:00, 11.7, 13.9
33.3, 33.3, 0.0, 1977-09-04 00:00:00, 11.7, 13.9
20.3, 20.3, 0.0, 1977-09-05 00:00:00, 10.0, 12.8
0.0, 0.0, 0.0, 1977-09-06 00:00:00, 9.4, 15.6
1.5, 1.5, 0.0, 1977-09-07 00:00:00, 8.9, 15.6
20.3, 20.3, 0.0, 1977-09-08 00:00:00, 8.9, 14.4
0.0, 0.0, 0.0, 1977-09-09 00:00:00, 10.6, 17.8
0.0, 0.0, 0.0, 1977-09-10 00:00:00, 5.6, 17.8
0.0, 0.0, 0.0, 1977-09-11 00:00:00, 10.6, 18.3
0.0, 0.0, 0.0, 1977-09-12 00:00:00, 9.4, 19.4
0.0, 0.0, 0.0, 1977-09-13 00:00:00, 10.6, 17.8
0.0, 0.0, 0.0, 1977-09-14 00:00:00, 7.2, 17.8
0.0, 0.0, 0.0, 1977-09-15 00:00:00, 8.9, 15.6
0.0, 0.0, 0.0, 1977-09-16 00:00:00, 7.8, 16.1
6.4, 6.4, 0.0, 1977-09-17 00:00:00, 8.3, 16.7
6.9, 6.9, 0.0, 1977-09-18 00:00:00, 5.6, 17.8
33.5, 33.5, 0.0, 1977-09-19 00:00:00, 10.0, 17.2
5.8, 5.8, 0.0, 1977-09-20 00:00:00, 9.4, 11.7
10.2, 10.2, 0.0, 1977-09-21 00:00:00, 9.4, 13.3
17.8, 17.8, 0.0, 1977-09-22 00:00:00, 7.8, 11.7
0.0, 0.0, 0.0, 1977-09-23 00:00:00, 7.2, 12.2
0.0, 0.0, 0.0, 1977-09-24 00:00:00, 6.7, 13.3
0.0, 0.0, 0.0, 1977-09-25 00:00:00, 7.2, 14.4
0.0, 0.0, 0.0, 1977-09-26 00:00:00, 7.8, 14.4
0.0, 0.0, 0.0, 1977-09-27 00:00:00, 6.7, 14.4
0.0, 0.0, 0.0, 1977-09-28 00:00:00, 6.7, 15.0
11.4, 11.4, 0.0, 1977-09-29 00:00:00, 7.2, 11.1
17.5, 17.5, 0.0, 1977-09-30 00:00:00, 8.3, 12.8
3.8, 3.8, 0.0, 1977-10-01 00:00:00, 6.1, 12.8
0.0, 0.0, 0.0, 1977-10-02 00:00:00, 5.6, 11.1
0.0, 0.0, 0.0, 1977-10-03 00:00:00, 3.9, 11.7
0.0, 0.0, 0.0, 1977-10-04 00:00:00, 6.7, 10.6
0.0, 0.0, 0.0, 1977-10-05 00:00:00, 5.6, 12.2
1.5, 1.5, 0.0, 1977-10-06 00:00:00, 5.6, 10.6
29.2, 29.2, 0.0, 1977-10-07 00:00:00, 6.1, 10.0
5.8, 5.8, 0.0, 1977-10-08 00:00:00, 5.6, 10.0
3.8, 3.8, 0.0, 1977-10-09 00:00:00, 4.4, 8.3
26.7, 26.7, 0.0, 1977-10-10 00:00:00, 5.0, 10.6
83.8, 83.8, 0.0, 1977-10-11 00:00:00, 6.1, 12.2
9.4, 9.4, 0.0, 1977-10-12 00:00:00, 7.2, 11.1
8.1, 8.1, 0.0, 1977-10-13 00:00:00, 6.7, 9.4
26.7, 26.7, 0.0, 1977-10-14 00:00:00, 6.1, 11.1
33.0, 33.0, 0.0, 1977-10-15 00:00:00, 6.7, 11.1
38.4, 38.4, 0.0, 1977-10-16 00:00:00, 7.2, 10.0
26.9, 26.9, 0.0, 1977-10-17 00:00:00, 7.8, 10.0
10.2, 10.2, 0.0, 1977-10-18 00:00:00, 6.7, 10.6
0.0, 0.0, 0.0, 1977-10-19 00:00:00, 3.9, 9.4
8.9, 8.9, 0.0, 1977-10-20 00:00:00, 1.7, 7.2
134.6, 134.6, 0.0, 1977-10-21 00:00:00, 3.9, 10.6
66.3, 66.3, 0.0, 1977-10-22 00:00:00, 9.4, 11.7
15.5, 15.5, 0.0, 1977-10-23 00:00:00, 6.7, 8.9
84.6, 84.6, 0.0, 1977-10-24 00:00:00, 5.0, 9.4
78.0, 78.0, 0.0, 1977-10-25 00:00:00, 5.6, 8.9
39.4, 39.4, 0.0, 1977-10-26 00:00:00, 4.4, 7.2
36.6, 36.6, 0.0, 1977-10-27 00:00:00, 5.6, 7.8
25.7, 25.7, 0.0, 1977-10-28 00:00:00, 5.6, 7.8
9.9, 9.9, 0.0, 1977-10-29 00:00:00, 4.4, 7.2
18.8, 18.8, 0.0, 1977-10-30 00:00:00, 3.9, 7.2
37.1, 37.1, 0.0, 1977-10-31 00:00:00, 2.8, 5.0
36.6, 36.6, 0.0, 1977-11-01 00:00:00, 2.2, 6.7
10.9, 10.9, 0.0, 1977-11-02 00:00:00, 2.2, 5.0
0.0, 0.0, 0.0, 1977-11-03 00:00:00, 2.2, 6.7
5.8, 5.8, 0.0, 1977-11-04 00:00:00, 1.1, 5.6
35.3, 35.3, 0.0, 1977-11-05 00:00:00, 3.3, 7.2
10.7, 10.7, 0.0, 1977-11-06 00:00:00, 2.8, 7.8
23.1, 23.1, 0.0, 1977-11-07 00:00:00, 0.6, 4.4
1.8, 0.0, 1.8, 1977-11-08 00:00:00, 0.6, 2.2
15.0, 15.0, 0.0, 1977-12-01 00:00:00, 3.0, 6.0
10.2, 10.2, 0.0, 1977-12-02 00:00:00, 2.0, 5.0
3.0, 3.0, 0.0, 1977-12-03 00:00:00, 1.0, 5.0
1.0, 1.0, 0.0, 1977-12-04 00:00:00, -1.0, 4.0
12.4, 0.0, 12.4, 1977-12-05 00:00:00, -5.0, -3.3
15.5, 0.0, 15.5, 1977-12-06 00:00:00, -8.3, -5.6
0.0, 0.0, 0.0, 1977-12-07 00:00:00, -13.3, -7.2
0.8, 0.0, 0.8, 1977-12-08 00:00:00, -16.7, -11.7
29.7, 0.0, 29.7, 1977-12-09 00:00:00, -17.8, -7.8
25.7, 0.0, 25.7, 1977-12-10 00:00:00, -11.1, -4.4
27.4, 27.4, 0.0, 1977-12-11 00:00:00, -8.3, 1.7
53.8, 53.8, 0.0, 1977-12-12 00:00:00, -1.7, 2.2
39.1, 39.1, 0.0, 1977-12-13 00:00:00, 1.1, 3.9
17.8, 17.8, 0.0, 1977-12-14 00:00:00, 0.6, 4.4
12.4, 9.4, 3.0, 1977-12-15 00:00:00, 0.6, 3.3
18.8, 14.2, 4.6, 1977-12-16 00:00:00, 0.0, 3.3
7.4, 0.0, 7.4, 1977-12-17 00:00:00, 0.0, 1.1
4.1, 0.0, 4.1, 1977-12-18 00:00:00, -1.7, 0.6
0.0, 0.0, 0.0, 1977-12-19 00:00:00, -1.7, 0.6
0.0, 0.0, 0.0, 1977-12-20 00:00:00, -3.3, 0.0
0.0, 0.0, 0.0, 1977-12-21 00:00:00, -7.8, -1.1
0.0, 0.0, 0.0, 1977-12-22 00:00:00, -7.8, -1.7
0.0, 0.0, 0.0, 1977-12-23 00:00:00, -8.3, -5.6
0.0, 0.0, 0.0, 1977-12-24 00:00:00, -10.0, -5.0
0.0, 0.0, 0.0, 1977-12-25 00:00:00, -10.0, -5.0
0.0, 0.0, 0.0, 1977-12-26 00:00:00, -7.8, -3.9
0.0, 0.0, 0.0, 1977-12-27 00:00:00, -7.8, -3.9
0.0, 0.0, 0.0, 1977-12-28 00:00:00, -8.3, -5.0
0.0, 0.0, 0.0, 1977-12-29 00:00:00, -7.2, -5.0
0.0, 0.0, 0.0, 1977-12-30 00:00:00, -7.8, -5.0
0.0, 0.0, 0.0, 1977-12-31 00:00:00, -10.0, -6.1
0.0, 0.0, 0.0, 1978-01-01 00:00:00, -11.7, -7.8
0.0, 0.0, 0.0, 1978-01-02 00:00:00, -12.8, -9.4
0.0, 0.0, 0.0, 1978-01-03 00:00:00, -12.2, 0.6
0.0, 0.0, 0.0, 1978-01-04 00:00:00, -7.8, -3.9
0.0, 0.0, 0.0, 1978-01-05 00:00:00, -9.4, -7.2
4.1, 0.0, 4.1, 1978-01-06 00:00:00, -12.2, -3.9
18.8, 0.0, 18.8, 1978-01-07 00:00:00, -9.4, -2.2
0.0, 0.0, 0.0, 1978-01-08 00:00:00, -6.7, -0.6
0.0, 0.0, 0.0, 1978-01-09 00:00:00, -10.0, 0.6
0.0, 0.0, 0.0, 1978-01-10 00:00:00, -7.2, -1.1
0.0, 0.0, 0.0, 1978-01-11 00:00:00, -7.8, -1.7
0.0, 0.0, 0.0, 1978-01-12 00:00:00, -6.7, 0.6
0.0, 0.0, 0.0, 1978-01-13 00:00:00, -6.7, -1.1
0.0, 0.0, 0.0, 1978-01-14 00:00:00, -6.7, 2.2
0.0, 0.0, 0.0, 1978-01-15 00:00:00, -1.7, 2.2
0.0, 0.0, 0.0, 1978-01-16 00:00:00, -1.1, 3.9
0.0, 0.0, 0.0, 1978-01-17 00:00:00, 0.0, 2.8
0.0, 0.0, 0.0, 1978-01-18 00:00:00, 0.0, 3.9
15.2, 15.2, 0.0, 1978-01-19 00:00:00, 0.0, 3.9
38.1, 38.1, 0.0, 1978-01-20 00:00:00, 0.6, 3.9
4.1, 4.1, 0.0, 1978-01-21 00:00:00, 0.0, 1.7
13.5, 13.5, 0.0, 1978-01-22 00:00:00, 0.0, 1.7
18.0, 18.0, 0.0, 1978-01-23 00:00:00, 0.0, 1.7
33.3, 33.3, 0.0, 1978-01-24 00:00:00, 0.6, 5.0
0.0, 0.0, 0.0, 1978-01-25 00:00:00, 1.7, 4.4
0.0, 0.0, 0.0, 1978-01-26 00:00:00, 0.0, 2.2
0.0, 0.0, 0.0, 1978-01-27 00:00:00, -1.7, 1.7
0.0, 0.0, 0.0, 1978-01-28 00:00:00, -1.1, 1.7
0.0, 0.0, 0.0, 1978-01-29 00:00:00, -3.9, 1.1
0.0, 0.0, 0.0, 1978-01-30 00:00:00, -3.9, 2.2
0.0, 0.0, 0.0, 1978-01-31 00:00:00, -7.2, -1.7
0.0, 0.0, 0.0, 1978-02-01 00:00:00, -8.9, 0.0
1.0, 0.0, 1.0, 1978-02-02 00:00:00, -8.9, -1.7
3.8, 3.8, 0.0, 1978-02-03 00:00:00, -3.9, 1.1
78.5, 56.9, 21.6, 1978-02-04 00:00:00, -2.2, 2.8
8.6, 3.8, 4.8, 1978-02-05 00:00:00, 1.7, 4.4
6.6, 6.6, 0.0, 1978-02-06 00:00:00, 2.2, 3.9
4.1, 4.1, 0.0, 1978-02-07 00:00:00, 1.7, 5.6
0.0, 0.0, 0.0, 1978-02-08 00:00:00, 1.7, 4.4
8.4, 8.4, 0.0, 1978-02-09 00:00:00, 0.6, 4.4
0.0, 0.0, 0.0, 1978-02-10 00:00:00, 0.0, 5.0
0.0, 0.0, 0.0, 1978-02-11 00:00:00, -1.7, 3.9
0.0, 0.0, 0.0, 1978-02-12 00:00:00, -4.4, 5.0
8.6, 0.0, 8.6, 1978-02-13 00:00:00, -6.1, 1.7
0.0, 0.0, 0.0, 1978-02-14 00:00:00, -1.1, 3.3
0.0, 0.0, 0.0, 1978-02-15 00:00:00, 0.6, 4.4
0.0, 0.0, 0.0, 1978-02-16 00:00:00, 0.0, 3.9
7.1, 7.1, 0.0, 1978-02-17 00:00:00, 1.1, 5.0
46.7, 46.7, 0.0, 1978-02-18 00:00:00, 1.1, 5.0
44.5, 44.5, 0.0, 1978-02-19 00:00:00, 1.1, 6.7
57.4, 57.4, 0.0, 1978-02-20 00:00:00, 3.9, 5.0
16.0, 16.0, 0.0, 1978-02-21 00:00:00, 3.3, 6.7
10.2, 10.2, 0.0, 1978-02-22 00:00:00, 1.7, 5.0
0.0, 0.0, 0.0, 1978-02-23 00:00:00, 0.0, 5.0
0.0, 0.0, 0.0, 1978-02-24 00:00:00, -2.2, 5.0
0.0, 0.0, 0.0, 1978-02-25 00:00:00, -3.3, 6.1
0.0, 0.0, 0.0, 1978-02-26 00:00:00, -4.4, 5.0
0.0, 0.0, 0.0, 1978-02-27 00:00:00, -4.4, 6.7
0.0, 0.0, 0.0, 1978-02-28 00:00:00, -3.3, 6.7
0.0, 0.0, 0.0, 1978-03-01 00:00:00, -4.4, 5.0
0.5, 0.0, 0.5, 1978-03-02 00:00:00, -4.4, 2.2
0.0, 0.0, 0.0, 1978-03-03 00:00:00, -3.9, 1.1
7.1, 0.0, 7.1, 1978-03-04 00:00:00, -3.9, 1.7
11.2, 11.2, 0.0, 1978-03-05 00:00:00, 0.0, 5.6
50.8, 50.8, 0.0, 1978-03-06 00:00:00, 2.2, 7.2
50.3, 50.3, 0.0, 1978-03-07 00:00:00, 2.8, 5.0
20.8, 20.8, 0.0, 1978-03-08 00:00:00, 2.2, 3.9
13.7, 13.7, 0.0, 1978-03-09 00:00:00, 0.6, 6.7
0.0, 0.0, 0.0, 1978-03-10 00:00:00, 2.2, 6.1
0.0, 0.0, 0.0, 1978-03-11 00:00:00, 2.2, 7.2
9.9, 9.9, 0.0, 1978-03-12 00:00:00, -3.3, 6.7
13.7, 8.1, 5.6, 1978-03-13 00:00:00, -2.2, 4.4
0.0, 0.0, 0.0, 1978-03-14 00:00:00, 1.1, 5.6
12.2, 12.2, 0.0, 1978-03-15 00:00:00, 1.1, 3.3
15.0, 15.0, 0.0, 1978-03-16 00:00:00, 0.0, 7.2
0.0, 0.0, 0.0, 1978-03-17 00:00:00, 0.0, 7.2
2.5, 2.5, 0.0, 1978-03-18 00:00:00, 3.3, 7.8
0.0, 0.0, 0.0, 1978-03-19 00:00:00, 1.1, 3.3
7.6, 7.6, 0.0, 1978-03-20 00:00:00, 1.1, 4.4
0.0, 0.0, 0.0, 1978-03-21 00:00:00, 0.6, 7.2
0.0, 0.0, 0.0, 1978-03-22 00:00:00, -0.6, 10.6
39.4, 39.4, 0.0, 1978-03-23 00:00:00, 1.7, 7.8
65.5, 65.5, 0.0, 1978-03-24 00:00:00, 2.2, 7.2
43.2, 43.2, 0.0, 1978-03-25 00:00:00, 2.2, 7.2
14.7, 14.7, 0.0, 1978-03-26 00:00:00, 0.0, 6.7
24.1, 24.1, 0.0, 1978-03-27 00:00:00, 0.6, 6.7
23.4, 23.4, 0.0, 1978-03-28 00:00:00, 2.2, 5.6
0.0, 0.0, 0.0, 1978-03-29 00:00:00, 1.1, 6.7
0.0, 0.0, 0.0, 1978-03-30 00:00:00, 0.6, 7.8
0.0, 0.0, 0.0, 1978-03-31 00:00:00, 0.0, 3.3
0.0, 0.0, 0.0, 1978-04-01 00:00:00, 0.0, 7.2
0.0, 0.0, 0.0, 1978-04-02 00:00:00, 3.3, 8.9
0.0, 0.0, 0.0, 1978-04-03 00:00:00, 2.2, 7.8
16.0, 16.0, 0.0, 1978-04-04 00:00:00, 5.6, 8.3
0.0, 0.0, 0.0, 1978-04-05 00:00:00, 0.0, 10.0
0.0, 0.0, 0.0, 1978-04-06 00:00:00, 0.0, 11.1
25.7, 25.7, 0.0, 1978-04-07 00:00:00, 1.7, 7.2
12.4, 12.4, 0.0, 1978-04-08 00:00:00, 1.7, 8.3
26.2, 26.2, 0.0, 1978-04-09 00:00:00, 2.8, 7.2
4.1, 4.1, 0.0, 1978-04-10 00:00:00, 1.7, 6.7
4.6, 4.6, 0.0, 1978-04-11 00:00:00, 1.1, 6.7
0.0, 0.0, 0.0, 1978-04-12 00:00:00, 2.2, 5.6
0.0, 0.0, 0.0, 1978-04-13 00:00:00, 2.2, 11.1
0.0, 0.0, 0.0, 1978-04-14 00:00:00, 2.2, 9.4
0.0, 0.0, 0.0, 1978-04-15 00:00:00, -0.6, 9.4
0.0, 0.0, 0.0, 1978-04-16 00:00:00, 3.3, 7.2
0.0, 0.0, 0.0, 1978-04-17 00:00:00, 1.7, 11.1
0.0, 0.0, 0.0, 1978-04-18 00:00:00, 3.9, 11.1
0.0, 0.0, 0.0, 1978-04-19 00:00:00, 7.8, 12.2
0.0, 0.0, 0.0, 1978-04-20 00:00:00, 7.8, 11.1
13.2, 13.2, 0.0, 1978-04-21 00:00:00, 6.7, 8.9
0.0, 0.0, 0.0, 1978-04-22 00:00:00, 6.7, 9.4
0.0, 0.0, 0.0, 1978-04-23 00:00:00, 5.0, 9.4
4.6, 4.6, 0.0, 1978-04-24 00:00:00, 3.3, 12.2
0.0, 0.0, 0.0, 1978-04-25 00:00:00, 5.6, 11.1
2.8, 2.8, 0.0, 1978-04-26 00:00:00, 7.2, 14.4
0.0, 0.0, 0.0, 1978-04-27 00:00:00, 6.7, 12.2
0.0, 0.0, 0.0, 1978-04-28 00:00:00, 3.9, 11.1
2.0, 2.0, 0.0, 1978-04-29 00:00:00, 6.1, 8.3
0.0, 0.0, 0.0, 1978-04-30 00:00:00, 6.1, 12.8
