station_observations
ONE_DAY_PRECIPITATION, ONE_DAY_RAIN, MIN_TEMP, ONE_DAY_SNOW, time, SNOW_ON_THE_GROUND, MAX_TEMP
0.0, 0.0, -13.5, 0.0, 1983-12-01 00:00:00, 102.0, -6.0
0.0, 0.0, -10.0, 0.0, 1983-12-02 00:00:00, 101.0, -8.0
0.0, 0.0, -12.0, 0.0, 1983-12-03 00:00:00, 100.0, -8.5
0.0, 0.0, -12.0, 0.0, 1983-12-04 00:00:00, 98.0, -7.0
0.0, 0.0, -10.5, 0.0, 1983-12-05 00:00:00, 97.0, -7.5
0.0, 0.0, -11.5, 0.0, 1983-12-06 00:00:00, 97.0, -9.5
17.0, 0.0, -13.0, 17.0, 1983-12-07 00:00:00, 96.0, -4.0
2.0, 0.0, -10.5, 2.0, 1983-12-08 00:00:00, 112.0, -2.0
1.0, 0.0, -5.5, 1.0, 1983-12-09 00:00:00, 110.0, -4.0
8.0, 0.0, -7.5, 8.0, 1983-12-10 00:00:00, 107.0, -4.0
0.0, 0.0, -6.0, 0.0, 1983-12-11 00:00:00, 115.0, -2.5
21.0, 0.0, -6.0, 21.0, 1983-12-12 00:00:00, 113.0, -2.5
0.0, 0.0, -5.0, 0.0, 1983-12-13 00:00:00, 125.0, -1.0
0.0, 0.0, -6.5, 0.0, 1983-12-14 00:00:00, 121.0, -4.5
0.0, 0.0, -9.0, 0.0, 1983-12-15 00:00:00, 118.0, -6.0
0.0, 0.0, -12.5, 0.0, 1983-12-16 00:00:00, 115.0, -11.0
0.0, 0.0, -16.5, 0.0, 1983-12-17 00:00:00, 113.0, -10.0
0.0, 0.0, -13.5, 0.0, 1983-12-18 00:00:00, 110.0, -9.0
0.0, 0.0, -16.5, 0.0, 1983-12-19 00:00:00, 107.0, -15.5
0.0, 0.0, -24.5, 0.0, 1983-12-20 00:00:00, 106.0, -20.5
0.0, 0.0, -22.0, 0.0, 1983-12-21 00:00:00, 105.0, -19.5
0.0, 0.0, -24.0, 0.0, 1983-12-22 00:00:00, 104.0, -18.5
0.0, 0.0, -24.0, 0.0, 1983-12-23 00:00:00, 104.0, -18.0
0.0, 0.0, -23.0, 0.0, 1983-12-24 00:00:00, 103.0, -7.5
6.0, 0.0, -18.5, 6.0, 1983-12-25 00:00:00, 103.0, -4.0
0.0, 0.0, -9.0, 0.0, 1983-12-26 00:00:00, 108.0, -4.0
0.0, 0.0, -13.0, 0.0, 1983-12-27 00:00:00, 107.0, -9.5
0.0, 0.0, -14.5, 0.0, 1983-12-28 00:00:00, 107.0, -6.0
8.0, 0.0, -11.0, 8.0, 1983-12-29 00:00:00, 107.0, 0.0
4.0, 0.0, -4.5, 4.0, 1983-12-30 00:00:00, 115.0, 0.0
0.0, 0.0, -3.0, 0.0, 1983-12-31 00:00:00, 115.0, -1.0
27.0, 0.0, -3.5, 27.0, 1984-01-01 00:00:00, 113.0, 0.0
6.0, 0.0, -2.5, 6.0, 1984-01-02 00:00:00, 140.0, 1.0
0.0, 0.0, -2.0, 0.0, 1984-01-03 00:00:00, 138.0, 6.0
0.0, 0.0, 0.0, 0.0, 1984-01-04 00:00:00, 112.0, 3.0
2.0, 0.0, -4.5, 2.0, 1984-01-05 00:00:00, 110.0, 2.0
0.0, 0.0, -3.5, 0.0, 1984-01-06 00:00:00, 112.0, 1.5
4.0, 0.0, -1.5, 4.0, 1984-01-07 00:00:00, 109.0, 3.0
1.0, 0.0, -3.0, 1.0, 1984-01-08 00:00:00, 113.0, -1.5
7.0, 0.0, -2.5, 7.0, 1984-01-09 00:00:00, 114.0, 0.5
3.0, 0.0, -2.0, 3.0, 1984-01-10 00:00:00, 121.0, -1.5
0.0, 0.0, -4.5, 0.0, 1984-01-11 00:00:00, 121.0, -1.5
0.0, 0.0, -7.0, 0.0, 1984-01-12 00:00:00, 120.0, -3.0
0.0, 0.0, -9.0, 0.0, 1984-01-13 00:00:00, 118.0, -6.5
0.0, 0.0, -10.5, 0.0, 1984-01-14 00:00:00, 117.0, -6.0
0.0, 0.0, -11.0, 0.0, 1984-01-15 00:00:00, 115.0, -2.0
0.0, 0.0, -7.0, 0.0, 1984-01-16 00:00:00, 115.0, -5.5
0.0, 0.0, -12.5, 0.0, 1984-01-17 00:00:00, 114.0, -8.0
0.0, 0.0, -13.0, 0.0, 1984-01-18 00:00:00, 114.0, -7.0
0.0, 0.0, -11.5, 0.0, 1984-01-19 00:00:00, 114.0, -5.5
8.0, 0.0, -10.5, 8.0, 1984-01-20 00:00:00, 114.0, -5.0
29.0, 0.0, -8.0, 29.0, 1984-01-21 00:00:00, 121.0, -2.5
3.0, 0.0, -4.5, 3.0, 1984-01-22 00:00:00, 146.0, -2.0
4.0, 0.0, -4.0, 4.0, 1984-01-23 00:00:00, 145.0, 1.0
5.0, 0.0, -3.5, 5.0, 1984-01-24 00:00:00, 141.0, 2.0
1.0, 0.0, -2.0, 1.0, 1984-01-25 00:00:00, 141.0, -0.5
1.0, 0.0, -5.0, 1.0, 1984-01-26 00:00:00, 141.0, 2.0
0.0, 0.0, -3.0, 0.0, 1984-01-27 00:00:00, 135.0, 2.5
0.0, 0.0, 0.0, 0.0, 1984-01-28 00:00:00, 129.0, 2.0
0.0, 0.0, -4.0, 0.0, 1984-01-29 00:00:00, 128.0, 3.0
0.0, 0.0, -3.5, 0.0, 1984-01-30 00:00:00, 128.0, 6.0
0.0, 0.0, 0.5, 0.0, 1984-01-31 00:00:00, 127.0, 5.0
0.0, 0.0, -5.0, 0.0, 1984-02-01 00:00:00, 127.0, -2.0
0.0, 0.0, -4.0, 0.0, 1984-02-02 00:00:00, 127.0, 0.0
0.0, 0.0, -4.5, 0.0, 1984-02-03 00:00:00, 127.0, 4.5
0.0, 0.0, 1.0, 0.0, 1984-02-04 00:00:00, 126.0, 7.0
0.0, 0.0, 3.5, 0.0, 1984-02-05 00:00:00, 126.0, 6.0
0.0, 0.0, -2.0, 0.0, 1984-02-06 00:00:00, 126.0, 0.5
7.0, 0.0, -2.5, 7.0, 1984-02-07 00:00:00, 126.0, 3.0
18.0, 0.0, -2.0, 18.0, 1984-02-08 00:00:00, None, 1.0
15.0, 0.0, -3.0, 15.0, 1984-02-09 00:00:00, None, -1.5
14.0, 0.0, -4.5, 14.0, 1984-02-10 00:00:00, 161.0, -1.0
15.0, 0.0, -6.0, 15.0, 1984-02-11 00:00:00, 169.0, -2.0
9.0, 0.0, -4.0, 9.0, 1984-02-12 00:00:00, 177.0, -1.0
9.0, 0.0, -5.5, 9.0, 1984-02-13 00:00:00, 181.0, -1.5
10.0, 0.0, -6.5, 10.0, 1984-02-14 00:00:00, 176.0, -3.0
3.0, 0.0, -6.0, 3.0, 1984-02-15 00:00:00, 181.0, -2.0
0.0, 0.0, -9.0, 0.0, 1984-02-16 00:00:00, 175.0, -4.0
0.0, 0.0, -8.0, 0.0, 1984-02-17 00:00:00, 171.0, -4.0
1.0, 0.0, -6.5, 1.0, 1984-02-18 00:00:00, 169.0, -1.5
21.0, 0.0, -3.5, 21.0, 1984-02-19 00:00:00, None, 1.0
14.0, 0.0, -1.5, 14.0, 1984-02-20 00:00:00, 191.0, 0.0
3.0, 0.0, -5.5, 3.0, 1984-02-21 00:00:00, 187.0, -2.0
11.0, 0.0, -7.0, 11.0, 1984-02-22 00:00:00, 185.0, -5.0
4.0, 0.0, -8.0, 4.0, 1984-02-23 00:00:00, 184.0, -4.5
2.0, 0.0, -6.5, 2.0, 1984-02-24 00:00:00, 184.0, -2.0
1.0, 0.0, -7.5, 1.0, 1984-02-25 00:00:00, 182.0, -5.0
10.0, 0.0, -9.5, 10.0, 1984-02-26 00:00:00, 181.0, -3.0
8.0, 0.0, -5.5, 8.0, 1984-02-27 00:00:00, None, -0.5
10.0, 0.0, -3.0, 10.0, 1984-02-28 00:00:00, None, -1.0
3.0, 0.0, -5.0, 3.0, 1984-02-29 00:00:00, 197.0, -2.0
12.0, 0.0, -4.5, 12.0, 1984-03-01 00:00:00, 197.0, -0.5
0.0, 0.0, -4.5, 0.0, 1984-03-02 00:00:00, 204.0, -2.0
0.0, 0.0, -8.0, 0.0, 1984-03-03 00:00:00, 199.0, -2.0
0.0, 0.0, -5.0, 0.0, 1984-03-04 00:00:00, 195.0, 3.5
0.0, 0.0, -0.5, 0.0, 1984-03-05 00:00:00, 189.0, 8.5
0.0, 0.0, 0.0, 0.0, 1984-03-06 00:00:00, 186.0, 6.5
0.0, 0.0, 0.5, 0.0, 1984-03-07 00:00:00, 183.0, 6.0
0.0, 0.0, 1.0, 0.0, 1984-03-08 00:00:00, 180.0, 7.0
0.0, 0.0, 1.0, 0.0, 1984-03-09 00:00:00, 178.0, 3.5
0.0, 0.0, 0.5, 0.0, 1984-03-10 00:00:00, 173.0, 1.5
6.0, 0.0, -3.5, 6.0, 1984-03-11 00:00:00, 172.0, -0.5
1.0, 0.0, -3.0, 1.0, 1984-03-12 00:00:00, 177.0, 0.0
1.0, 0.0, -4.5, 1.0, 1984-03-13 00:00:00, 176.0, 0.0
2.0, 0.0, -4.0, 2.0, 1984-03-14 00:00:00, 177.0, 0.0
1.0, 0.0, -3.0, 1.0, 1984-03-15 00:00:00, 177.0, 0.5
3.0, 0.0, -2.5, 3.0, 1984-03-16 00:00:00, 176.0, 1.0
6.0, 0.0, -3.5, 6.0, 1984-03-17 00:00:00, 180.0, 0.0
0.0, 0.0, -3.5, 0.0, 1984-03-18 00:00:00, 182.0, 1.0
8.0, 0.0, -5.0, 8.0, 1984-03-19 00:00:00, 180.0, 2.0
7.0, 3.0, -2.0, 4.0, 1984-03-20 00:00:00, 184.0, 3.5
2.0, 0.0, -3.5, 2.0, 1984-03-21 00:00:00, 184.0, 0.0
6.0, 0.0, -2.5, 6.0, 1984-03-22 00:00:00, 181.0, 1.5
2.0, 0.0, -3.0, 2.0, 1984-03-23 00:00:00, 186.0, 0.5
5.0, 0.0, -5.5, 5.0, 1984-03-24 00:00:00, 184.0, -0.5
2.0, 0.0, -4.5, 2.0, 1984-03-25 00:00:00, 190.0, -1.5
0.0, 0.0, -7.5, 0.0, 1984-03-26 00:00:00, 187.0, 3.0
4.0, 0.0, -6.5, 4.0, 1984-03-27 00:00:00, 185.0, 3.0
1.0, 0.0, -4.0, 1.0, 1984-03-28 00:00:00, 188.0, -0.5
0.0, 0.0, -6.5, 0.0, 1984-03-29 00:00:00, 187.0, 2.5
0.0, 0.0, -5.0, 0.0, 1984-03-30 00:00:00, 185.0, 4.5
0.0, 0.0, -2.0, 0.0, 1984-03-31 00:00:00, 183.0, 4.0
0.0, 0.0, -3.0, 0.0, 1984-04-01 00:00:00, 182.0, 5.0
3.0, 0.0, -3.5, 3.0, 1984-04-02 00:00:00, 182.0, 1.0
9.0, 0.0, -3.0, 9.0, 1984-04-03 00:00:00, None, -0.5
1.0, 0.0, -7.5, 1.0, 1984-04-04 00:00:00, 192.0, 1.0
3.0, 0.0, -3.5, 3.0, 1984-04-05 00:00:00, 190.0, -1.0
4.0, 0.0, -7.0, 4.0, 1984-04-06 00:00:00, 190.0, -2.5
6.0, 0.0, -4.5, 6.0, 1984-04-07 00:00:00, 193.0, 0.0
3.0, 0.0, -6.5, 3.0, 1984-04-08 00:00:00, 197.0, 0.5
12.0, 0.0, -5.0, 12.0, 1984-04-09 00:00:00, 198.0, -2.0
5.0, 0.0, -5.5, 5.0, 1984-04-10 00:00:00, 207.0, -0.5
5.0, 0.0, -5.5, 5.0, 1984-04-11 00:00:00, 204.0, 0.5
2.0, 0.0, -4.0, 2.0, 1984-04-12 00:00:00, 208.0, 0.0
2.0, 0.0, -7.5, 2.0, 1984-04-13 00:00:00, 203.0, 3.5
0.0, 0.0, -2.5, 0.0, 1984-04-14 00:00:00, 200.0, 10.0
2.0, 0.0, 0.5, 2.0, 1984-04-15 00:00:00, 190.0, 10.0
2.0, 0.0, -2.0, 2.0, 1984-04-16 00:00:00, 187.0, 2.0
2.0, 0.0, -6.5, 2.0, 1984-04-17 00:00:00, 188.0, 1.5
1.0, 0.0, -3.0, 1.0, 1984-04-18 00:00:00, 189.0, 1.5
1.0, 0.0, -2.5, 1.0, 1984-04-19 00:00:00, 188.0, 1.0
1.0, 0.0, -2.0, 1.0, 1984-04-20 00:00:00, 186.0, 4.5
3.0, 0.0, -3.0, 3.0, 1984-04-21 00:00:00, None, 1.0
8.0, 0.0, -4.0, 8.0, 1984-04-22 00:00:00, 190.0, -0.5
0.0, 0.0, -6.5, 0.0, 1984-04-23 00:00:00, 196.0, 0.0
0.0, 0.0, -10.0, 0.0, 1984-04-24 00:00:00, 193.0, -0.5
0.0, 0.0, -5.5, 0.0, 1984-04-25 00:00:00, 192.0, 2.0
0.0, 0.0, -2.5, 0.0, 1984-04-26 00:00:00, 188.0, 5.0
0.0, 0.0, -2.0, 0.0, 1984-04-27 00:00:00, 187.0, 6.0
0.0, 0.0, -2.5, 0.0, 1984-04-28 00:00:00, 185.0, 3.0
0.0, 0.0, -4.0, 0.0, 1984-04-29 00:00:00, 184.0, 4.0
6.0, 0.0, None, 6.0, 1984-04-30 00:00:00, None, 3.5
None, None, -14.0, None, 1984-11-01 00:00:00, None, -1.0
None, None, -5.0, None, 1984-11-04 00:00:00, None, -2.0
None, None, -7.0, None, 1984-11-07 00:00:00, None, -1.0
6.0, 0.0, -5.0, 6.0, 1984-11-08 00:00:00, 87.0, -1.0
1.0, 0.0, -5.0, 1.0, 1984-11-09 00:00:00, 90.0, -2.0
15.0, 0.0, -7.0, 15.0, 1984-11-10 00:00:00, 91.0, -2.0
3.0, 0.0, -5.0, 3.0, 1984-11-11 00:00:00, 94.0, -2.0
None, None, -4.5, None, 1984-11-12 00:00:00, None, -3.0
0.0, 0.0, None, 0.0, 1984-11-15 00:00:00, None, None
0.0, 0.0, -5.5, 0.0, 1984-11-16 00:00:00, None, 0.5
9.0, 0.0, -4.5, 9.0, 1984-11-17 00:00:00, 103.0, 0.5
None, None, -1.5, None, 1984-11-18 00:00:00, 110.0, 0.0
0.0, 0.0, None, 0.0, 1984-11-20 00:00:00, None, None
10.0, 0.0, -7.5, 10.0, 1984-11-21 00:00:00, 106.0, 0.0
29.0, 2.0, -7.0, 27.0, 1984-11-22 00:00:00, 105.0, 1.0
12.0, 0.0, -4.5, 12.0, 1984-11-23 00:00:00, 132.0, -1.0
7.0, 0.0, -8.0, 7.0, 1984-11-24 00:00:00, 129.0, -5.5
4.0, 0.0, -7.5, 4.0, 1984-11-25 00:00:00, 130.0, -5.0
38.0, 0.0, -9.5, 38.0, 1984-11-26 00:00:00, 129.0, -6.5
24.0, 0.0, -8.0, 24.0, 1984-11-27 00:00:00, 166.0, -3.0
3.0, 0.0, -4.0, 3.0, 1984-11-28 00:00:00, 170.0, -1.0
14.0, 0.0, -10.0, 14.0, 1984-11-29 00:00:00, 162.0, -6.0
0.0, 0.0, -8.0, 0.0, 1984-11-30 00:00:00, 166.0, -5.0
0.0, 0.0, -11.0, 0.0, 1984-12-01 00:00:00, 158.0, -8.5
0.0, 0.0, -13.0, 0.0, 1984-12-02 00:00:00, 148.0, -9.0
0.0, 0.0, -12.0, 0.0, 1984-12-03 00:00:00, 144.0, -6.5
0.0, 0.0, -8.5, 0.0, 1984-12-04 00:00:00, 141.0, -2.5
0.0, 0.0, -5.0, 0.0, 1984-12-05 00:00:00, 136.0, 0.5
23.0, 0.0, -3.5, 23.0, 1984-12-06 00:00:00, 134.0, 1.0
47.0, 0.0, -3.0, 47.0, 1984-12-07 00:00:00, None, -1.0
0.0, 0.0, -4.5, 0.0, 1984-12-08 00:00:00, 183.0, -3.0
11.0, 0.0, -9.0, 11.0, 1984-12-09 00:00:00, 176.0, -5.0
1.0, 0.0, -10.0, 1.0, 1984-12-10 00:00:00, 176.0, -7.0
7.0, 0.0, -9.0, 7.0, 1984-12-11 00:00:00, 173.0, -6.5
2.0, 0.0, -7.5, 2.0, 1984-12-12 00:00:00, 168.0, -5.5
42.0, 0.0, -10.5, 42.0, 1984-12-13 00:00:00, 166.0, -1.5
21.0, 0.0, -5.5, 21.0, 1984-12-14 00:00:00, None, -1.5
1.0, 0.0, -9.0, 1.0, 1984-12-15 00:00:00, 200.0, -7.0
0.0, 0.0, -15.5, 0.0, 1984-12-16 00:00:00, 191.0, -15.0
0.0, 0.0, -20.5, 0.0, 1984-12-17 00:00:00, 186.0, -12.5
0.0, 0.0, -15.5, 0.0, 1984-12-18 00:00:00, 179.0, -10.0
6.0, 0.0, -12.5, 6.0, 1984-12-19 00:00:00, 173.0, -7.5
5.0, 0.0, -10.5, 5.0, 1984-12-20 00:00:00, 177.0, -7.5
0.0, 0.0, -11.0, 0.0, 1984-12-21 00:00:00, 174.0, -3.0
1.0, 0.0, -5.0, 1.0, 1984-12-22 00:00:00, 170.0, -4.0
0.0, 0.0, -6.5, 0.0, 1984-12-23 00:00:00, 166.0, -5.0
0.0, 0.0, -10.0, 0.0, 1984-12-24 00:00:00, 164.0, -4.0
4.0, 0.0, -7.5, 4.0, 1984-12-25 00:00:00, 162.0, -2.0
8.0, 0.0, -10.5, 8.0, 1984-12-26 00:00:00, None, -7.5
1.0, 0.0, -14.0, 1.0, 1984-12-27 00:00:00, 165.0, -13.0
3.0, 0.0, -15.5, 3.0, 1984-12-28 00:00:00, 163.0, -13.0
15.0, 0.0, -22.0, 15.0, 1984-12-29 00:00:00, 163.0, -13.5
0.0, 0.0, -21.5, 0.0, 1984-12-30 00:00:00, 171.0, -10.5
0.0, 0.0, -13.0, 0.0, 1984-12-31 00:00:00, 167.0, -2.0
0.0, 0.0, -5.0, 0.0, 1985-01-01 00:00:00, 163.0, 0.5
0.0, 0.0, -1.5, 0.0, 1985-01-02 00:00:00, 158.0, 2.5
0.0, 0.0, 1.0, 0.0, 1985-01-03 00:00:00, 155.0, 4.0
2.0, 0.0, -2.0, 2.0, 1985-01-04 00:00:00, 153.0, 4.0
0.0, 0.0, -3.0, 0.0, 1985-01-05 00:00:00, 153.0, -1.0
0.0, 0.0, -5.5, 0.0, 1985-01-06 00:00:00, 150.0, 0.5
0.0, 0.0, -2.0, 0.0, 1985-01-07 00:00:00, 149.0, 2.5
0.0, 0.0, -2.5, 0.0, 1985-01-08 00:00:00, 147.0, 1.5
0.0, 0.0, -4.0, 0.0, 1985-01-09 00:00:00, 146.0, 0.5
0.0, 0.0, -4.0, 0.0, 1985-01-10 00:00:00, 145.0, 1.0
1.0, 0.0, -3.0, 1.0, 1985-01-11 00:00:00, 143.0, 1.0
0.0, 0.0, -3.5, 0.0, 1985-01-12 00:00:00, 144.0, 0.0
1.0, 0.0, -3.0, 1.0, 1985-01-13 00:00:00, 142.0, 3.0
2.0, 0.0, -3.0, 2.0, 1985-01-14 00:00:00, 143.0, -1.0
0.0, 0.0, -3.5, 0.0, 1985-01-15 00:00:00, 143.0, 2.0
3.0, 3.0, -4.0, 0.0, 1985-01-16 00:00:00, 140.0, 4.5
4.5, 4.5, -0.5, 0.0, 1985-01-17 00:00:00, 139.0, 2.5
0.0, 0.0, 0.5, 0.0, 1985-01-18 00:00:00, 136.0, 3.5
6.0, 0.0, -0.5, 6.0, 1985-01-19 00:00:00, 136.0, 0.0
0.0, 0.0, -1.5, 0.0, 1985-01-20 00:00:00, 140.0, 1.0
0.0, 0.0, -3.5, 0.0, 1985-01-21 00:00:00, 138.0, 2.5
0.0, 0.0, -1.0, 0.0, 1985-01-22 00:00:00, 138.0, 4.5
0.0, 0.0, 1.0, 0.0, 1985-01-23 00:00:00, 136.0, 6.5
0.0, 0.0, 0.0, 0.0, 1985-01-24 00:00:00, 136.0, 2.0
0.0, 0.0, -5.0, 0.0, 1985-01-25 00:00:00, 133.0, 0.5
0.0, 0.0, -4.5, 0.0, 1985-01-26 00:00:00, 133.0, 0.0
0.0, 0.0, -8.0, 0.0, 1985-01-27 00:00:00, 133.0, -4.0
0.0, 0.0, -8.5, 0.0, 1985-01-28 00:00:00, 133.0, -5.5
0.0, 0.0, -10.5, 0.0, 1985-01-29 00:00:00, 133.0, -8.0
0.0, 0.0, -11.5, 0.0, 1985-01-30 00:00:00, 132.0, -5.5
4.0, 0.0, -10.0, 4.0, 1985-01-31 00:00:00, 132.0, -7.5
0.0, 0.0, -10.0, 0.0, 1985-02-01 00:00:00, 134.0, -6.5
0.0, 0.0, -13.5, 0.0, 1985-02-02 00:00:00, 134.0, -8.0
0.0, 0.0, -15.0, 0.0, 1985-02-03 00:00:00, 132.0, -10.5
1.0, 0.0, -14.0, 1.0, 1985-02-04 00:00:00, 132.0, -9.5
1.0, 0.0, -12.0, 1.0, 1985-02-05 00:00:00, 132.0, -7.0
22.0, 0.0, -11.5, 22.0, 1985-02-06 00:00:00, 133.0, -7.0
3.0, 0.0, -10.0, 3.0, 1985-02-07 00:00:00, 155.0, -8.0
3.0, 0.0, -14.0, 3.0, 1985-02-08 00:00:00, 155.0, -11.0
12.0, 0.0, -12.5, 12.0, 1985-02-09 00:00:00, 153.0, -8.0
13.0, 0.0, -12.0, 13.0, 1985-02-10 00:00:00, 160.0, -5.5
15.0, 0.0, -7.0, 15.0, 1985-02-11 00:00:00, 172.0, -1.0
0.0, 0.0, -7.5, 0.0, 1985-02-12 00:00:00, 173.0, -5.0
0.0, 0.0, -7.5, 0.0, 1985-02-13 00:00:00, 170.0, 1.0
11.0, 0.0, -6.0, 11.0, 1985-02-14 00:00:00, 170.0, 1.5
3.0, 0.0, -7.0, 3.0, 1985-02-15 00:00:00, 173.0, -4.0
1.0, 0.0, -7.0, 1.0, 1985-02-16 00:00:00, 173.0, -3.0
0.0, 0.0, -6.0, 0.0, 1985-02-17 00:00:00, 169.0, -2.5
9.0, 0.0, -7.0, 9.0, 1985-02-18 00:00:00, 167.0, -2.0
5.0, 0.0, -6.0, 5.0, 1985-02-19 00:00:00, 176.0, -3.0
0.0, 0.0, -8.5, 0.0, 1985-02-20 00:00:00, 176.0, -2.0
0.0, 0.0, -5.5, 0.0, 1985-02-21 00:00:00, 172.0, -1.5
0.0, 0.0, -4.0, 0.0, 1985-02-22 00:00:00, 170.0, 1.0
7.0, 0.0, -3.0, 7.0, 1985-02-23 00:00:00, 168.0, 2.0
1.0, 0.0, -4.5, 1.0, 1985-02-24 00:00:00, 172.0, -1.0
0.0, 0.0, -8.5, 0.0, 1985-02-25 00:00:00, 169.0, -3.0
0.0, 0.0, -8.5, 0.0, 1985-02-26 00:00:00, 169.0, -0.5
1.0, 1.0, -5.5, 0.0, 1985-02-27 00:00:00, 167.0, 2.5
0.0, 0.0, -2.0, 0.0, 1985-02-28 00:00:00, 167.0, -0.5
0.0, 0.0, -8.0, 0.0, 1985-03-01 00:00:00, 165.0, -4.0
0.0, 0.0, -9.0, 0.0, 1985-03-02 00:00:00, 165.0, -3.0
6.0, 0.0, -9.0, 6.0, 1985-03-03 00:00:00, 163.0, -5.0
11.0, 0.0, -7.5, 11.0, 1985-03-04 00:00:00, 169.0, -3.5
3.0, 0.0, -7.0, 3.0, 1985-03-05 00:00:00, 180.0, -2.5
0.0, 0.0, -9.0, 0.0, 1985-03-06 00:00:00, 178.0, -4.0
0.0, 0.0, -9.5, 0.0, 1985-03-07 00:00:00, 174.0, -3.0
0.0, 0.0, -8.5, 0.0, 1985-03-08 00:00:00, 172.0, -2.0
0.0, 0.0, -7.0, 0.0, 1985-03-09 00:00:00, 170.0, -0.5
0.0, 0.0, -9.0, 0.0, 1985-03-10 00:00:00, 169.0, 0.0
0.0, 0.0, -6.0, 0.0, 1985-03-11 00:00:00, 168.0, 1.0
0.0, 0.0, -6.5, 0.0, 1985-03-12 00:00:00, 167.0, -1.5
0.0, 0.0, -5.5, 0.0, 1985-03-13 00:00:00, 165.0, 1.5
0.0, 0.0, -3.0, 0.0, 1985-03-14 00:00:00, 165.0, 0.0
0.0, 0.0, -7.0, 0.0, 1985-03-15 00:00:00, 165.0, 3.5
0.0, 0.0, -1.0, 0.0, 1985-03-16 00:00:00, 161.0, 6.5
0.0, 0.0, -2.0, 0.0, 1985-03-17 00:00:00, 160.0, 4.0
0.0, 0.0, -3.5, 0.0, 1985-03-18 00:00:00, 160.0, 3.0
4.0, 0.0, -4.5, 4.0, 1985-03-19 00:00:00, 160.0, -1.5
8.0, 0.0, -5.5, 8.0, 1985-03-20 00:00:00, 164.0, -1.0
3.0, 0.0, -9.0, 3.0, 1985-03-21 00:00:00, 171.0, -1.5
11.0, 0.0, -7.0, 11.0, 1985-03-22 00:00:00, 174.0, -2.0
27.0, 0.0, -8.0, 27.0, 1985-03-23 00:00:00, 185.0, -3.0
8.0, 0.0, -7.5, 8.0, 1985-03-24 00:00:00, 193.0, -2.0
3.0, 0.0, -9.5, 3.0, 1985-03-25 00:00:00, 190.0, -4.0
0.0, 0.0, -10.0, 0.0, 1985-03-26 00:00:00, 189.0, -4.5
2.0, 0.0, -9.0, 2.0, 1985-03-27 00:00:00, 187.0, -3.0
0.0, 0.0, -8.0, 0.0, 1985-03-28 00:00:00, 185.0, 0.5
10.0, 0.0, -7.0, 10.0, 1985-03-29 00:00:00, 183.0, -3.5
3.0, 0.0, -6.0, 3.0, 1985-03-30 00:00:00, 193.0, 2.0
7.0, 5.0, -2.0, 2.0, 1985-03-31 00:00:00, 190.0, 3.0
6.5, 4.5, -1.5, 2.0, 1985-04-01 00:00:00, 181.0, 5.0
3.0, 0.0, 0.0, 3.0, 1985-04-02 00:00:00, 175.0, 1.0
1.0, 0.0, -5.5, 1.0, 1985-04-03 00:00:00, 175.0, -2.0
0.0, 0.0, -6.0, 0.0, 1985-04-04 00:00:00, 174.0, 0.0
0.0, 0.0, -5.5, 0.0, 1985-04-05 00:00:00, 172.0, 1.5
0.0, 0.0, -3.0, 0.0, 1985-04-06 00:00:00, 170.0, 6.5
0.0, 0.0, -0.5, 0.0, 1985-04-07 00:00:00, 165.0, 9.5
0.0, 0.0, 4.0, 0.0, 1985-04-08 00:00:00, 164.0, 9.0
0.0, 0.0, 1.5, 0.0, 1985-04-09 00:00:00, 164.0, 9.5
2.5, 1.5, 3.0, 1.0, 1985-04-10 00:00:00, 162.0, 7.0
3.0, 3.0, 0.0, 0.0, 1985-04-11 00:00:00, 159.0, 2.5
8.0, 0.0, 0.0, 8.0, 1985-04-12 00:00:00, 156.0, 4.0
5.5, 4.5, -1.0, 1.0, 1985-04-13 00:00:00, 164.0, 3.0
0.0, 0.0, -1.0, 0.0, 1985-04-14 00:00:00, 154.0, 3.0
0.0, 0.0, -1.0, 0.0, 1985-04-15 00:00:00, 154.0, 6.0
1.0, 0.0, -1.0, 1.0, 1985-04-16 00:00:00, 154.0, 2.0
6.0, 0.0, -2.5, 6.0, 1985-04-17 00:00:00, 153.0, 0.5
1.0, 0.0, -6.0, 1.0, 1985-04-18 00:00:00, 158.0, 0.0
0.0, 0.0, -7.0, 0.0, 1985-04-19 00:00:00, 159.0, -1.5
0.0, 0.0, -9.5, 0.0, 1985-04-20 00:00:00, 156.0, 1.5
3.0, 0.0, -8.0, 3.0, 1985-04-21 00:00:00, 154.0, 0.5
16.0, 0.0, -6.5, 16.0, 1985-04-22 00:00:00, 157.0, -0.5
1.0, 0.0, -4.5, 1.0, 1985-04-23 00:00:00, 170.0, 1.5
0.0, 0.0, -7.0, 0.0, 1985-04-24 00:00:00, 167.0, 0.5
4.0, 0.0, -8.0, 4.0, 1985-04-25 00:00:00, 166.0, -3.0
29.0, 0.0, -5.5, 29.0, 1985-04-26 00:00:00, 170.0, 0.0
2.0, 0.0, -2.5, 2.0, 1985-04-27 00:00:00, 188.0, 2.0
2.0, 0.0, -6.5, 2.0, 1985-04-28 00:00:00, 181.0, 0.0
0.0, 0.0, -9.0, 0.0, 1985-04-29 00:00:00, 181.0, 1.0
0.0, 0.0, -7.0, 0.0, 1985-04-30 00:00:00, 180.0, 4.5
0.0, 0.0, None, 0.0, 1985-11-01 00:00:00, None, None
0.0, 0.0, None, 0.0, 1985-11-02 00:00:00, None, None
0.0, 0.0, None, 0.0, 1985-11-03 00:00:00, None, None
10.0, 0.0, None, 10.0, 1985-11-04 00:00:00, None, None
10.0, 0.0, None, 10.0, 1985-11-05 00:00:00, 85.0, -2.5
5.0, 0.0, -6.0, 5.0, 1985-11-06 00:00:00, 89.0, -1.5
1.0, 0.0, -4.5, 1.0, 1985-11-07 00:00:00, 90.0, -3.5
0.0, 0.0, -7.5, 0.0, 1985-11-08 00:00:00, 89.0, -3.5
1.0, 0.0, -9.0, 1.0, 1985-11-09 00:00:00, 87.0, -7.0
0.0, 0.0, -15.0, 0.0, 1985-11-10 00:00:00, 80.0, -7.5
0.0, 0.0, -13.5, 0.0, 1985-11-11 00:00:00, 79.0, -7.0
0.0, 0.0, None, 0.0, 1985-11-12 00:00:00, None, None
0.0, 0.0, None, 0.0, 1985-11-13 00:00:00, None, None
8.0, 0.0, None, 8.0, 1985-11-14 00:00:00, None, None
3.0, 0.0, -3.5, 3.0, 1985-11-15 00:00:00, 87.0, 1.0
0.0, 0.0, -7.5, 0.0, 1985-11-16 00:00:00, 86.0, -5.0
0.0, 0.0, -11.5, 0.0, 1985-11-17 00:00:00, 85.0, -9.5
0.0, 0.0, None, 0.0, 1985-11-18 00:00:00, None, None
1.0, 0.0, None, 1.0, 1985-11-19 00:00:00, None, None
0.0, 0.0, None, 0.0, 1985-11-20 00:00:00, None, None
0.0, 0.0, None, 0.0, 1985-11-21 00:00:00, None, None
0.0, 0.0, None, 0.0, 1985-11-22 00:00:00, None, -12.0
0.0, 0.0, -25.5, 0.0, 1985-11-23 00:00:00, 79.0, -9.5
1.0, 0.0, -14.5, 1.0, 1985-11-24 00:00:00, 79.0, -13.0
0.0, 0.0, -22.0, 0.0, 1985-11-25 00:00:00, 80.0, -21.0
2.0, 0.0, None, 2.0, 1985-11-26 00:00:00, None, None
0.0, 0.0, -28.5, 0.0, 1985-11-27 00:00:00, None, -18.5
0.0, 0.0, None, 0.0, 1985-11-28 00:00:00, 79.0, -15.0
0.0, 0.0, -21.0, 0.0, 1985-11-29 00:00:00, 79.0, -18.0
0.0, 0.0, -22.5, 0.0, 1985-11-30 00:00:00, 79.0, -12.0
3.0, 0.0, -21.5, 3.0, 1985-12-01 00:00:00, 79.0, -12.0
9.0, 0.0, -19.0, 9.0, 1985-12-02 00:00:00, 82.0, -3.5
10.0, 0.0, -8.5, 10.0, 1985-12-03 00:00:00, 91.0, -2.0
10.0, 0.0, -4.5, 10.0, 1985-12-04 00:00:00, 101.0, 0.0
6.0, 0.0, -2.0, 6.0, 1985-12-05 00:00:00, 103.0, -0.5
3.0, 0.0, -3.5, 3.0, 1985-12-06 00:00:00, 103.0, -2.0
14.0, 0.0, -7.0, 14.0, 1985-12-07 00:00:00, 106.0, -2.5
0.0, 0.0, -7.0, 0.0, 1985-12-08 00:00:00, 113.0, -3.0
0.0, 0.0, -6.0, 0.0, 1985-12-09 00:00:00, 109.0, 0.0
0.0, 0.0, -9.0, 0.0, 1985-12-10 00:00:00, 105.0, -0.5
0.0, 0.0, -6.5, 0.0, 1985-12-11 00:00:00, 102.0, 2.0
0.0, 0.0, -2.5, 0.0, 1985-12-12 00:00:00, 100.0, 0.0
0.0, 0.0, -7.0, 0.0, 1985-12-13 00:00:00, 98.0, -3.5
0.0, 0.0, -6.0, 0.0, 1985-12-14 00:00:00, 97.0, -2.0
3.0, 0.0, -6.0, 3.0, 1985-12-15 00:00:00, 97.0, 0.5
0.0, 0.0, -4.0, 0.0, 1985-12-16 00:00:00, 98.0, 2.0
0.0, 0.0, -0.5, 0.0, 1985-12-17 00:00:00, 93.0, 1.0
0.0, 0.0, -0.5, 0.0, 1985-12-18 00:00:00, 93.0, 6.5
0.0, 0.0, 2.5, 0.0, 1985-12-19 00:00:00, 92.0, 6.5
0.0, 0.0, 4.0, 0.0, 1985-12-20 00:00:00, 90.0, 7.0
0.0, 0.0, -1.5, 0.0, 1985-12-21 00:00:00, 90.0, 3.0
0.0, 0.0, 0.0, 0.0, 1985-12-22 00:00:00, 88.0, 3.5
0.0, 0.0, 0.0, 0.0, 1985-12-23 00:00:00, 87.0, 6.0
0.0, 0.0, 2.5, 0.0, 1985-12-24 00:00:00, 87.0, 7.0
0.0, 0.0, 3.0, 0.0, 1985-12-25 00:00:00, 86.0, 8.0
0.0, 0.0, -1.0, 0.0, 1985-12-26 00:00:00, 86.0, 3.0
0.0, 0.0, -1.5, 0.0, 1985-12-27 00:00:00, 85.0, 3.0
0.0, 0.0, -1.5, 0.0, 1985-12-28 00:00:00, 85.0, 1.0
0.0, 0.0, -5.5, 0.0, 1985-12-29 00:00:00, 85.0, -2.5
0.0, 0.0, -6.0, 0.0, 1985-12-30 00:00:00, 85.0, -1.0
2.0, 0.0, -6.0, 2.0, 1985-12-31 00:00:00, 85.0, -4.0
4.0, 0.0, -6.0, 4.0, 1986-01-01 00:00:00, 105.0, -3.0
3.0, 0.0, -9.0, 3.0, 1986-01-02 00:00:00, 103.0, -7.0
0.0, 0.0, -10.0, 0.0, 1986-01-03 00:00:00, 103.0, -6.0
7.0, 0.0, -9.0, 7.0, 1986-01-04 00:00:00, 102.0, -1.5
7.0, 0.0, -5.5, 7.0, 1986-01-05 00:00:00, 105.0, 0.0
0.0, 0.0, -4.5, 0.0, 1986-01-06 00:00:00, 107.0, -0.5
21.0, 0.0, -5.5, 21.0, 1986-01-07 00:00:00, 107.0, 2.0
1.0, 0.0, -3.0, 1.0, 1986-01-08 00:00:00, 120.0, -2.0
8.0, 0.0, -5.0, 8.0, 1986-01-09 00:00:00, 117.0, 1.5
18.0, 0.0, -2.0, 18.0, 1986-01-10 00:00:00, 125.0, 2.5
0.0, 0.0, -4.5, 0.0, 1986-01-11 00:00:00, 138.0, -1.0
0.0, 0.0, -4.0, 0.0, 1986-01-12 00:00:00, 135.0, 6.0
4.0, 0.0, 0.0, 4.0, 1986-01-13 00:00:00, 130.0, 4.5
3.0, 0.0, -4.0, 3.0, 1986-01-14 00:00:00, 131.0, -1.0
13.0, 0.0, -3.0, 13.0, 1986-01-15 00:00:00, 134.0, -1.5
15.0, 0.0, -4.0, 15.0, 1986-01-16 00:00:00, 144.0, -2.0
28.0, 0.0, -3.0, 28.0, 1986-01-17 00:00:00, 153.0, -0.5
16.0, 0.0, -5.0, 16.0, 1986-01-18 00:00:00, 168.0, 1.0
0.0, 0.0, -3.0, 0.0, 1986-01-19 00:00:00, 167.0, -1.0
2.0, 0.0, -6.5, 2.0, 1986-01-20 00:00:00, 159.0, -4.5
10.0, 0.0, -7.0, 10.0, 1986-01-21 00:00:00, 159.0, -3.5
17.0, 0.0, -5.0, 17.0, 1986-01-22 00:00:00, 169.0, -2.5
1.0, 0.0, -4.0, 1.0, 1986-01-23 00:00:00, 176.0, -2.0
0.0, 0.0, -7.0, 0.0, 1986-01-24 00:00:00, 173.0, -4.0
0.0, 0.0, -8.0, 0.0, 1986-01-25 00:00:00, 168.0, 1.0
20.0, 0.0, -1.5, 20.0, 1986-01-26 00:00:00, 163.0, 1.5
6.0, 0.0, -2.0, 6.0, 1986-01-27 00:00:00, 183.0, 0.0
1.0, 0.0, -6.0, 1.0, 1986-01-28 00:00:00, 185.0, -3.0
3.0, 0.0, -5.5, 3.0, 1986-01-29 00:00:00, 182.0, 0.0
3.0, 0.0, -2.5, 3.0, 1986-01-30 00:00:00, 180.0, 1.5
2.0, 0.0, -2.0, 2.0, 1986-01-31 00:00:00, 180.0, 1.0
10.0, 0.0, -2.5, 10.0, 1986-02-01 00:00:00, 185.0, 0.5
0.0, 0.0, -7.0, 0.0, 1986-02-02 00:00:00, 184.0, -2.5
0.0, 0.0, -4.0, 0.0, 1986-02-03 00:00:00, 181.0, 1.0
3.0, 0.0, -5.0, 3.0, 1986-02-04 00:00:00, 181.0, -2.0
0.0, 0.0, -5.0, 0.0, 1986-02-05 00:00:00, 182.0, -3.0
0.0, 0.0, -6.5, 0.0, 1986-02-06 00:00:00, 179.0, -3.5
0.0, 0.0, -8.0, 0.0, 1986-02-07 00:00:00, 179.0, -1.0
0.0, 0.0, -4.5, 0.0, 1986-02-08 00:00:00, 177.0, 3.5
0.0, 0.0, -3.0, 0.0, 1986-02-09 00:00:00, 176.0, 1.5
0.0, 0.0, -5.5, 0.0, 1986-02-10 00:00:00, 172.0, -3.0
0.0, 0.0, -8.5, 0.0, 1986-02-11 00:00:00, 172.0, -6.5
0.0, 0.0, -10.5, 0.0, 1986-02-12 00:00:00, 172.0, -7.5
0.0, 0.0, -14.0, 0.0, 1986-02-13 00:00:00, 171.0, -9.5
4.0, 0.0, -15.5, 4.0, 1986-02-14 00:00:00, 171.0, -6.0
36.0, 0.0, -13.0, 36.0, 1986-02-15 00:00:00, None, -9.0
0.0, 0.0, -13.5, 0.0, 1986-02-16 00:00:00, 209.0, -10.0
0.0, 0.0, -16.5, 0.0, 1986-02-17 00:00:00, 207.0, -12.0
0.0, 0.0, -18.0, 0.0, 1986-02-18 00:00:00, 204.0, -14.0
0.0, 0.0, -21.0, 0.0, 1986-02-19 00:00:00, 202.0, -9.5
4.0, 0.0, -13.0, 4.0, 1986-02-20 00:00:00, 200.0, -6.0
4.0, 0.0, -16.0, 4.0, 1986-02-21 00:00:00, 198.0, -5.0
9.0, 0.0, -11.5, 9.0, 1986-02-22 00:00:00, None, -2.0
65.0, 45.0, -4.0, 20.0, 1986-02-23 00:00:00, 208.0, 1.0
52.4, 32.4, -1.0, 20.0, 1986-02-24 00:00:00, 198.0, 2.5
1.0, 0.0, 0.5, 1.0, 1986-02-25 00:00:00, 192.0, 3.0
0.0, 0.0, -2.0, 0.0, 1986-02-26 00:00:00, 190.0, 4.0
0.0, 0.0, -2.0, 0.0, 1986-02-27 00:00:00, 187.0, 8.0
0.0, 0.0, 1.0, 0.0, 1986-02-28 00:00:00, 183.0, 3.0
0.0, 0.0, -2.5, 0.0, 1986-03-01 00:00:00, 182.0, 2.5
1.0, 1.0, -3.0, 0.0, 1986-03-02 00:00:00, 181.0, 5.0
8.0, 8.0, 0.0, 0.0, 1986-03-03 00:00:00, 180.0, 2.0
0.0, 0.0, -2.5, 0.0, 1986-03-04 00:00:00, 180.0, 2.0
0.0, 0.0, -2.0, 0.0, 1986-03-05 00:00:00, 179.0, 6.5
12.0, 7.0, -1.0, 5.0, 1986-03-06 00:00:00, 177.0, 1.5
5.0, 0.0, 0.0, 5.0, 1986-03-07 00:00:00, 178.0, 2.0
3.0, 0.0, -3.5, 3.0, 1986-03-08 00:00:00, 182.0, 0.0
2.0, 0.0, -3.5, 2.0, 1986-03-09 00:00:00, 185.0, 0.0
6.0, 0.0, -5.0, 6.0, 1986-03-10 00:00:00, 181.0, -0.5
11.0, 0.0, -2.5, 11.0, 1986-03-11 00:00:00, 187.0, 1.0
7.0, 0.0, -3.0, 7.0, 1986-03-12 00:00:00, 198.0, -1.0
3.0, 0.0, -7.5, 3.0, 1986-03-13 00:00:00, 197.0, 0.5
1.0, 0.0, -4.5, 1.0, 1986-03-14 00:00:00, 197.0, -2.0
0.0, 0.0, -6.0, 0.0, 1986-03-15 00:00:00, 195.0, 0.5
0.0, 0.0, -6.0, 0.0, 1986-03-16 00:00:00, 191.0, 2.0
1.0, 0.0, -6.0, 1.0, 1986-03-17 00:00:00, 190.0, -0.5
0.0, 0.0, -4.0, 0.0, 1986-03-18 00:00:00, 190.0, 2.0
0.0, 0.0, -2.5, 0.0, 1986-03-19 00:00:00, 188.0, 4.0
12.0, 0.0, 0.0, 12.0, 1986-03-20 00:00:00, 186.0, 9.5
1.0, 0.0, -3.0, 1.0, 1986-03-21 00:00:00, 195.0, 0.0
0.0, 0.0, -6.0, 0.0, 1986-03-22 00:00:00, 192.0, -1.0
21.0, 0.0, -5.5, 21.0, 1986-03-23 00:00:00, 190.0, 0.0
3.0, 0.0, -4.0, 3.0, 1986-03-24 00:00:00, 207.0, -0.5
13.0, 0.0, -5.5, 13.0, 1986-03-25 00:00:00, 208.0, -1.0
30.0, 16.0, -3.5, 14.0, 1986-03-26 00:00:00, 218.0, 1.0
12.0, 10.0, -1.0, 2.0, 1986-03-27 00:00:00, 216.0, 2.0
2.5, 0.0, -3.0, 2.5, 1986-03-28 00:00:00, 212.0, 0.5
4.0, 0.0, -3.5, 4.0, 1986-03-29 00:00:00, 211.0, 0.0
0.0, 0.0, -5.0, 0.0, 1986-03-30 00:00:00, 214.0, 1.5
4.0, 0.0, -8.0, 4.0, 1986-03-31 00:00:00, 210.0, 0.0
0.0, 0.0, -5.5, 0.0, 1986-12-01 00:00:00, 98.0, -4.5
0.0, 0.0, -10.5, 0.0, 1986-12-02 00:00:00, 93.0, -8.0
0.0, 0.0, -10.5, 0.0, 1986-12-03 00:00:00, 90.0, -2.0
6.0, 0.0, -5.5, 6.0, 1986-12-04 00:00:00, 88.0, -0.5
0.0, 0.0, -5.0, 0.0, 1986-12-05 00:00:00, 90.0, -2.0
0.0, 0.0, -6.0, 0.0, 1986-12-06 00:00:00, 88.0, 1.5
0.0, 0.0, -3.0, 0.0, 1986-12-07 00:00:00, 86.0, 0.0
0.0, 0.0, -8.5, 0.0, 1986-12-08 00:00:00, 85.0, 2.0
0.0, 0.0, -6.0, 0.0, 1986-12-09 00:00:00, 83.0, 3.0
0.0, 0.0, -0.5, 0.0, 1986-12-10 00:00:00, 80.0, 4.5
10.0, 0.0, -2.0, 10.0, 1986-12-11 00:00:00, 79.0, -0.5
0.0, 0.0, -5.0, 0.0, 1986-12-12 00:00:00, 89.0, -3.0
10.0, 0.0, -7.0, 10.0, 1986-12-13 00:00:00, 89.0, -1.0
17.0, 0.0, -3.5, 17.0, 1986-12-14 00:00:00, None, -2.0
0.0, 0.0, -4.0, 0.0, 1986-12-15 00:00:00, 105.0, -2.0
0.0, 0.0, -7.0, 0.0, 1986-12-16 00:00:00, 101.0, -2.5
0.0, 0.0, -4.5, 0.0, 1986-12-17 00:00:00, 96.0, 1.0
0.0, 0.0, -2.5, 0.0, 1986-12-18 00:00:00, 94.0, 2.0
0.0, 0.0, -3.5, 0.0, 1986-12-19 00:00:00, 92.0, -1.0
15.0, 0.0, -2.5, 15.0, 1986-12-20 00:00:00, 91.0, -1.5
45.0, 0.0, -2.5, 45.0, 1986-12-21 00:00:00, None, 2.0
10.0, 0.0, -2.0, 10.0, 1986-12-22 00:00:00, 140.0, 2.0
9.0, 0.0, -2.0, 9.0, 1986-12-23 00:00:00, 133.0, -1.0
2.0, 0.0, -4.5, 2.0, 1986-12-24 00:00:00, 131.0, -2.5
10.0, 0.0, -4.5, 10.0, 1986-12-25 00:00:00, 133.0, -1.5
8.0, 0.0, -5.0, 8.0, 1986-12-26 00:00:00, 130.0, -1.0
0.0, 0.0, -3.0, 0.0, 1986-12-27 00:00:00, 131.0, 0.5
22.0, 0.0, -2.5, 22.0, 1986-12-28 00:00:00, None, 1.5
10.0, 0.0, -2.0, 10.0, 1986-12-29 00:00:00, 152.0, -0.5
0.0, 0.0, -7.0, 0.0, 1986-12-30 00:00:00, 146.0, -5.0
17.0, 0.0, -8.0, 17.0, 1986-12-31 00:00:00, 143.0, -2.5
12.0, 0.0, -5.5, 12.0, 1987-01-01 00:00:00, 160.0, -2.5
48.0, 0.0, -4.5, 48.0, 1987-01-02 00:00:00, 156.0, -1.5
19.0, 0.0, -4.0, 19.0, 1987-01-03 00:00:00, 191.0, -1.5
0.0, 0.0, -5.5, 0.0, 1987-01-04 00:00:00, 191.0, -2.5
0.0, 0.0, -8.5, 0.0, 1987-01-05 00:00:00, 182.0, -5.5
0.0, 0.0, -8.0, 0.0, 1987-01-06 00:00:00, 175.0, -5.5
0.0, 0.0, -8.0, 0.0, 1987-01-07 00:00:00, 170.0, -5.0
0.0, 0.0, -7.0, 0.0, 1987-01-08 00:00:00, 165.0, -2.5
13.0, 0.0, -5.5, 13.0, 1987-01-09 00:00:00, 162.0, 1.0
37.0, 30.0, -3.5, 7.0, 1987-01-10 00:00:00, 171.0, 4.0
38.0, 10.0, -0.5, 28.0, 1987-01-11 00:00:00, 152.0, 4.0
15.0, 0.0, -2.5, 15.0, 1987-01-12 00:00:00, 170.0, -2.5
0.0, 0.0, -10.5, 0.0, 1987-01-13 00:00:00, 170.0, -6.5
0.0, 0.0, -12.0, 0.0, 1987-01-14 00:00:00, 165.0, -11.0
0.0, 0.0, -14.0, 0.0, 1987-01-15 00:00:00, 160.0, -4.5
0.0, 0.0, -9.5, 0.0, 1987-01-16 00:00:00, 157.0, -1.5
1.0, 0.0, -7.5, 1.0, 1987-01-17 00:00:00, 155.0, -4.0
0.0, 0.0, -7.0, 0.0, 1987-01-18 00:00:00, 154.0, -5.0
0.0, 0.0, -9.0, 0.0, 1987-01-19 00:00:00, 153.0, -1.0
0.0, 0.0, -5.0, 0.0, 1987-01-20 00:00:00, 153.0, -1.0
0.0, 0.0, -3.5, 0.0, 1987-01-21 00:00:00, 152.0, 2.0
1.0, 0.0, -3.0, 1.0, 1987-01-22 00:00:00, 151.0, 1.0
9.0, 0.0, -3.0, 9.0, 1987-01-23 00:00:00, 152.0, -2.0
5.0, 0.0, -5.0, 5.0, 1987-01-24 00:00:00, None, -2.5
7.0, 0.0, -5.5, 7.0, 1987-01-25 00:00:00, None, -3.5
12.0, 0.0, -7.5, 12.0, 1987-01-26 00:00:00, 166.0, -4.0
55.0, 0.0, -7.0, 55.0, 1987-01-27 00:00:00, 177.0, -2.5
14.0, 0.0, -6.0, 14.0, 1987-01-28 00:00:00, 220.0, -2.5
16.0, 0.0, -4.0, 16.0, 1987-01-29 00:00:00, 211.0, -1.5
9.0, 0.0, -3.0, 9.0, 1987-01-30 00:00:00, 215.0, -2.0
13.0, 0.0, -5.5, 13.0, 1987-01-31 00:00:00, 219.0, -3.5
2.0, 0.0, -6.5, 2.0, 1987-02-01 00:00:00, 221.0, -4.0
0.0, 0.0, -9.0, 0.0, 1987-02-02 00:00:00, 216.0, -4.5
9.0, 0.0, -6.5, 9.0, 1987-02-03 00:00:00, 210.0, -1.5
27.0, 0.0, -4.0, 27.0, 1987-02-04 00:00:00, None, 0.0
3.0, 0.0, -1.5, 3.0, 1987-02-05 00:00:00, 228.0, 3.0
0.0, 0.0, -0.5, 0.0, 1987-02-06 00:00:00, 225.0, 6.0
0.0, 0.0, -1.0, 0.0, 1987-02-07 00:00:00, 219.0, 5.0
3.0, 0.0, 0.0, 3.0, 1987-02-08 00:00:00, 215.0, 3.5
2.0, 0.0, 0.5, 2.0, 1987-02-09 00:00:00, 208.0, 4.5
2.0, 0.0, -0.5, 2.0, 1987-02-10 00:00:00, 205.0, 2.0
3.0, 0.0, -0.5, 3.0, 1987-02-11 00:00:00, 202.0, 2.0
3.0, 0.0, -2.5, 3.0, 1987-02-12 00:00:00, 198.0, 1.0
11.0, 0.0, -2.5, 11.0, 1987-02-13 00:00:00, 201.0, 0.0
0.0, 0.0, -3.0, 0.0, 1987-02-14 00:00:00, 206.0, -2.0
6.0, 0.0, -6.5, 6.0, 1987-02-15 00:00:00, 204.0, -2.5
11.0, 0.0, -3.0, 11.0, 1987-02-16 00:00:00, 205.0, -2.5
2.0, 0.0, -7.0, 2.0, 1987-02-17 00:00:00, 209.0, -4.0
0.0, 0.0, -7.0, 0.0, 1987-02-18 00:00:00, 208.0, -2.0
0.0, 0.0, -5.5, 0.0, 1987-02-19 00:00:00, 205.0, -2.5
0.0, 0.0, -4.5, 0.0, 1987-02-20 00:00:00, 204.0, -1.5
1.0, 0.0, -5.0, 1.0, 1987-02-21 00:00:00, 203.0, -2.0
1.0, 0.0, -7.0, 1.0, 1987-02-22 00:00:00, 201.0, -4.0
0.0, 0.0, -6.5, 0.0, 1987-02-23 00:00:00, 201.0, -4.0
0.0, 0.0, -9.5, 0.0, 1987-02-24 00:00:00, 200.0, -5.0
0.0, 0.0, -9.5, 0.0, 1987-02-25 00:00:00, 197.0, -2.5
5.0, 0.0, -6.0, 5.0, 1987-02-26 00:00:00, 197.0, -3.5
4.0, 0.0, -9.0, 4.0, 1987-02-27 00:00:00, 200.0, -5.5
5.0, 0.0, -12.5, 5.0, 1987-02-28 00:00:00, 201.0, -8.0
8.0, 0.0, -8.5, 8.0, 1987-03-01 00:00:00, 204.0, -5.0
37.0, 0.0, -8.0, 37.0, 1987-03-02 00:00:00, None, 1.5
29.0, 19.0, -2.5, 10.0, 1987-03-03 00:00:00, 227.0, 2.5
26.0, 25.0, 0.5, 1.0, 1987-03-04 00:00:00, 212.0, 2.5
11.0, 0.0, 1.0, 11.0, 1987-03-05 00:00:00, 205.0, 2.0
0.0, 0.0, -3.5, 0.0, 1987-03-06 00:00:00, 208.0, -0.5
0.0, 0.0, -5.5, 0.0, 1987-03-07 00:00:00, 205.0, 1.0
0.0, 0.0, -4.0, 0.0, 1987-03-08 00:00:00, 204.0, 2.5
5.0, 0.0, -2.0, 5.0, 1987-03-09 00:00:00, 203.0, 1.0
9.0, 0.0, -2.0, 9.0, 1987-03-10 00:00:00, None, -0.5
8.0, 0.0, -1.5, 8.0, 1987-03-11 00:00:00, 212.0, 1.0
12.0, 0.0, -2.0, 12.0, 1987-03-12 00:00:00, 219.0, 1.0
10.0, 0.0, -1.5, 10.0, 1987-03-13 00:00:00, 226.0, 0.5
0.0, 0.0, -4.0, 0.0, 1987-03-14 00:00:00, 226.0, 1.5
5.0, 0.0, -4.0, 5.0, 1987-03-15 00:00:00, 223.0, 0.5
7.0, 0.0, -3.5, 7.0, 1987-03-16 00:00:00, 226.0, -1.0
9.0, 0.0, -4.0, 9.0, 1987-03-17 00:00:00, None, -1.0
1.0, 0.0, -6.0, 1.0, 1987-03-18 00:00:00, 235.0, -2.0
2.0, 0.0, -5.5, 2.0, 1987-03-19 00:00:00, 232.0, 0.0
0.0, 0.0, -6.0, 0.0, 1987-03-20 00:00:00, 230.0, -2.5
0.0, 0.0, -6.5, 0.0, 1987-03-21 00:00:00, 228.0, 1.0
0.0, 0.0, -5.0, 0.0, 1987-03-22 00:00:00, 227.0, 2.0
0.0, 0.0, -3.0, 0.0, 1987-03-23 00:00:00, 224.0, 2.0
0.0, 0.0, -4.0, 0.0, 1987-03-24 00:00:00, 224.0, 2.0
10.0, 0.0, -3.0, 10.0, 1987-03-25 00:00:00, 224.0, 0.0
0.0, 0.0, -6.0, 0.0, 1987-03-26 00:00:00, 229.0, 0.5
0.0, 0.0, -7.5, 0.0, 1987-03-27 00:00:00, 226.0, -1.0
0.0, 0.0, -8.5, 0.0, 1987-03-28 00:00:00, 225.0, 1.5
0.0, 0.0, -3.0, 0.0, 1987-03-29 00:00:00, 223.0, 5.5
0.0, 0.0, 0.5, 0.0, 1987-03-30 00:00:00, 220.0, 7.5
0.0, 0.0, 0.5, 0.0, 1987-03-31 00:00:00, 216.0, 7.5
0.0, 0.0, 1.5, 0.0, 1987-04-01 00:00:00, 216.0, 11.0
0.0, 0.0, 5.0, 0.0, 1987-04-02 00:00:00, 212.0, 11.5
7.8, 5.3, 3.0, 2.5, 1987-04-03 00:00:00, 209.0, 5.0
0.0, 0.0, 0.5, 0.0, 1987-04-04 00:00:00, 207.0, 2.5
2.0, 0.0, -1.0, 2.0, 1987-04-05 00:00:00, 205.0, 4.0
10.0, 0.0, -1.0, 10.0, 1987-04-06 00:00:00, 202.0, 1.5
17.0, 0.0, -4.0, 17.0, 1987-04-07 00:00:00, 209.0, 0.5
1.0, 0.0, -4.0, 1.0, 1987-04-08 00:00:00, 223.0, 0.5
10.0, 0.0, -4.5, 10.0, 1987-04-09 00:00:00, 220.0, -1.5
8.0, 0.0, -2.5, 8.0, 1987-04-10 00:00:00, None, 1.0
7.0, 0.0, -5.0, 7.0, 1987-04-11 00:00:00, 231.0, 0.0
0.0, 0.0, -4.5, 0.0, 1987-04-12 00:00:00, 233.0, -1.0
14.0, 0.0, -4.0, 14.0, 1987-04-13 00:00:00, 231.0, 1.5
4.0, 0.0, -2.0, 4.0, 1987-04-14 00:00:00, 233.0, 3.0
26.0, 0.0, -1.5, 26.0, 1987-04-15 00:00:00, 229.0, 1.0
6.0, 0.0, -2.0, 6.0, 1987-04-16 00:00:00, 244.0, 0.5
0.0, 0.0, -7.5, 0.0, 1987-04-17 00:00:00, 245.0, 0.0
2.0, 0.0, -7.5, 2.0, 1987-04-18 00:00:00, 240.0, 1.0
0.0, 0.0, -8.0, 0.0, 1987-04-19 00:00:00, 240.0, 0.5
3.0, 0.0, -5.0, 3.0, 1987-04-20 00:00:00, 236.0, -1.0
0.0, 0.0, -2.0, 0.0, 1987-04-21 00:00:00, 235.0, 3.0
0.0, 0.0, -4.0, 0.0, 1987-04-22 00:00:00, 232.0, 4.5
0.0, 0.0, -1.5, 0.0, 1987-04-23 00:00:00, 230.0, 8.0
0.0, 0.0, -4.0, 0.0, 1987-04-24 00:00:00, 228.0, 4.0
0.0, 0.0, -4.5, 0.0, 1987-04-25 00:00:00, 227.0, 5.5
0.0, 0.0, -2.0, 0.0, 1987-04-26 00:00:00, 226.0, 11.5
0.0, 0.0, 6.0, 0.0, 1987-04-27 00:00:00, 218.0, 17.0
0.0, 0.0, 8.0, 0.0, 1987-04-28 00:00:00, 210.0, 11.5
8.0, 8.0, 3.0, 0.0, 1987-04-29 00:00:00, 206.0, 11.5
11.0, 11.0, 3.5, 0.0, 1987-04-30 00:00:00, 198.0, 6.5
24.0, 0.0, -3.0, 24.0, 1987-12-01 00:00:00, 88.0, -1.5
19.0, 0.0, -4.0, 19.0, 1987-12-02 00:00:00, 88.0, 0.0
12.0, 0.0, -3.0, 12.0, 1987-12-03 00:00:00, 91.0, -1.5
7.0, 0.0, -4.5, 7.0, 1987-12-04 00:00:00, 103.0, -2.5
38.0, 0.0, -7.0, 38.0, 1987-12-05 00:00:00, 97.0, 0.5
34.0, 0.0, -2.5, 34.0, 1987-12-06 00:00:00, None, 0.0
9.0, 0.0, -3.0, 9.0, 1987-12-07 00:00:00, 141.0, -1.5
42.0, 0.0, -4.5, 42.0, 1987-12-08 00:00:00, 145.0, -2.5
24.0, 0.0, -5.0, 24.0, 1987-12-09 00:00:00, 162.0, -1.0
3.0, 0.0, -3.5, 3.0, 1987-12-10 00:00:00, 160.0, -2.5
0.0, 0.0, -8.5, 0.0, 1987-12-11 00:00:00, 152.0, -5.5
0.0, 0.0, -10.5, 0.0, 1987-12-12 00:00:00, 145.0, -5.0
17.0, 0.0, -9.5, 17.0, 1987-12-13 00:00:00, 140.0, -5.5
3.0, 0.0, -9.5, 3.0, 1987-12-14 00:00:00, 155.0, -5.5
0.0, 0.0, -11.0, 0.0, 1987-12-15 00:00:00, 146.0, -6.5
0.0, 0.0, -11.0, 0.0, 1987-12-16 00:00:00, 141.0, -6.5
5.0, 0.0, -13.5, 5.0, 1987-12-17 00:00:00, 134.0, -6.0
0.0, 0.0, -9.0, 0.0, 1987-12-18 00:00:00, 136.0, -7.0
4.0, 0.0, -10.5, 4.0, 1987-12-19 00:00:00, 133.0, -5.5
13.0, 0.0, -10.5, 13.0, 1987-12-20 00:00:00, 136.0, -6.0
0.0, 0.0, -8.0, 0.0, 1987-12-21 00:00:00, 142.0, -5.5
0.0, 0.0, -11.5, 0.0, 1987-12-22 00:00:00, 137.0, -8.0
0.0, 0.0, -11.5, 0.0, 1987-12-23 00:00:00, 134.0, -5.0
0.0, 0.0, -9.0, 0.0, 1987-12-24 00:00:00, 127.0, -0.5
0.0, 0.0, -2.5, 0.0, 1987-12-25 00:00:00, 126.0, 1.0
0.0, 0.0, -3.0, 0.0, 1987-12-26 00:00:00, 123.0, 2.5
2.0, 0.0, -4.0, 2.0, 1987-12-27 00:00:00, 122.0, -2.0
2.0, 0.0, -3.5, 2.0, 1987-12-28 00:00:00, 122.0, -1.5
2.0, 0.0, -6.0, 2.0, 1987-12-29 00:00:00, 124.0, -5.0
0.0, 0.0, -11.0, 0.0, 1987-12-30 00:00:00, 121.0, -9.0
0.0, 0.0, -13.5, 0.0, 1987-12-31 00:00:00, 121.0, -8.5
0.0, 0.0, -11.0, 0.0, 1988-01-01 00:00:00, 119.0, -5.5
0.0, 0.0, -8.5, 0.0, 1988-01-02 00:00:00, 117.0, -4.5
0.0, 0.0, -10.5, 0.0, 1988-01-03 00:00:00, 116.0, -4.0
0.0, 0.0, -9.5, 0.0, 1988-01-04 00:00:00, 115.0, -3.5
0.0, 0.0, -7.0, 0.0, 1988-01-05 00:00:00, 115.0, -4.0
0.0, 0.0, -6.0, 0.0, 1988-01-06 00:00:00, 115.0, -2.5
0.0, 0.0, -5.5, 0.0, 1988-01-07 00:00:00, 113.0, -4.5
2.0, 0.0, -9.5, 2.0, 1988-01-08 00:00:00, 113.0, -5.0
7.0, 0.0, -6.5, 7.0, 1988-01-09 00:00:00, None, -2.5
0.0, 0.0, -6.0, 0.0, 1988-01-10 00:00:00, 117.0, -4.5
0.0, 0.0, -9.0, 0.0, 1988-01-11 00:00:00, 116.0, -5.0
6.0, 0.0, -7.5, 6.0, 1988-01-12 00:00:00, 115.0, -5.5
22.0, 0.0, -7.0, 22.0, 1988-01-13 00:00:00, 121.0, -1.0
37.0, 0.0, -4.0, 37.0, 1988-01-14 00:00:00, None, 1.0
17.0, 0.0, -6.0, 17.0, 1988-01-15 00:00:00, 161.0, -4.5
5.0, 0.0, -7.0, 5.0, 1988-01-16 00:00:00, 170.0, -4.5
2.0, 0.0, -8.5, 2.0, 1988-01-17 00:00:00, 163.0, -6.5
1.0, 0.0, -9.0, 1.0, 1988-01-18 00:00:00, 161.0, -6.0
13.0, 0.0, -9.0, 13.0, 1988-01-19 00:00:00, 162.0, -2.0
0.0, 0.0, -4.5, 0.0, 1988-01-20 00:00:00, 163.0, -3.5
13.0, 0.0, -7.0, 13.0, 1988-01-21 00:00:00, 157.0, -1.5
7.0, 0.0, -5.0, 7.0, 1988-01-22 00:00:00, None, -2.0
0.0, 0.0, -8.0, 0.0, 1988-01-23 00:00:00, 167.0, -4.5
1.0, 0.0, -9.0, 1.0, 1988-01-24 00:00:00, 163.0, -2.0
0.0, 0.0, -5.5, 0.0, 1988-01-25 00:00:00, 163.0, -2.5
0.0, 0.0, -4.0, 0.0, 1988-01-26 00:00:00, 160.0, 2.0
29.0, 0.0, -2.0, 29.0, 1988-01-27 00:00:00, 158.0, 1.5
17.0, 0.0, -2.0, 17.0, 1988-01-28 00:00:00, 173.0, 0.0
8.0, 0.0, -3.0, 8.0, 1988-01-29 00:00:00, 180.0, -2.5
0.0, 0.0, -14.0, 0.0, 1988-01-30 00:00:00, 175.0, -9.5
0.0, 0.0, -18.0, 0.0, 1988-01-31 00:00:00, 171.0, -14.0
4.0, 0.0, -20.0, 4.0, 1988-02-01 00:00:00, 168.0, -12.0
8.0, 0.0, -15.5, 8.0, 1988-02-02 00:00:00, None, -8.5
0.0, 0.0, -12.0, 0.0, 1988-02-03 00:00:00, 173.0, -6.5
0.0, 0.0, -9.5, 0.0, 1988-02-04 00:00:00, 167.0, -3.5
1.0, 0.0, -8.0, 1.0, 1988-02-05 00:00:00, 164.0, 0.5
8.0, 0.0, -3.5, 8.0, 1988-02-06 00:00:00, 163.0, -1.0
4.0, 0.0, -4.5, 4.0, 1988-02-07 00:00:00, 169.0, -1.0
7.0, 0.0, -9.0, 7.0, 1988-02-08 00:00:00, 168.0, -2.0
3.0, 0.0, -5.5, 3.0, 1988-02-09 00:00:00, 174.0, -0.5
3.0, 0.0, -5.5, 3.0, 1988-02-10 00:00:00, 172.0, 1.5
5.0, 0.0, -2.0, 5.0, 1988-02-11 00:00:00, 170.0, 1.0
20.0, 0.0, -2.0, 20.0, 1988-02-12 00:00:00, 171.0, -0.5
4.0, 0.0, -4.0, 4.0, 1988-02-13 00:00:00, 182.0, -2.5
30.0, 0.0, -5.5, 30.0, 1988-02-14 00:00:00, None, -2.0
0.0, 0.0, -5.0, 0.0, 1988-02-15 00:00:00, 199.0, -2.5
3.0, 0.0, -9.0, 3.0, 1988-02-16 00:00:00, 194.0, -3.5
5.0, 0.0, -5.5, 5.0, 1988-02-17 00:00:00, 194.0, -2.0
0.0, 0.0, -6.5, 0.0, 1988-02-18 00:00:00, 188.0, -0.5
0.0, 0.0, -4.0, 0.0, 1988-02-19 00:00:00, 184.0, 0.0
0.0, 0.0, -5.0, 0.0, 1988-02-20 00:00:00, 181.0, 4.0
0.0, 0.0, -3.5, 0.0, 1988-02-21 00:00:00, 178.0, -1.0
0.0, 0.0, -6.5, 0.0, 1988-02-22 00:00:00, 177.0, 1.0
0.0, 0.0, -4.5, 0.0, 1988-02-23 00:00:00, 175.0, 2.5
0.0, 0.0, -1.0, 0.0, 1988-02-24 00:00:00, 172.0, 4.5
0.0, 0.0, -1.0, 0.0, 1988-02-25 00:00:00, 171.0, 4.5
0.0, 0.0, 0.5, 0.0, 1988-02-26 00:00:00, 167.0, 4.5
0.0, 0.0, 1.0, 0.0, 1988-02-27 00:00:00, 161.0, 3.5
0.0, 0.0, -2.0, 0.0, 1988-02-28 00:00:00, 160.0, 8.0
0.0, 0.0, 2.0, 0.0, 1988-02-29 00:00:00, 156.0, 2.5
0.0, 0.0, 0.5, 0.0, 1988-03-01 00:00:00, 153.0, 3.0
6.0, 0.0, -1.5, 6.0, 1988-03-02 00:00:00, None, -1.0
2.0, 0.0, -4.5, 2.0, 1988-03-03 00:00:00, 159.0, -3.5
11.0, 0.0, -6.5, 11.0, 1988-03-04 00:00:00, None, -2.0
21.0, 0.0, -6.0, 21.0, 1988-03-05 00:00:00, 171.0, -3.5
0.0, 0.0, -6.0, 0.0, 1988-03-06 00:00:00, 180.0, -0.5
11.0, 0.0, -5.0, 11.0, 1988-03-07 00:00:00, 177.0, -2.0
14.0, 0.0, -4.0, 14.0, 1988-03-08 00:00:00, None, -1.5
0.0, 0.0, -6.5, 0.0, 1988-03-09 00:00:00, 196.0, -1.5
0.0, 0.0, -8.0, 0.0, 1988-03-10 00:00:00, 192.0, -4.0
0.0, 0.0, -9.5, 0.0, 1988-03-11 00:00:00, 189.0, -0.5
0.0, 0.0, -4.5, 0.0, 1988-03-12 00:00:00, 186.0, 4.5
0.0, 0.0, -1.0, 0.0, 1988-03-13 00:00:00, 184.0, 3.5
0.0, 0.0, -7.5, 0.0, 1988-03-14 00:00:00, 181.0, -1.5
0.0, 0.0, -7.0, 0.0, 1988-03-15 00:00:00, 179.0, 0.5
0.0, 0.0, -5.5, 0.0, 1988-03-16 00:00:00, 178.0, 3.5
0.0, 0.0, -1.5, 0.0, 1988-03-17 00:00:00, 178.0, 4.0
0.0, 0.0, -1.0, 0.0, 1988-03-18 00:00:00, 176.0, 5.5
10.0, 0.0, -1.5, 10.0, 1988-03-19 00:00:00, 176.0, 1.5
24.0, 0.0, -2.0, 24.0, 1988-03-20 00:00:00, None, 0.5
7.0, 0.0, -5.0, 7.0, 1988-03-21 00:00:00, 203.0, -2.5
25.0, 0.0, -6.0, 25.0, 1988-03-22 00:00:00, 208.0, -2.0
8.0, 0.0, -3.5, 8.0, 1988-03-23 00:00:00, 215.0, -0.5
4.0, 0.0, -7.5, 4.0, 1988-03-24 00:00:00, 216.0, -3.0
28.0, 0.0, -5.5, 28.0, 1988-03-25 00:00:00, None, -1.5
6.0, 0.0, -6.0, 6.0, 1988-03-26 00:00:00, 228.0, -1.0
0.0, 0.0, -10.0, 0.0, 1988-03-27 00:00:00, 223.0, -1.5
7.0, 0.0, -9.0, 7.0, 1988-03-28 00:00:00, 222.0, -4.0
0.0, 0.0, -6.0, 0.0, 1988-03-29 00:00:00, 223.0, -1.0
1.0, 0.0, -5.0, 1.0, 1988-03-30 00:00:00, 216.0, -1.0
1.0, 0.0, -6.0, 1.0, 1988-03-31 00:00:00, 213.0, 1.5
3.0, 0.0, -1.5, 3.0, 1988-04-01 00:00:00, 209.0, 1.0
28.0, 0.0, -2.5, 28.0, 1988-04-02 00:00:00, None, -0.5
4.0, 0.0, -4.5, 4.0, 1988-04-03 00:00:00, 233.0, -1.0
10.0, 0.0, -8.5, 10.0, 1988-04-04 00:00:00, 236.0, -1.5
77.0, 0.0, -7.0, 77.0, 1988-04-05 00:00:00, None, -1.0
16.0, 0.0, -3.5, 16.0, 1988-04-06 00:00:00, 285.0, -0.5
3.0, 0.0, -9.0, 3.0, 1988-04-07 00:00:00, 278.0, -2.0
0.0, 0.0, -7.5, 0.0, 1988-04-08 00:00:00, 270.0, -0.5
0.0, 0.0, -7.0, 0.0, 1988-04-09 00:00:00, 265.0, 2.5
0.0, 0.0, -1.5, 0.0, 1988-04-10 00:00:00, 253.0, 6.5
0.0, 0.0, -0.5, 0.0, 1988-04-11 00:00:00, 246.0, 7.0
0.0, 0.0, 1.5, 0.0, 1988-04-12 00:00:00, 238.0, 10.5
4.5, 4.5, 5.0, 0.0, 1988-04-13 00:00:00, 225.0, 7.0
0.0, 0.0, 3.0, 0.0, 1988-04-14 00:00:00, 214.0, 12.0
0.0, 0.0, 5.0, 0.0, 1988-04-15 00:00:00, 204.0, 10.5
0.0, 0.0, 2.0, 0.0, 1988-04-16 00:00:00, 199.0, 3.5
0.0, 0.0, 2.0, 0.0, 1988-04-17 00:00:00, 196.0, 5.0
0.0, 0.0, 0.0, 0.0, 1988-04-18 00:00:00, 192.0, 4.0
0.0, 0.0, 0.0, 0.0, 1988-04-19 00:00:00, 191.0, 9.0
0.0, 0.0, 1.5, 0.0, 1988-04-20 00:00:00, 188.0, 10.5
0.0, 0.0, 1.5, 0.0, 1988-04-21 00:00:00, 185.0, 9.5
0.0, 0.0, 0.5, 0.0, 1988-04-22 00:00:00, 182.0, 5.5
4.0, 0.0, -2.0, 4.0, 1988-04-23 00:00:00, 181.0, 0.5
3.0, 0.0, -5.0, 3.0, 1988-04-24 00:00:00, None, -1.0
0.0, 0.0, -2.5, 0.0, 1988-04-25 00:00:00, 183.0, 1.5
0.0, 0.0, -3.0, 0.0, 1988-04-26 00:00:00, 182.0, 7.0
0.0, 0.0, -0.5, 0.0, 1988-04-27 00:00:00, 180.0, 5.5
11.0, 0.0, 2.0, 11.0, 1988-04-28 00:00:00, 177.0, 3.0
5.0, 0.0, -4.0, 5.0, 1988-04-29 00:00:00, 187.0, 0.5
2.0, 0.0, -4.5, 2.0, 1988-04-30 00:00:00, 190.0, 1.5
None, None, 0.0, None, 1988-11-01 00:00:00, None, 6.0
None, None, -4.0, None, 1988-11-05 00:00:00, None, 1.0
0.0, 0.0, -7.0, 0.0, 1988-11-08 00:00:00, None, -1.0
7.0, 0.0, -5.0, 7.0, 1988-11-09 00:00:00, 40.0, -1.0
7.0, 0.0, -2.5, 7.0, 1988-11-10 00:00:00, 47.0, 0.0
18.0, 0.0, -5.5, 18.0, 1988-11-11 00:00:00, 50.0, -3.0
0.0, 0.0, -4.0, 0.0, 1988-11-12 00:00:00, 65.0, -2.5
0.0, 0.0, -4.5, 0.0, 1988-11-13 00:00:00, 60.0, -3.5
2.0, 0.0, -8.0, 2.0, 1988-11-14 00:00:00, 56.0, -2.5
4.0, 0.0, -6.5, 4.0, 1988-11-15 00:00:00, 58.0, 0.0
0.0, 0.0, -4.0, 0.0, 1988-11-16 00:00:00, 57.0, -2.0
0.0, 0.0, -5.5, 0.0, 1988-11-17 00:00:00, 56.0, 1.0
10.0, 0.0, -2.5, 10.0, 1988-11-18 00:00:00, None, -2.5
9.0, 0.0, -6.5, 9.0, 1988-11-19 00:00:00, 61.0, -2.5
8.0, 0.0, -5.0, 8.0, 1988-11-20 00:00:00, 62.0, -2.0
8.0, 0.0, -4.0, 8.0, 1988-11-21 00:00:00, 66.0, -1.5
19.0, 0.0, -5.0, 19.0, 1988-11-22 00:00:00, None, -1.0
11.0, 0.0, -6.5, 11.0, 1988-11-23 00:00:00, 75.0, -5.0
6.0, 0.0, -10.5, 6.0, 1988-11-24 00:00:00, 79.0, -7.5
0.0, 0.0, -9.0, 0.0, 1988-11-25 00:00:00, 79.0, -7.5
2.0, 0.0, -11.5, 2.0, 1988-11-26 00:00:00, 74.0, -5.5
4.0, 0.0, -9.5, 4.0, 1988-11-27 00:00:00, 75.0, -2.0
1.0, 0.0, -5.5, 1.0, 1988-11-28 00:00:00, 70.0, -2.5
0.0, 0.0, -5.5, 0.0, 1988-11-29 00:00:00, 70.0, 0.0
0.0, 0.0, -4.5, 0.0, 1988-11-30 00:00:00, 68.0, 4.5
17.0, 0.0, 0.5, 17.0, 1988-12-01 00:00:00, 66.0, 4.0
0.0, 0.0, -4.5, 0.0, 1988-12-02 00:00:00, 80.0, 4.0
0.0, 0.0, -4.0, 0.0, 1988-12-03 00:00:00, 76.0, 5.0
5.0, 0.0, 1.0, 5.0, 1988-12-04 00:00:00, 71.0, 4.0
11.0, 0.0, 0.5, 11.0, 1988-12-05 00:00:00, None, 1.0
3.0, 0.0, -1.5, 3.0, 1988-12-06 00:00:00, 83.0, 0.0
0.0, 0.0, -3.0, 0.0, 1988-12-07 00:00:00, 82.0, 0.0
0.0, 0.0, -1.0, 0.0, 1988-12-08 00:00:00, 78.0, 3.0
0.0, 0.0, -4.0, 0.0, 1988-12-09 00:00:00, 77.0, 0.0
0.0, 0.0, -3.5, 0.0, 1988-12-10 00:00:00, 77.0, 1.0
1.0, 0.0, -3.0, 1.0, 1988-12-11 00:00:00, 74.0, 1.0
23.0, 0.0, -1.0, 23.0, 1988-12-12 00:00:00, None, 0.5
0.0, 0.0, -5.5, 0.0, 1988-12-13 00:00:00, 91.0, -4.5
0.0, 0.0, -10.0, 0.0, 1988-12-14 00:00:00, 89.0, -2.5
0.0, 0.0, -10.0, 0.0, 1988-12-15 00:00:00, 87.0, 2.5
0.0, 0.0, 0.0, 0.0, 1988-12-16 00:00:00, 83.0, 6.0
0.0, 0.0, 3.0, 0.0, 1988-12-17 00:00:00, None, 6.5
3.0, 0.0, -5.0, 3.0, 1988-12-18 00:00:00, None, -1.0
4.0, 0.0, -9.0, 4.0, 1988-12-19 00:00:00, 86.0, -5.5
7.0, 0.0, -8.0, 7.0, 1988-12-20 00:00:00, 89.0, -6.0
2.0, 0.0, -7.0, 2.0, 1988-12-21 00:00:00, 92.0, -4.0
5.0, 0.0, -7.5, 5.0, 1988-12-22 00:00:00, 91.0, -4.0
7.0, 0.0, -9.5, 7.0, 1988-12-23 00:00:00, 96.0, -6.0
1.0, 0.0, -9.0, 1.0, 1988-12-24 00:00:00, 94.0, -6.5
0.0, 0.0, -9.5, 0.0, 1988-12-25 00:00:00, 93.0, -7.0
3.0, 0.0, -11.5, 3.0, 1988-12-26 00:00:00, 91.0, -7.0
0.0, 0.0, -9.5, 0.0, 1988-12-27 00:00:00, 94.0, -6.0
6.0, 0.0, -8.5, 6.0, 1988-12-28 00:00:00, 90.0, -4.0
35.0, 0.0, -7.0, 35.0, 1988-12-29 00:00:00, 96.0, -2.5
12.0, 0.0, -5.0, 12.0, 1988-12-30 00:00:00, None, -2.5
0.0, 0.0, -10.0, 0.0, 1988-12-31 00:00:00, 134.0, -6.0
8.0, 0.0, -8.0, 8.0, 1989-01-01 00:00:00, 134.0, -4.0
7.0, 0.0, -8.0, 7.0, 1989-01-02 00:00:00, 130.0, 0.5
23.0, 0.0, -6.0, 23.0, 1989-01-03 00:00:00, 134.0, 0.0
0.0, 0.0, -7.5, 0.0, 1989-01-04 00:00:00, 142.0, -5.0
0.0, 0.0, -11.5, 0.0, 1989-01-05 00:00:00, 141.0, -6.0
0.0, 0.0, -12.5, 0.0, 1989-01-06 00:00:00, 137.0, -10.0
1.0, 0.0, -19.0, 1.0, 1989-01-07 00:00:00, 133.0, -9.5
13.0, 0.0, -15.5, 13.0, 1989-01-08 00:00:00, 134.0, -4.0
6.0, 0.0, -8.5, 6.0, 1989-01-09 00:00:00, 140.0, -4.0
0.0, 0.0, -11.0, 0.0, 1989-01-10 00:00:00, 137.0, -6.0
6.0, 0.0, -9.5, 6.0, 1989-01-11 00:00:00, 133.0, -2.5
25.0, 0.0, -6.0, 25.0, 1989-01-12 00:00:00, 134.0, -2.5
2.0, 0.0, -8.5, 2.0, 1989-01-13 00:00:00, 146.0, -3.0
11.0, 0.0, -13.0, 11.0, 1989-01-14 00:00:00, 143.0, -7.0
15.0, 0.0, -10.5, 15.0, 1989-01-15 00:00:00, 150.0, -2.5
11.0, 0.0, -4.0, 11.0, 1989-01-16 00:00:00, 158.0, -2.0
11.0, 0.0, -5.0, 11.0, 1989-01-17 00:00:00, 155.0, -2.0
0.0, 0.0, -6.0, 0.0, 1989-01-18 00:00:00, 157.0, -3.5
1.0, 0.0, -8.5, 1.0, 1989-01-19 00:00:00, 153.0, 1.0
6.0, 0.0, -4.5, 6.0, 1989-01-20 00:00:00, 152.0, 0.0
2.0, 0.0, -9.0, 2.0, 1989-01-21 00:00:00, 150.0, -7.0
0.0, 0.0, -9.5, 0.0, 1989-01-22 00:00:00, 148.0, -7.0
2.0, 0.0, -15.0, 2.0, 1989-01-23 00:00:00, 145.0, -9.0
3.0, 0.0, -13.0, 3.0, 1989-01-24 00:00:00, 147.0, -6.0
0.0, 0.0, -9.0, 0.0, 1989-01-25 00:00:00, 144.0, -3.0
5.0, 0.0, -5.0, 5.0, 1989-01-26 00:00:00, 141.0, 1.0
0.0, 0.0, -6.5, 0.0, 1989-01-27 00:00:00, 142.0, -4.0
9.0, 0.0, -7.5, 9.0, 1989-01-28 00:00:00, 140.0, -1.0
0.0, 0.0, -5.0, 0.0, 1989-01-29 00:00:00, 147.0, 3.0
10.0, 0.0, 1.0, 10.0, 1989-01-30 00:00:00, 136.0, 1.0
0.0, 0.0, -17.0, 0.0, 1989-01-31 00:00:00, 142.0, -14.0
0.0, 0.0, -31.5, 0.0, 1989-02-01 00:00:00, 142.0, -18.0
None, 0.0, None, None, 1989-02-02 00:00:00, 142.0, None
0.0, 0.0, -30.0, 0.0, 1989-02-03 00:00:00, 140.0, -17.5
0.0, 0.0, -24.0, 0.0, 1989-02-04 00:00:00, 135.0, -11.0
0.0, 0.0, -14.0, 0.0, 1989-02-05 00:00:00, 135.0, -7.0
0.0, 0.0, -11.5, 0.0, 1989-02-06 00:00:00, 135.0, -5.5
0.0, 0.0, -10.5, 0.0, 1989-02-07 00:00:00, 133.0, -4.5
0.0, 0.0, -9.0, 0.0, 1989-02-08 00:00:00, 132.0, -3.0
0.0, 0.0, -6.0, 0.0, 1989-02-09 00:00:00, 132.0, 0.0
0.0, 0.0, -4.5, 0.0, 1989-02-10 00:00:00, 132.0, -2.0
0.0, 0.0, -7.5, 0.0, 1989-02-11 00:00:00, 132.0, -4.0
0.0, 0.0, -10.5, 0.0, 1989-02-12 00:00:00, 130.0, -4.0
0.0, 0.0, -9.5, 0.0, 1989-02-13 00:00:00, 130.0, -5.0
0.0, 0.0, -10.5, 0.0, 1989-02-14 00:00:00, 130.0, -6.5
8.0, 0.0, -10.0, 8.0, 1989-02-15 00:00:00, 130.0, -7.0
2.0, 0.0, -14.0, 2.0, 1989-02-16 00:00:00, 138.0, -13.0
15.0, 0.0, -15.0, 15.0, 1989-02-17 00:00:00, 140.0, -7.5
1.0, 0.0, -12.0, 1.0, 1989-02-18 00:00:00, 155.0, -3.5
3.0, 0.0, -4.0, 3.0, 1989-02-19 00:00:00, 154.0, -2.0
0.0, 0.0, -6.5, 0.0, 1989-02-20 00:00:00, 152.0, -3.0
12.0, 0.0, -4.5, 12.0, 1989-02-21 00:00:00, 151.0, 0.0
34.0, 0.0, -1.5, 34.0, 1989-02-22 00:00:00, None, 0.0
8.0, 0.0, -5.5, 8.0, 1989-02-23 00:00:00, 186.0, -2.0
0.0, 0.0, -9.0, 0.0, 1989-02-24 00:00:00, 186.0, -4.5
0.0, 0.0, -9.5, 0.0, 1989-02-25 00:00:00, 181.0, -1.0
0.0, 0.0, -9.5, 0.0, 1989-02-26 00:00:00, 178.0, -4.0
2.0, 0.0, -6.0, 2.0, 1989-02-27 00:00:00, 175.0, -4.0
6.0, 0.0, -12.5, 6.0, 1989-02-28 00:00:00, 177.0, -10.0
3.0, 0.0, -19.5, 3.0, 1989-03-01 00:00:00, 175.0, -16.0
0.0, 0.0, -19.0, 0.0, 1989-03-02 00:00:00, 167.0, -13.0
0.0, 0.0, -15.5, 0.0, 1989-03-03 00:00:00, 167.0, -9.0
5.0, 0.0, -13.5, 5.0, 1989-03-04 00:00:00, 165.0, -3.0
19.0, 0.0, -7.0, 19.0, 1989-03-05 00:00:00, None, 0.0
12.0, 0.0, -6.0, 12.0, 1989-03-06 00:00:00, 187.0, -5.0
14.0, 0.0, -8.0, 14.0, 1989-03-07 00:00:00, 185.0, -4.0
11.0, 0.0, -7.0, 11.0, 1989-03-08 00:00:00, 198.0, -2.0
24.0, 0.0, -4.5, 24.0, 1989-03-09 00:00:00, 195.0, -1.0
8.0, 0.0, -3.0, 8.0, 1989-03-10 00:00:00, 210.0, -0.5
36.0, 0.0, -3.5, 36.0, 1989-03-11 00:00:00, None, -1.0
16.0, 0.0, -3.5, 16.0, 1989-03-12 00:00:00, 234.0, -1.0
10.0, 0.0, -6.0, 10.0, 1989-03-13 00:00:00, 242.0, 0.0
0.0, 0.0, -8.0, 0.0, 1989-03-14 00:00:00, 236.0, -2.5
1.0, 0.0, -9.5, 1.0, 1989-03-15 00:00:00, 226.0, -4.0
7.0, 0.0, -7.5, 7.0, 1989-03-16 00:00:00, 224.0, -5.5
3.0, 0.0, -7.0, 3.0, 1989-03-17 00:00:00, 226.0, -3.0
1.0, 0.0, -8.0, 1.0, 1989-03-18 00:00:00, 222.0, -4.0
0.0, 0.0, -5.5, 0.0, 1989-03-19 00:00:00, 217.0, 0.0
3.0, 0.0, -7.0, 3.0, 1989-03-20 00:00:00, 213.0, 1.0
7.0, 0.0, -3.5, 7.0, 1989-03-21 00:00:00, None, -0.5
7.0, 0.0, -5.0, 7.0, 1989-03-22 00:00:00, 217.0, -2.5
0.0, 0.0, -8.5, 0.0, 1989-03-23 00:00:00, 216.0, -1.0
5.0, 0.0, -7.0, 5.0, 1989-03-24 00:00:00, 211.0, 0.0
4.0, 0.0, -3.5, 4.0, 1989-03-25 00:00:00, None, -1.0
11.0, 0.0, -3.0, 11.0, 1989-03-26 00:00:00, 217.0, 0.0
13.0, 0.0, -5.0, 13.0, 1989-03-27 00:00:00, 221.0, -1.0
3.0, 0.0, -7.5, 3.0, 1989-03-28 00:00:00, 225.0, -1.5
0.0, 0.0, -7.5, 0.0, 1989-03-29 00:00:00, 221.0, -1.0
13.0, 0.0, -7.5, 13.0, 1989-03-30 00:00:00, 218.0, -2.0
2.0, 0.0, -6.0, 2.0, 1989-03-31 00:00:00, 227.0, -3.0
0.0, 0.0, -1.5, 0.0, 1989-12-01 00:00:00, 46.0, 3.5
3.0, 0.0, -1.0, 3.0, 1989-12-02 00:00:00, 40.0, None
0.0, 0.0, -0.5, 0.0, 1989-12-03 00:00:00, 43.0, 2.5
0.0, 0.0, -0.5, 0.0, 1989-12-04 00:00:00, 43.0, 3.0
3.0, 0.0, -1.0, 3.0, 1989-12-05 00:00:00, 41.0, 0.5
10.0, 0.0, None, 10.0, 1989-12-06 00:00:00, 44.0, -1.0
27.0, 0.0, -3.5, 27.0, 1989-12-07 00:00:00, 54.0, -1.0
6.0, 0.0, -4.0, 6.0, 1989-12-08 00:00:00, 79.0, -1.0
2.0, 0.0, -5.0, 2.0, 1989-12-09 00:00:00, 81.0, -3.0
0.0, 0.0, -7.5, 0.0, 1989-12-10 00:00:00, 74.0, -5.0
0.0, 0.0, -7.5, 0.0, 1989-12-11 00:00:00, 71.0, -2.5
0.0, 0.0, -5.0, 0.0, 1989-12-12 00:00:00, 69.0, 1.0
0.0, 0.0, -3.0, 0.0, 1989-12-13 00:00:00, 66.0, 4.0
0.0, 0.0, 2.0, 0.0, 1989-12-14 00:00:00, 65.0, 7.0
0.0, 0.0, 0.5, 0.0, 1989-12-15 00:00:00, 65.0, 4.0
0.0, 0.0, -0.5, 0.0, 1989-12-16 00:00:00, 64.0, 2.0
0.0, 0.0, -3.0, 0.0, 1989-12-17 00:00:00, 63.0, 0.5
0.0, 0.0, -7.0, 0.0, 1989-12-18 00:00:00, 63.0, -4.5
0.0, 0.0, -4.5, 0.0, 1989-12-19 00:00:00, 63.0, -2.0
1.0, 0.0, -5.0, 1.0, 1989-12-20 00:00:00, 63.0, -3.0
5.0, 0.0, -4.5, 5.0, 1989-12-21 00:00:00, 64.0, 1.0
0.0, 0.0, -1.0, 0.0, 1989-12-22 00:00:00, 66.0, 2.5
0.0, 0.0, -2.0, 0.0, 1989-12-23 00:00:00, 66.0, 2.5
0.0, 0.0, -0.5, 0.0, 1989-12-24 00:00:00, 65.0, 3.5
0.0, 0.0, 2.0, 0.0, 1989-12-25 00:00:00, 64.0, 6.0
0.0, 0.0, 2.0, 0.0, 1989-12-26 00:00:00, 64.0, 4.0
3.0, 0.0, -2.0, 3.0, 1989-12-27 00:00:00, 64.0, 1.5
1.0, 0.0, -4.5, 1.0, 1989-12-28 00:00:00, 65.0, -1.5
0.0, 0.0, -5.0, 0.0, 1989-12-29 00:00:00, 65.0, -0.5
0.0, 0.0, -2.5, 0.0, 1989-12-30 00:00:00, 64.0, 0.0
14.0, 0.0, -2.5, 14.0, 1989-12-31 00:00:00, 64.0, 0.0
3.0, 0.0, -6.0, 3.0, 1990-01-01 00:00:00, 79.0, -4.0
4.0, 0.0, -12.0, 4.0, 1990-01-02 00:00:00, 76.0, -6.0
11.0, 0.0, -7.0, 11.0, 1990-01-03 00:00:00, 80.0, -3.5
3.0, 0.0, -4.5, 3.0, 1990-01-04 00:00:00, 84.0, -1.5
19.0, 0.0, -4.0, 19.0, 1990-01-05 00:00:00, 85.0, 1.5
29.0, 0.0, -3.5, 29.0, 1990-01-06 00:00:00, None, -1.5
13.0, 0.0, -5.0, 13.0, 1990-01-07 00:00:00, 129.0, -1.0
16.0, 0.0, -4.0, 16.0, 1990-01-08 00:00:00, None, -1.5
23.0, 0.0, -3.0, 23.0, 1990-01-09 00:00:00, 147.0, -1.5
0.0, 0.0, -10.0, 0.0, 1990-01-10 00:00:00, 141.0, -6.5
8.0, 0.0, -11.0, 8.0, 1990-01-11 00:00:00, 137.0, 1.0
1.0, 0.0, -6.0, 1.0, 1990-01-12 00:00:00, 139.0, 2.0
3.0, 0.0, -1.0, 3.0, 1990-01-13 00:00:00, 138.0, 0.5
0.0, 0.0, -2.0, 0.0, 1990-01-14 00:00:00, 132.0, 0.5
1.0, 0.0, -3.0, 1.0, 1990-01-15 00:00:00, 129.0, -2.0
0.0, 0.0, -5.0, 0.0, 1990-01-16 00:00:00, 128.0, -3.5
0.0, 0.0, -10.0, 0.0, 1990-01-17 00:00:00, 128.0, -3.0
0.0, 0.0, -7.0, 0.0, 1990-01-18 00:00:00, 127.0, -2.5
0.0, 0.0, -6.0, 0.0, 1990-01-19 00:00:00, 126.0, 0.0
0.0, 0.0, -4.5, 0.0, 1990-01-20 00:00:00, 122.0, 0.0
11.0, 0.0, -2.5, 11.0, 1990-01-21 00:00:00, 121.0, -1.0
8.0, 0.0, -4.5, 8.0, 1990-01-22 00:00:00, 131.0, -3.0
2.0, 0.0, -7.0, 2.0, 1990-01-23 00:00:00, 135.0, -3.5
19.0, 0.0, -8.0, 19.0, 1990-01-24 00:00:00, 134.0, -1.5
12.0, 0.0, -5.5, 12.0, 1990-01-25 00:00:00, 147.0, -4.0
5.0, 0.0, -12.5, 5.0, 1990-01-26 00:00:00, None, -7.5
5.0, 0.0, -9.0, 5.0, 1990-01-27 00:00:00, None, -3.0
22.0, 0.0, -7.5, 22.0, 1990-01-28 00:00:00, 158.0, -3.5
10.0, 0.0, -11.5, 10.0, 1990-01-29 00:00:00, 158.0, -7.5
6.0, 0.0, -10.0, 6.0, 1990-01-30 00:00:00, 164.0, -5.5
8.0, 0.0, -17.0, 8.0, 1990-01-31 00:00:00, 159.0, -6.5
3.0, 0.0, -11.5, 3.0, 1990-02-01 00:00:00, 160.0, -4.0
51.0, 0.0, -6.5, 51.0, 1990-02-02 00:00:00, 162.0, -2.0
4.0, 0.0, -5.0, 4.0, 1990-02-03 00:00:00, 195.0, -3.0
25.0, 0.0, -9.0, 25.0, 1990-02-04 00:00:00, 184.0, -5.0
8.0, 0.0, -6.5, 8.0, 1990-02-05 00:00:00, 200.0, -4.5
4.0, 0.0, -10.0, 4.0, 1990-02-06 00:00:00, 195.0, -7.0
9.0, 0.0, -11.0, 9.0, 1990-02-07 00:00:00, 195.0, -8.0
2.0, 0.0, -13.0, 2.0, 1990-02-08 00:00:00, 190.0, -3.0
20.0, 0.0, -7.5, 20.0, 1990-02-09 00:00:00, 192.0, 0.5
37.0, 0.0, -2.5, 37.0, 1990-02-10 00:00:00, 198.0, 0.0
12.0, 0.0, -9.0, 12.0, 1990-02-11 00:00:00, 215.0, -5.0
0.0, 0.0, -14.0, 0.0, 1990-02-12 00:00:00, 213.0, -11.5
0.0, 0.0, -18.0, 0.0, 1990-02-13 00:00:00, 202.0, -14.5
11.0, 0.0, -18.5, 11.0, 1990-02-14 00:00:00, 198.0, -12.0
6.0, 0.0, -14.0, 6.0, 1990-02-15 00:00:00, 207.0, -9.5
0.0, 0.0, -16.5, 0.0, 1990-02-16 00:00:00, 205.0, -14.5
0.0, 0.0, -21.5, 0.0, 1990-02-17 00:00:00, 200.0, -12.0
0.0, 0.0, -13.5, 0.0, 1990-02-18 00:00:00, 197.0, -6.5
8.0, 0.0, -10.0, 8.0, 1990-02-19 00:00:00, 192.0, -4.0
11.0, 0.0, -7.5, 11.0, 1990-02-20 00:00:00, 197.0, -1.0
0.0, 0.0, -4.5, 0.0, 1990-02-21 00:00:00, 203.0, -0.5
0.0, 0.0, -4.0, 0.0, 1990-02-22 00:00:00, 196.0, 3.5
1.0, 0.0, -0.5, 1.0, 1990-02-23 00:00:00, 192.0, 6.0
0.0, 0.0, 0.5, 0.0, 1990-02-24 00:00:00, 187.0, 3.0
0.0, 0.0, -4.5, 0.0, 1990-02-25 00:00:00, 185.0, -0.5
0.0, 0.0, -5.5, 0.0, 1990-02-26 00:00:00, 184.0, 2.5
0.0, 0.0, -4.5, 0.0, 1990-02-27 00:00:00, 182.0, 5.0
0.0, 0.0, -1.5, 0.0, 1990-02-28 00:00:00, 180.0, 6.0
0.0, 0.0, -3.0, 0.0, 1990-03-01 00:00:00, 179.0, 4.5
0.0, 0.0, -2.5, 0.0, 1990-03-02 00:00:00, 178.0, 5.5
3.0, 0.0, -2.5, 3.0, 1990-03-03 00:00:00, 177.0, 1.5
2.5, 0.0, -2.5, 2.5, 1990-03-04 00:00:00, 180.0, 0.5
12.0, 0.0, -4.5, 12.0, 1990-03-05 00:00:00, 180.0, 0.5
24.0, 0.0, -3.5, 24.0, 1990-03-06 00:00:00, 188.0, -1.0
30.0, 0.0, -5.0, 30.0, 1990-03-07 00:00:00, None, -1.0
8.0, 0.0, -11.5, 8.0, 1990-03-08 00:00:00, 225.0, -6.5
35.0, 0.0, -9.5, 35.0, 1990-03-09 00:00:00, 226.0, -3.5
2.0, 0.0, -7.5, 2.0, 1990-03-10 00:00:00, 238.0, -2.0
0.0, 0.0, -10.5, 0.0, 1990-03-11 00:00:00, 228.0, -4.0
0.0, 0.0, -9.5, 0.0, 1990-03-12 00:00:00, 221.0, -1.5
6.0, 0.0, -10.0, 6.0, 1990-03-13 00:00:00, 216.0, -3.5
0.0, 0.0, -6.0, 0.0, 1990-03-14 00:00:00, 217.0, -1.0
0.0, 0.0, -7.0, 0.0, 1990-03-15 00:00:00, 212.0, 1.0
0.0, 0.0, -2.0, 0.0, 1990-03-16 00:00:00, 208.0, 5.5
0.0, 0.0, 0.5, 0.0, 1990-03-17 00:00:00, 200.0, 3.0
0.0, 0.0, -0.5, 0.0, 1990-03-18 00:00:00, 195.0, 3.5
4.0, 0.0, -2.5, 4.0, 1990-03-19 00:00:00, 192.0, 3.5
0.0, 0.0, -2.0, 0.0, 1990-03-20 00:00:00, 193.0, 3.0
0.0, 0.0, -4.5, 0.0, 1990-03-21 00:00:00, 190.0, 3.0
2.0, 0.0, -9.5, 2.0, 1990-03-22 00:00:00, 190.0, -7.5
0.0, 0.0, -10.5, 0.0, 1990-03-23 00:00:00, 190.0, -2.5
0.0, 0.0, -10.5, 0.0, 1990-03-24 00:00:00, 189.0, 0.0
0.0, 0.0, -6.5, 0.0, 1990-03-25 00:00:00, 189.0, 3.5
0.0, 0.0, -4.5, 0.0, 1990-03-26 00:00:00, 189.0, 6.5
0.0, 0.0, -1.5, 0.0, 1990-03-27 00:00:00, 188.0, 7.0
0.0, 0.0, -0.5, 0.0, 1990-03-28 00:00:00, 187.0, 8.5
0.0, 0.0, 1.0, 0.0, 1990-03-29 00:00:00, 186.0, 6.5
0.0, 0.0, 1.0, 0.0, 1990-03-30 00:00:00, 186.0, 5.0
0.0, 0.0, 1.0, 0.0, 1990-03-31 00:00:00, 182.0, 3.0
8.0, 0.0, -10.5, 8.0, 1990-12-01 00:00:00, 98.0, -5.0
14.0, 0.0, -12.0, 14.0, 1990-12-02 00:00:00, 101.0, -3.0
72.0, 0.0, -8.5, 72.0, 1990-12-03 00:00:00, 111.0, 1.0
19.0, 0.0, -4.0, 19.0, 1990-12-04 00:00:00, 164.0, -1.0
0.0, 0.0, -6.5, 0.0, 1990-12-05 00:00:00, 170.0, -1.5
0.0, 0.0, -3.5, 0.0, 1990-12-06 00:00:00, 154.0, -1.0
26.0, 0.0, -4.0, 26.0, 1990-12-07 00:00:00, 148.0, 0.0
17.0, 0.0, -3.0, 17.0, 1990-12-08 00:00:00, 170.0, 0.0
12.0, 0.0, -3.5, 12.0, 1990-12-09 00:00:00, 174.0, -2.5
5.0, 0.0, -6.5, 5.0, 1990-12-10 00:00:00, 179.0, -0.5
0.0, 0.0, -7.5, 0.0, 1990-12-11 00:00:00, 176.0, -4.0
2.5, 0.0, -10.0, 2.5, 1990-12-12 00:00:00, 170.0, -5.5
2.0, 0.0, -9.5, 2.0, 1990-12-13 00:00:00, 167.0, -5.5
22.0, 0.0, -8.0, 22.0, 1990-12-14 00:00:00, 163.0, -3.5
8.0, 0.0, -6.5, 8.0, 1990-12-15 00:00:00, 180.0, -4.5
6.0, 0.0, -11.0, 6.0, 1990-12-16 00:00:00, 179.0, -2.0
3.0, 0.0, -7.5, 3.0, 1990-12-17 00:00:00, 176.0, -0.5
0.0, 0.0, -20.0, 0.0, 1990-12-18 00:00:00, 171.0, -6.0
0.0, 0.0, -26.0, 0.0, 1990-12-19 00:00:00, 165.0, -21.0
0.0, 0.0, -25.0, 0.0, 1990-12-20 00:00:00, 155.0, -16.5
0.0, 0.0, -20.0, 0.0, 1990-12-21 00:00:00, 153.0, -15.0
0.0, 0.0, -18.0, 0.0, 1990-12-22 00:00:00, 150.0, -10.0
0.0, 0.0, -13.0, 0.0, 1990-12-23 00:00:00, 146.0, -9.5
0.5, 0.0, -12.0, 0.5, 1990-12-24 00:00:00, 145.0, -8.0
0.0, 0.0, -9.5, 0.0, 1990-12-25 00:00:00, 145.0, -6.0
3.0, 0.0, -9.0, 3.0, 1990-12-26 00:00:00, 143.0, -3.0
0.0, 0.0, -7.0, 0.0, 1990-12-27 00:00:00, 145.0, -5.5
0.0, 0.0, -28.0, 0.0, 1990-12-28 00:00:00, 145.0, -16.5
3.5, 0.0, -24.5, 3.5, 1990-12-29 00:00:00, 142.0, -12.0
33.0, 0.0, -19.0, 33.0, 1990-12-30 00:00:00, 145.0, -3.0
3.0, 0.0, -12.5, 3.0, 1990-12-31 00:00:00, 166.0, -2.5
3.0, 0.0, -7.0, 3.0, 1991-01-01 00:00:00, 166.0, -4.0
0.0, 0.0, -11.5, 0.0, 1991-01-02 00:00:00, 165.0, -7.5
0.0, 0.0, -11.5, 0.0, 1991-01-03 00:00:00, 161.0, -8.5
0.0, 0.0, -12.0, 0.0, 1991-01-04 00:00:00, None, -8.0
0.0, 0.0, -15.0, 0.0, 1991-01-05 00:00:00, None, -9.0
6.0, 0.0, -15.0, 6.0, 1991-01-06 00:00:00, None, -5.0
9.0, 0.0, -8.0, 9.0, 1991-01-07 00:00:00, 159.0, -6.0
6.0, 0.0, -10.0, 6.0, 1991-01-08 00:00:00, 167.0, -4.0
5.0, 0.0, -7.0, 5.0, 1991-01-09 00:00:00, 172.0, -3.5
9.0, 0.0, -5.0, 9.0, 1991-01-10 00:00:00, 175.0, -1.0
31.0, 0.0, -3.0, 31.0, 1991-01-11 00:00:00, 182.0, 0.5
18.0, 0.0, -2.5, 18.0, 1991-01-12 00:00:00, 203.0, 1.0
1.0, 0.0, -1.0, 1.0, 1991-01-13 00:00:00, 209.0, 0.5
12.0, 0.0, -2.5, 12.0, 1991-01-14 00:00:00, 203.0, 0.5
2.0, 0.0, -4.0, 2.0, 1991-01-15 00:00:00, 208.0, -0.5
1.0, 0.0, -4.0, 1.0, 1991-01-16 00:00:00, 204.0, None
2.0, 1.0, -3.0, 1.0, 1991-01-17 00:00:00, 200.0, 2.0
0.0, 0.0, -3.0, 0.0, 1991-01-18 00:00:00, 195.0, 0.0
0.0, 0.0, -7.5, 0.0, 1991-01-19 00:00:00, 193.0, -0.5
0.0, 0.0, -5.5, 0.0, 1991-01-20 00:00:00, 192.0, 3.0
0.0, 0.0, -1.0, 0.0, 1991-01-21 00:00:00, 191.0, 4.0
0.0, 0.0, -3.0, 0.0, 1991-01-22 00:00:00, 189.0, 0.0
0.0, 0.0, -7.0, 0.0, 1991-01-23 00:00:00, 188.0, -5.0
0.0, 0.0, -9.0, 0.0, 1991-01-24 00:00:00, 187.0, -6.5
0.0, 0.0, -11.0, 0.0, 1991-01-25 00:00:00, 185.0, -8.0
0.0, 0.0, -12.0, 0.0, 1991-01-26 00:00:00, 184.0, -5.0
0.0, 0.0, -10.0, 0.0, 1991-01-27 00:00:00, 182.0, -8.5
0.0, 0.0, -13.5, 0.0, 1991-01-28 00:00:00, 182.0, -10.0
0.0, 0.0, -13.0, 0.0, 1991-01-29 00:00:00, 182.0, -8.0
9.0, 0.0, -11.0, 9.0, 1991-01-30 00:00:00, 182.0, -5.0
40.0, 0.0, -8.0, 40.0, 1991-01-31 00:00:00, 190.0, 0.0
46.0, 0.0, 0.0, 46.0, 1991-02-01 00:00:00, 220.0, 0.5
5.5, 0.0, -0.5, 5.5, 1991-02-02 00:00:00, 236.0, 2.0
14.0, 0.0, -3.5, 14.0, 1991-02-03 00:00:00, 228.0, 0.0
13.0, 0.0, -1.5, 13.0, 1991-02-04 00:00:00, 242.0, 2.5
0.0, 0.0, -4.0, 0.0, 1991-02-05 00:00:00, 235.0, -1.5
15.0, 0.0, -6.0, 15.0, 1991-02-06 00:00:00, 234.0, -2.5
19.0, 0.0, -2.5, 19.0, 1991-02-07 00:00:00, 249.0, 0.0
3.0, 0.0, -4.0, 3.0, 1991-02-08 00:00:00, 262.0, 1.5
0.0, 0.0, 0.0, 0.0, 1991-02-09 00:00:00, 254.0, 3.0
0.0, 0.0, -2.0, 0.0, 1991-02-10 00:00:00, 250.0, 3.5
3.0, 0.0, -1.0, 3.0, 1991-02-11 00:00:00, 249.0, 3.5
0.5, 0.0, -1.5, 0.5, 1991-02-12 00:00:00, 250.0, 0.5
1.0, 0.0, -4.0, 1.0, 1991-02-13 00:00:00, 247.0, 2.5
0.0, 0.0, -1.0, 0.0, 1991-02-14 00:00:00, 241.0, 5.0
0.0, 0.0, 1.5, 0.0, 1991-02-15 00:00:00, 233.0, 3.0
0.0, 0.0, -3.0, 0.0, 1991-02-16 00:00:00, 227.0, -1.0
2.0, 0.0, -4.0, 2.0, 1991-02-17 00:00:00, 227.0, -2.0
16.0, 0.0, -7.0, 16.0, 1991-02-18 00:00:00, 228.0, 1.0
3.0, 0.0, -4.5, 3.0, 1991-02-19 00:00:00, 240.0, 1.5
0.0, 0.0, -4.0, 0.0, 1991-02-20 00:00:00, 240.0, -2.0
0.0, 0.0, -7.0, 0.0, 1991-02-21 00:00:00, 238.0, -3.0
0.0, 0.0, -6.5, 0.0, 1991-02-22 00:00:00, 234.0, -1.5
0.0, 0.0, -5.0, 0.0, 1991-02-23 00:00:00, 234.0, 0.0
0.0, 0.0, -2.5, 0.0, 1991-02-24 00:00:00, 230.0, 5.0
0.0, 0.0, 0.0, 0.0, 1991-02-25 00:00:00, 227.0, 7.0
0.0, 0.0, 0.5, 0.0, 1991-02-26 00:00:00, 226.0, 6.5
0.0, 0.0, 0.5, 0.0, 1991-02-27 00:00:00, 224.0, 6.0
0.0, 0.0, -10.0, 0.0, 1991-02-28 00:00:00, 224.0, -2.5
53.0, 0.0, -14.5, 53.0, 1991-03-01 00:00:00, None, -8.5
25.0, 0.0, -15.0, 25.0, 1991-03-02 00:00:00, 276.0, -3.0
15.0, 0.0, -5.0, 15.0, 1991-03-03 00:00:00, 285.0, -3.0
0.0, 0.0, -13.5, 0.0, 1991-03-04 00:00:00, 282.0, -8.0
0.0, 0.0, -14.0, 0.0, 1991-03-05 00:00:00, 275.0, -6.5
0.0, 0.0, -11.5, 0.0, 1991-03-06 00:00:00, 270.0, -5.0
0.0, 0.0, -8.5, 0.0, 1991-03-07 00:00:00, 268.0, -1.5
8.0, 0.0, -7.5, 8.0, 1991-03-08 00:00:00, 257.0, -3.0
14.0, 0.0, -7.0, 14.0, 1991-03-09 00:00:00, 265.0, -3.5
3.0, 0.0, -10.0, 3.0, 1991-03-10 00:00:00, 274.0, -3.5
2.5, 0.0, -12.5, 2.5, 1991-03-11 00:00:00, 267.0, -5.5
0.0, 0.0, -9.5, 0.0, 1991-03-12 00:00:00, 267.0, -2.0
0.0, 0.0, -10.0, 0.0, 1991-03-13 00:00:00, 263.0, -2.5
2.0, 0.0, -9.0, 2.0, 1991-03-14 00:00:00, 263.0, -3.0
0.0, 0.0, -11.0, 0.0, 1991-03-15 00:00:00, 257.0, -4.5
0.0, 0.0, -10.5, 0.0, 1991-03-16 00:00:00, 256.0, -1.0
0.0, 0.0, -10.0, 0.0, 1991-03-17 00:00:00, 254.0, 1.0
4.0, 0.0, -8.0, 4.0, 1991-03-18 00:00:00, 252.0, 4.5
4.0, 0.0, -5.5, 4.0, 1991-03-19 00:00:00, 256.0, -2.0
0.0, 0.0, -7.0, 0.0, 1991-03-20 00:00:00, 254.0, 2.0
9.0, 0.0, -6.0, 9.0, 1991-03-21 00:00:00, 254.0, -1.0
3.0, 0.0, -8.5, 3.0, 1991-03-22 00:00:00, 257.0, -3.5
1.0, 0.0, -9.0, 1.0, 1991-03-23 00:00:00, 257.0, -1.5
0.0, 0.0, -8.0, 0.0, 1991-03-24 00:00:00, 253.0, -1.0
0.0, 0.0, -10.5, 0.0, 1991-03-25 00:00:00, 248.0, -6.0
0.0, 0.0, -13.0, 0.0, 1991-03-26 00:00:00, 244.0, -1.5
0.0, 0.0, -7.0, 0.0, 1991-03-27 00:00:00, 244.0, 1.0
0.0, 0.0, -6.0, 0.0, 1991-03-28 00:00:00, 243.0, 0.5
0.0, 0.0, -5.0, 0.0, 1991-03-29 00:00:00, 243.0, -0.5
0.0, 0.0, -3.5, 0.0, 1991-03-30 00:00:00, 236.0, 3.0
0.0, 0.0, 1.0, 0.0, 1991-03-31 00:00:00, 234.0, 9.5
8.0, 0.0, -0.5, 8.0, 1991-04-01 00:00:00, 234.0, 1.0
5.0, 0.0, -3.0, 5.0, 1991-04-02 00:00:00, 242.0, -1.0
52.0, 0.0, -6.0, 52.0, 1991-04-03 00:00:00, 247.0, -1.0
11.0, 0.0, -4.0, 11.0, 1991-04-04 00:00:00, 278.0, 0.0
8.0, 0.0, -3.5, 8.0, 1991-04-05 00:00:00, 288.0, 1.5
11.0, 0.0, -9.0, 11.0, 1991-04-06 00:00:00, 283.0, -2.5
4.0, 0.0, -6.5, 4.0, 1991-04-07 00:00:00, 288.0, -1.0
6.0, 0.0, -7.0, 6.0, 1991-04-08 00:00:00, 287.0, -1.5
5.0, 0.0, -4.5, 5.0, 1991-04-09 00:00:00, 290.0, -1.5
0.0, 0.0, -10.0, 0.0, 1991-04-10 00:00:00, 287.0, -1.0
0.0, 0.0, -7.5, 0.0, 1991-04-11 00:00:00, 281.0, 2.5
0.0, 0.0, -3.5, 0.0, 1991-04-12 00:00:00, 278.0, 6.5
0.0, 0.0, -1.0, 0.0, 1991-04-13 00:00:00, 274.0, 5.0
0.0, 0.0, -1.0, 0.0, 1991-04-14 00:00:00, 268.0, 3.5
0.0, 0.0, 0.0, 0.0, 1991-04-15 00:00:00, 266.0, 6.5
0.0, 0.0, 0.0, 0.0, 1991-04-16 00:00:00, 261.0, 7.5
0.0, 0.0, 0.0, 0.0, 1991-04-17 00:00:00, 260.0, 9.5
0.0, 0.0, 0.0, 0.0, 1991-04-18 00:00:00, 257.0, 10.0
0.0, 0.0, 2.0, 0.0, 1991-04-19 00:00:00, 254.0, 10.5
0.0, 0.0, 3.0, 0.0, 1991-04-20 00:00:00, 247.0, 12.0
0.0, 0.0, 2.0, 0.0, 1991-04-21 00:00:00, 242.0, None
0.0, 0.0, None, 0.0, 1991-04-22 00:00:00, None, 6.0
5.0, 0.0, 0.0, 5.0, 1991-04-23 00:00:00, 237.0, 3.0
8.0, 0.0, -2.0, 8.0, 1991-04-24 00:00:00, 242.0, 4.0
0.0, 0.0, -6.5, 0.0, 1991-04-25 00:00:00, 239.0, 2.0
0.0, 0.0, -4.0, 0.0, 1991-04-26 00:00:00, 238.0, 2.5
0.0, 0.0, -4.5, 0.0, 1991-04-27 00:00:00, 236.0, 3.5
1.0, 1.0, -6.0, 0.0, 1991-04-28 00:00:00, 234.0, 3.5
0.0, 0.0, -3.0, 0.0, 1991-04-29 00:00:00, 234.0, 10.0
0.0, 0.0, -1.0, 0.0, 1991-04-30 00:00:00, 232.0, 13.0
None, None, None, 45.0, 1991-11-15 00:00:00, None, None
28.0, 0.0, None, 28.0, 1991-11-16 00:00:00, 55.0, None
None, 0.0, None, None, 1991-11-17 00:00:00, None, None
35.0, 0.0, None, 35.0, 1991-11-18 00:00:00, None, None
17.0, 0.0, None, 17.0, 1991-11-19 00:00:00, 106.0, None
7.0, 0.0, None, 7.0, 1991-11-20 00:00:00, 115.0, None
None, 0.0, None, None, 1991-11-21 00:00:00, 110.0, None
None, 0.0, None, None, 1991-11-22 00:00:00, 102.0, -3.5
8.5, 0.0, None, 8.5, 1991-11-23 00:00:00, 100.0, 0.0
8.0, 0.0, -3.0, 8.0, 1991-11-24 00:00:00, 104.0, 1.0
8.0, 0.0, -3.0, 8.0, 1991-11-25 00:00:00, 105.0, 1.0
3.0, 0.0, -5.0, 3.0, 1991-11-26 00:00:00, 111.0, -2.5
0.0, 0.0, -7.0, 0.0, 1991-11-27 00:00:00, 109.0, -2.0
5.0, 0.0, -7.0, 5.0, 1991-11-28 00:00:00, 106.0, -1.0
0.0, 0.0, -9.0, 0.0, 1991-11-29 00:00:00, 103.0, -7.0
0.0, 0.0, -11.0, 0.0, 1991-11-30 00:00:00, 99.0, -1.0
0.0, 0.0, -7.5, 0.0, 1991-12-01 00:00:00, 97.0, 1.0
0.0, 0.0, -8.0, 0.0, 1991-12-02 00:00:00, 95.0, 0.0
3.0, 0.0, -5.0, 3.0, 1991-12-03 00:00:00, 94.0, 1.0
3.0, 0.0, -3.0, 3.0, 1991-12-04 00:00:00, 95.0, 0.0
18.0, 0.0, -3.5, 18.0, 1991-12-05 00:00:00, 96.0, 0.0
17.0, 0.0, -3.5, 17.0, 1991-12-06 00:00:00, 110.0, -2.0
5.0, 0.0, -4.5, 5.0, 1991-12-07 00:00:00, 120.0, -2.0
26.0, 0.0, -5.0, 26.0, 1991-12-08 00:00:00, 120.0, 0.0
1.0, 0.0, -4.5, 1.0, 1991-12-09 00:00:00, 137.0, -2.5
16.0, 0.0, -7.5, 16.0, 1991-12-10 00:00:00, 129.0, -2.0
15.0, 0.0, -7.0, 15.0, 1991-12-11 00:00:00, 138.0, -2.5
0.0, 0.0, -8.5, 0.0, 1991-12-12 00:00:00, 142.0, -3.5
0.0, 0.0, -11.0, 0.0, 1991-12-13 00:00:00, 135.0, -6.5
0.0, 0.0, -10.5, 0.0, 1991-12-14 00:00:00, 130.0, -1.5
0.0, 0.0, -3.0, 0.0, 1991-12-15 00:00:00, 126.0, 0.0
0.0, 0.0, -4.5, 0.0, 1991-12-16 00:00:00, 123.0, -0.5
2.0, 0.0, -3.5, 2.0, 1991-12-17 00:00:00, 120.0, 1.5
8.0, 0.0, -4.0, 8.0, 1991-12-18 00:00:00, 121.0, -1.0
1.0, 0.0, -9.5, 1.0, 1991-12-19 00:00:00, 126.0, -5.0
8.0, 0.0, -8.0, 8.0, 1991-12-20 00:00:00, 123.0, -1.5
0.0, 0.0, -5.0, 0.0, 1991-12-21 00:00:00, 125.0, -2.5
0.0, 0.0, -6.5, 0.0, 1991-12-22 00:00:00, 123.0, -1.5
0.0, 0.0, -4.5, 0.0, 1991-12-23 00:00:00, 120.0, -1.0
3.0, 0.0, -3.0, 3.0, 1991-12-24 00:00:00, 119.0, -0.5
4.0, 0.0, -2.5, 4.0, 1991-12-25 00:00:00, 121.0, 1.0
5.0, 0.0, -1.5, 5.0, 1991-12-26 00:00:00, 125.0, 2.0
0.0, 0.0, -1.5, 0.0, 1991-12-27 00:00:00, 126.0, 0.5
3.0, 0.0, -1.0, 3.0, 1991-12-28 00:00:00, 123.0, 2.0
1.0, 0.0, -3.0, 1.0, 1991-12-29 00:00:00, 125.0, -1.0
0.0, 0.0, -3.5, 0.0, 1991-12-30 00:00:00, 126.0, 0.0
6.0, 0.0, -4.5, 6.0, 1991-12-31 00:00:00, 125.0, -1.0
19.0, 0.0, -3.0, 19.0, 1992-01-01 00:00:00, 129.0, -1.5
0.0, 0.0, -5.5, 0.0, 1992-01-02 00:00:00, 145.0, -4.0
18.0, 0.0, -8.0, 18.0, 1992-01-03 00:00:00, 138.0, -2.0
2.0, 0.0, -6.0, 2.0, 1992-01-04 00:00:00, 151.0, -3.0
0.0, 0.0, -10.5, 0.0, 1992-01-05 00:00:00, 153.0, -7.0
0.0, 0.0, -13.0, 0.0, 1992-01-06 00:00:00, 149.0, -9.5
0.0, 0.0, -11.5, 0.0, 1992-01-07 00:00:00, 146.0, -4.5
3.0, 0.0, -6.5, 3.0, 1992-01-08 00:00:00, 142.0, 1.0
13.0, 0.0, -3.0, 13.0, 1992-01-09 00:00:00, 144.0, 2.0
19.0, 0.0, -2.5, 19.0, 1992-01-10 00:00:00, 152.0, -0.5
1.0, 0.0, -4.0, 1.0, 1992-01-11 00:00:00, 160.0, -3.5
1.0, 0.0, -7.0, 1.0, 1992-01-12 00:00:00, 155.0, -4.0
0.0, 0.0, -6.5, 0.0, 1992-01-13 00:00:00, 152.0, -2.5
4.0, 0.0, -5.0, 4.0, 1992-01-14 00:00:00, 150.0, -0.5
13.0, 0.0, -3.0, 13.0, 1992-01-15 00:00:00, 151.0, 1.0
0.0, 0.0, -7.0, 0.0, 1992-01-16 00:00:00, 162.0, -2.0
0.0, 0.0, -6.0, 0.0, 1992-01-17 00:00:00, 159.0, 0.0
0.0, 0.0, -1.5, 0.0, 1992-01-18 00:00:00, 157.0, 2.5
0.0, 0.0, -3.0, 0.0, 1992-01-19 00:00:00, 153.0, 2.0
22.0, 0.0, -4.0, 22.0, 1992-01-20 00:00:00, 152.0, 2.0
14.0, 0.0, -5.0, 14.0, 1992-01-21 00:00:00, 172.0, -2.5
31.0, 0.0, -8.0, 31.0, 1992-01-22 00:00:00, 181.0, -2.5
40.0, 0.0, -5.0, 40.0, 1992-01-23 00:00:00, 200.0, 0.0
9.0, 0.0, -3.0, 9.0, 1992-01-24 00:00:00, 235.0, 0.5
9.0, 0.0, -2.0, 9.0, 1992-01-25 00:00:00, 231.0, 0.0
13.0, 0.0, -5.0, 13.0, 1992-01-26 00:00:00, 228.0, -1.5
31.0, 0.0, -4.0, 31.0, 1992-01-27 00:00:00, 232.0, 1.0
21.0, 0.0, -2.5, 21.0, 1992-01-28 00:00:00, 248.0, 0.0
41.0, 0.0, -3.5, 41.0, 1992-01-29 00:00:00, 256.0, 0.0
20.0, 0.0, -2.5, 20.0, 1992-01-30 00:00:00, 278.0, 1.0
14.0, 0.0, -1.5, 14.0, 1992-01-31 00:00:00, 280.0, 2.0
10.0, 0.0, -2.0, 10.0, 1992-02-01 00:00:00, 270.0, 0.0
9.0, 0.0, -5.0, 9.0, 1992-02-02 00:00:00, 270.0, 2.0
0.0, 0.0, -1.5, 0.0, 1992-02-03 00:00:00, 265.0, 4.0
0.0, 0.0, -1.0, 0.0, 1992-02-04 00:00:00, 246.0, 5.0
0.0, 0.0, -4.5, 0.0, 1992-02-05 00:00:00, 242.0, 0.5
0.0, 0.0, -3.0, 0.0, 1992-02-06 00:00:00, 240.0, 3.0
0.0, 0.0, -2.5, 0.0, 1992-02-07 00:00:00, 238.0, 2.5
0.0, 0.0, -5.0, 0.0, 1992-02-08 00:00:00, 236.0, -1.0
0.0, 0.0, -5.0, 0.0, 1992-02-09 00:00:00, 233.0, -1.0
0.0, 0.0, -5.0, 0.0, 1992-02-10 00:00:00, 231.0, 1.5
2.0, 0.0, -1.0, 2.0, 1992-02-11 00:00:00, 229.0, 5.0
5.0, 0.0, -2.5, 5.0, 1992-02-12 00:00:00, 231.0, 2.5
0.0, 0.0, -3.0, 0.0, 1992-02-13 00:00:00, 233.0, 0.0
2.0, 0.0, -3.0, 2.0, 1992-02-14 00:00:00, 232.0, 1.0
4.0, 0.0, -3.5, 4.0, 1992-02-15 00:00:00, 234.0, -1.5
1.0, 0.0, -7.5, 1.0, 1992-02-16 00:00:00, 236.0, -3.0
38.0, 0.0, -5.0, 38.0, 1992-02-17 00:00:00, 235.0, -2.5
18.0, 0.0, -6.0, 18.0, 1992-02-18 00:00:00, 267.0, -3.0
0.0, 0.0, -10.0, 0.0, 1992-02-19 00:00:00, 270.0, -5.5
5.0, 0.0, -11.0, 5.0, 1992-02-20 00:00:00, 263.0, -0.5
30.0, 0.0, -6.0, 30.0, 1992-02-21 00:00:00, 263.0, 1.0
0.0, 0.0, -4.0, 0.0, 1992-02-22 00:00:00, 282.0, 0.5
8.0, 0.0, -7.5, 8.0, 1992-02-23 00:00:00, 274.0, -1.0
0.0, 0.0, -2.5, 0.0, 1992-02-24 00:00:00, 278.0, 3.0
0.0, 0.0, 1.0, 0.0, 1992-02-25 00:00:00, 265.0, 8.5
0.0, 0.0, 2.5, 0.0, 1992-02-26 00:00:00, 258.0, 10.5
0.0, 0.0, 4.0, 0.0, 1992-02-27 00:00:00, 247.0, 8.5
1.0, 0.0, 3.0, 1.0, 1992-02-28 00:00:00, 244.0, 7.0
6.0, 0.0, -0.5, 6.0, 1992-02-29 00:00:00, 242.0, 2.0
None, None, -1.0, 2.0, 1992-03-01 00:00:00, 249.0, 2.5
None, None, -1.0, 0.0, 1992-03-02 00:00:00, 245.0, 1.5
None, None, -2.5, 0.0, 1992-03-03 00:00:00, 240.0, 3.5
None, None, -3.0, 18.0, 1992-03-04 00:00:00, 239.0, 1.0
None, None, -1.5, 5.0, 1992-03-05 00:00:00, 255.0, 1.0
None, None, -1.0, 0.0, 1992-03-06 00:00:00, 250.0, 2.0
None, None, -4.5, 0.0, 1992-03-07 00:00:00, 244.0, 1.5
None, None, -2.5, 0.0, 1992-03-08 00:00:00, 243.0, 4.0
None, None, -1.0, 0.0, 1992-03-09 00:00:00, 243.0, 6.5
None, None, -0.5, 0.0, 1992-03-10 00:00:00, 242.0, 6.0
None, None, -1.0, 0.0, 1992-03-11 00:00:00, 242.0, 5.0
None, None, 1.0, 0.0, 1992-03-12 00:00:00, 241.0, 8.0
None, None, 2.0, 0.0, 1992-03-13 00:00:00, 239.0, 8.0
None, None, 2.5, 0.0, 1992-03-14 00:00:00, 237.0, 9.5
None, None, 2.0, 0.0, 1992-03-15 00:00:00, 236.0, 8.0
None, None, 0.5, 0.0, 1992-03-16 00:00:00, 235.0, 3.5
None, None, -1.5, 0.0, 1992-03-17 00:00:00, 230.0, 2.5
None, None, -4.5, 0.0, 1992-03-18 00:00:00, 229.0, 2.5
None, None, -1.5, 0.0, 1992-03-19 00:00:00, 229.0, 4.0
None, None, -3.0, 0.0, 1992-03-20 00:00:00, 228.0, 5.0
None, None, -3.0, 0.0, 1992-03-21 00:00:00, 228.0, 6.0
None, None, 0.0, 0.0, 1992-03-22 00:00:00, 227.0, 6.5
None, None, -0.5, 0.0, 1992-03-23 00:00:00, 227.0, 7.0
None, None, -0.5, 0.0, 1992-03-24 00:00:00, 226.0, 6.5
None, None, -0.5, 0.0, 1992-03-25 00:00:00, 226.0, 7.5
None, None, 0.0, 2.0, 1992-03-26 00:00:00, 226.0, 6.5
None, None, -5.5, 0.0, 1992-03-27 00:00:00, 228.0, -1.0
None, None, -9.0, 0.0, 1992-03-28 00:00:00, 227.0, -0.5
None, None, -5.0, 0.0, 1992-03-29 00:00:00, 227.0, 5.0
None, None, 1.0, 0.0, 1992-03-30 00:00:00, 226.0, 7.0
None, None, 1.5, 0.0, 1992-03-31 00:00:00, 225.0, 6.5
0.0, 0.0, 2.5, 0.0, 1992-04-01 00:00:00, 224.0, 11.0
0.0, 0.0, 4.5, 0.0, 1992-04-02 00:00:00, 222.0, 12.5
2.0, 0.0, -1.5, 2.0, 1992-04-03 00:00:00, 219.0, 2.5
6.0, 0.0, -4.5, 6.0, 1992-04-04 00:00:00, 221.0, -2.0
11.0, 0.0, -6.0, 11.0, 1992-04-05 00:00:00, 226.0, -2.0
0.0, 0.0, -9.0, 0.0, 1992-04-06 00:00:00, 235.0, -2.0
0.0, 0.0, -9.0, 0.0, 1992-04-07 00:00:00, None, 0.0
0.0, 0.0, -8.5, 0.0, 1992-04-08 00:00:00, 228.0, 2.0
0.0, 0.0, -7.0, 0.0, 1992-04-09 00:00:00, 227.0, 4.0
0.0, 0.0, -5.0, 0.0, 1992-04-10 00:00:00, 226.0, 3.0
5.0, 0.0, -6.5, 5.0, 1992-04-11 00:00:00, 225.0, 2.0
0.0, 0.0, -2.5, 0.0, 1992-04-12 00:00:00, 230.0, 3.0
0.0, 0.0, -1.0, 0.0, 1992-04-13 00:00:00, 224.0, 3.5
None, None, 0.0, 1.0, 1992-04-14 00:00:00, 220.0, 4.0
None, None, 0.0, 0.0, 1992-04-15 00:00:00, 221.0, 3.5
None, None, 1.0, 2.0, 1992-04-16 00:00:00, 216.0, 3.5
0.0, 0.0, -1.0, 0.0, 1992-04-17 00:00:00, 217.0, 3.0
0.0, 0.0, -2.5, 0.0, 1992-04-18 00:00:00, 215.0, 5.0
3.0, 0.0, -2.0, 3.0, 1992-04-19 00:00:00, 214.0, 6.0
0.0, 0.0, -1.0, 0.0, 1992-04-20 00:00:00, 216.0, 3.5
1.0, 0.0, -6.0, 1.0, 1992-04-21 00:00:00, 216.0, 1.0
6.0, 0.0, -4.5, 6.0, 1992-04-22 00:00:00, 216.0, -1.0
0.0, 0.0, -6.0, 0.0, 1992-04-23 00:00:00, 220.0, 2.5
0.0, 0.0, -2.5, 0.0, 1992-04-24 00:00:00, 217.0, 5.5
None, None, 2.0, 0.0, 1992-04-25 00:00:00, 212.0, 11.0
None, None, 2.5, 0.0, 1992-04-26 00:00:00, 205.0, 5.0
None, None, 3.0, 0.0, 1992-04-27 00:00:00, 193.0, None
None, None, 2.0, 0.0, 1992-04-28 00:00:00, 190.0, None
None, None, 1.5, 0.0, 1992-04-29 00:00:00, 187.0, None
None, None, -2.0, 0.0, 1992-04-30 00:00:00, 186.0, 1.0
22.0, 0.0, None, 22.0, 1992-11-21 00:00:00, 59.0, -2.0
0.0, 0.0, -6.5, 0.0, 1992-11-22 00:00:00, 68.0, -4.0
0.0, 0.0, -10.0, 0.0, 1992-11-23 00:00:00, 61.0, -3.0
0.0, 0.0, -6.0, 0.0, 1992-11-24 00:00:00, 57.0, 0.5
0.0, 0.0, -5.0, 0.0, 1992-11-25 00:00:00, 54.0, 0.0
None, None, -3.5, None, 1992-11-26 00:00:00, 50.0, 2.5
4.0, 0.0, -1.0, 4.0, 1992-11-27 00:00:00, 45.0, 1.5
0.0, 0.0, -6.0, 0.0, 1992-11-28 00:00:00, 47.0, -3.0
27.0, 0.0, -6.5, 27.0, 1992-11-29 00:00:00, 46.0, -2.5
1.0, 0.0, -7.0, 1.0, 1992-11-30 00:00:00, 67.0, -3.0
0.0, 0.0, -10.5, 0.0, 1992-12-01 00:00:00, 65.0, -5.0
0.0, 0.0, -9.0, 0.0, 1992-12-02 00:00:00, 61.0, -5.0
0.0, 0.0, -9.0, 0.0, 1992-12-03 00:00:00, 60.0, -3.5
0.0, 0.0, -7.0, 0.0, 1992-12-04 00:00:00, 56.0, 0.0
0.0, 0.0, -5.5, 0.0, 1992-12-05 00:00:00, 55.0, -3.0
1.0, 0.0, -7.5, 1.0, 1992-12-06 00:00:00, 54.0, 0.5
16.0, 0.0, -6.0, 16.0, 1992-12-07 00:00:00, 55.0, -3.5
11.0, 0.0, -7.0, 11.0, 1992-12-08 00:00:00, 68.0, -4.0
1.0, 0.0, -8.0, 1.0, 1992-12-09 00:00:00, 73.0, -5.5
0.0, 0.0, -11.0, 0.0, 1992-12-10 00:00:00, 73.0, -6.5
0.0, 0.0, -11.0, 0.0, 1992-12-11 00:00:00, 69.0, -6.0
1.0, 0.0, -11.0, 1.0, 1992-12-12 00:00:00, 66.0, -5.0
5.0, 0.0, -7.5, 5.0, 1992-12-13 00:00:00, 65.0, -1.0
0.0, 0.0, -6.0, 0.0, 1992-12-14 00:00:00, 67.0, -3.0
2.0, 0.0, -11.5, 2.0, 1992-12-15 00:00:00, 66.0, -6.0
7.0, 0.0, -11.0, 7.0, 1992-12-16 00:00:00, 68.0, -6.0
0.0, 0.0, -11.0, 0.0, 1992-12-17 00:00:00, 70.0, -9.0
4.0, 0.0, -17.0, 4.0, 1992-12-18 00:00:00, 68.0, -9.5
15.0, 0.0, -14.5, 15.0, 1992-12-19 00:00:00, 71.0, -5.5
0.0, 0.0, -7.5, 0.0, 1992-12-20 00:00:00, 83.0, -5.0
2.0, 0.0, -9.0, 2.0, 1992-12-21 00:00:00, 80.0, -2.5
0.0, 0.0, -7.0, 0.0, 1992-12-22 00:00:00, 80.0, 0.0
0.0, 0.0, -4.5, 0.0, 1992-12-23 00:00:00, 76.0, 0.0
0.0, 0.0, -6.0, 0.0, 1992-12-24 00:00:00, 75.0, -2.0
10.0, 0.0, -8.5, 10.0, 1992-12-25 00:00:00, 74.0, -5.0
1.0, 0.0, -7.5, 1.0, 1992-12-26 00:00:00, 83.0, -5.0
2.0, 0.0, -13.0, 2.0, 1992-12-27 00:00:00, 83.0, -10.0
12.0, 0.0, -21.5, 12.0, 1992-12-28 00:00:00, 80.0, -18.5
1.0, 0.0, -22.0, 1.0, 1992-12-29 00:00:00, 88.0, -15.0
0.0, 0.0, -19.5, 0.0, 1992-12-30 00:00:00, 88.0, -11.0
0.0, 0.0, -16.0, 0.0, 1992-12-31 00:00:00, 85.0, -10.0
0.0, 0.0, -14.5, 0.0, 1993-01-01 00:00:00, 83.0, -11.0
7.0, 0.0, -16.5, 7.0, 1993-01-02 00:00:00, 81.0, -11.0
16.0, 0.0, -15.0, 16.0, 1993-01-03 00:00:00, 85.0, -9.0
0.0, 0.0, -15.5, 0.0, 1993-01-04 00:00:00, 95.0, -13.0
0.0, 0.0, -22.5, 0.0, 1993-01-05 00:00:00, 90.0, -8.0
0.0, 0.0, -17.5, 0.0, 1993-01-06 00:00:00, 87.0, -3.5
0.0, 0.0, -9.0, 0.0, 1993-01-07 00:00:00, 86.0, -3.5
0.0, 0.0, -15.0, 0.0, 1993-01-08 00:00:00, 80.0, -10.0
0.0, 0.0, -16.0, 0.0, 1993-01-09 00:00:00, 75.0, -9.0
0.0, 0.0, -14.0, 0.0, 1993-01-10 00:00:00, 75.0, -9.0
0.0, 0.0, -16.0, 0.0, 1993-01-11 00:00:00, 75.0, -11.5
0.0, 0.0, -16.0, 0.0, 1993-01-12 00:00:00, 74.0, -12.0
0.0, 0.0, -19.0, 0.0, 1993-01-13 00:00:00, 74.0, -12.0
0.0, 0.0, -15.0, 0.0, 1993-01-14 00:00:00, 74.0, -5.0
0.0, 0.0, -9.0, 0.0, 1993-01-15 00:00:00, 74.0, -4.5
0.0, 0.0, -9.0, 0.0, 1993-01-16 00:00:00, 74.0, -4.0
0.0, 0.0, -9.0, 0.0, 1993-01-17 00:00:00, 74.0, -5.0
1.0, 0.0, -8.0, 1.0, 1993-01-18 00:00:00, 74.0, -1.5
12.0, 0.0, -8.0, 12.0, 1993-01-19 00:00:00, 75.0, -2.0
32.0, 0.0, -5.0, 32.0, 1993-01-20 00:00:00, 84.0, -3.0
7.0, 0.0, -7.5, 7.0, 1993-01-21 00:00:00, 108.0, -6.0
1.0, 0.0, -14.0, 1.0, 1993-01-22 00:00:00, 108.0, -9.0
5.0, 0.0, -13.0, 5.0, 1993-01-23 00:00:00, 104.0, -5.0
52.0, 0.0, -7.0, 52.0, 1993-01-24 00:00:00, 107.0, 0.0
3.0, 0.0, -6.0, 3.0, 1993-01-25 00:00:00, 148.0, 0.0
54.0, 0.0, -5.0, 54.0, 1993-01-26 00:00:00, 142.0, 0.0
12.0, 0.0, -2.5, 12.0, 1993-01-27 00:00:00, 186.0, 0.0
0.0, 0.0, -3.5, 0.0, 1993-01-28 00:00:00, 185.0, 1.0
0.0, 0.0, -4.5, 0.0, 1993-01-29 00:00:00, 175.0, 1.0
0.0, 0.0, -2.0, 0.0, 1993-01-30 00:00:00, 168.0, 6.0
0.0, 0.0, 0.0, 0.0, 1993-01-31 00:00:00, 160.0, 4.0
0.0, 0.0, -2.0, 0.0, 1993-02-01 00:00:00, None, 0.0
0.0, 0.0, -2.5, 0.0, 1993-02-02 00:00:00, None, 3.0
0.0, 0.0, -1.0, 0.0, 1993-02-03 00:00:00, None, 3.0
0.0, 0.0, -1.0, 0.0, 1993-02-04 00:00:00, None, 7.0
2.0, 0.0, 0.5, 2.0, 1993-02-05 00:00:00, None, 3.0
0.0, 0.0, -1.5, 0.0, 1993-02-06 00:00:00, None, 2.0
0.0, 0.0, -1.0, 0.0, 1993-02-07 00:00:00, None, 5.0
0.0, 0.0, -3.5, 0.0, 1993-02-08 00:00:00, None, 1.0
6.0, 0.0, -3.5, 6.0, 1993-02-09 00:00:00, None, 1.0
0.0, 0.0, -5.0, 0.0, 1993-02-10 00:00:00, None, -0.5
0.0, 0.0, -5.5, 0.0, 1993-02-11 00:00:00, None, 0.0
0.0, 0.0, -5.5, 0.0, 1993-02-12 00:00:00, None, -1.0
0.0, 0.0, -7.0, 0.0, 1993-02-13 00:00:00, None, -2.0
0.0, 0.0, -8.5, 0.0, 1993-02-14 00:00:00, None, -4.5
0.0, 0.0, -15.5, 0.0, 1993-02-15 00:00:00, None, -10.0
0.0, 0.0, -15.5, 0.0, 1993-02-16 00:00:00, None, -8.5
0.0, 0.0, -15.5, 0.0, 1993-02-17 00:00:00, None, -8.0
0.0, 0.0, -14.5, 0.0, 1993-02-18 00:00:00, None, -8.5
2.0, 0.0, -14.0, 2.0, 1993-02-19 00:00:00, None, -10.0
2.0, 0.0, -16.0, 2.0, 1993-02-20 00:00:00, None, -12.0
0.0, 0.0, -17.0, 0.0, 1993-02-21 00:00:00, None, -8.0
0.0, 0.0, -12.0, 0.0, 1993-02-22 00:00:00, None, -7.5
0.0, 0.0, -17.0, 0.0, 1993-02-23 00:00:00, None, -11.0
0.0, 0.0, -17.0, 0.0, 1993-02-24 00:00:00, None, -4.5
0.0, 0.0, -13.0, 0.0, 1993-02-25 00:00:00, None, -6.5
0.0, 0.0, -12.0, 0.0, 1993-02-26 00:00:00, None, -4.0
0.0, 0.0, -7.5, 0.0, 1993-02-27 00:00:00, None, -2.0
1.0, 0.0, -6.0, 1.0, 1993-02-28 00:00:00, None, 2.0
6.5, 0.0, -5.5, 6.5, 1993-03-01 00:00:00, None, -1.0
9.0, 0.0, -7.0, 9.0, 1993-03-02 00:00:00, None, -2.0
36.0, 0.0, -4.5, 36.0, 1993-03-03 00:00:00, None, 0.5
21.0, 0.0, -3.0, 21.0, 1993-03-04 00:00:00, None, 1.0
0.0, 0.0, -4.5, 0.0, 1993-03-05 00:00:00, None, 3.5
0.0, 0.0, 0.5, 0.0, 1993-03-06 00:00:00, None, 6.0
0.0, 0.0, -1.0, 0.0, 1993-03-07 00:00:00, None, 4.0
0.0, 0.0, -1.0, 0.0, 1993-03-08 00:00:00, None, 3.0
0.0, 0.0, -6.0, 0.0, 1993-03-09 00:00:00, None, 1.0
0.0, 0.0, -8.0, 0.0, 1993-03-10 00:00:00, None, 0.5
0.0, 0.0, -9.0, 0.0, 1993-03-11 00:00:00, None, -0.5
0.0, 0.0, -5.5, 0.0, 1993-03-12 00:00:00, None, 3.0
2.0, 0.0, -5.5, 2.0, 1993-03-13 00:00:00, None, 4.0
10.0, 0.0, -5.0, 10.0, 1993-03-14 00:00:00, None, -1.0
4.0, 0.0, -8.5, 4.0, 1993-03-15 00:00:00, None, -2.5
8.0, 0.0, -10.5, 8.0, 1993-03-16 00:00:00, None, -3.0
27.0, 0.0, -8.0, 27.0, 1993-03-17 00:00:00, None, 0.0
0.0, 0.0, -7.0, 0.0, 1993-03-18 00:00:00, None, -1.5
3.0, 0.0, -8.0, 3.0, 1993-03-19 00:00:00, None, 4.0
7.0, 0.0, -3.5, 7.0, 1993-03-20 00:00:00, None, 1.0
7.0, 0.0, -4.5, 7.0, 1993-03-21 00:00:00, None, 1.5
29.0, 0.0, -2.5, 29.0, 1993-03-22 00:00:00, None, 1.0
13.0, 0.0, -3.0, 13.0, 1993-03-23 00:00:00, None, -0.5
0.0, 0.0, -8.0, 0.0, 1993-03-24 00:00:00, None, -1.5
0.0, 0.0, -8.5, 0.0, 1993-03-25 00:00:00, None, 1.0
2.0, 0.0, -8.0, 2.0, 1993-03-26 00:00:00, None, 0.5
2.0, 0.0, -5.5, 2.0, 1993-03-27 00:00:00, None, 1.0
0.0, 0.0, -7.5, 0.0, 1993-03-28 00:00:00, None, 2.0
0.0, 0.0, -5.5, 0.0, 1993-03-29 00:00:00, None, 2.5
2.0, 0.0, -6.0, 2.0, 1993-03-30 00:00:00, None, 0.0
2.0, 0.0, -8.0, 2.0, 1993-03-31 00:00:00, None, 3.0
1.0, 0.0, None, 1.0, 1993-11-19 00:00:00, None, -0.5
21.0, 0.0, -2.0, 21.0, 1993-11-20 00:00:00, 24.0, 1.0
16.0, 0.0, -7.0, 16.0, 1993-11-21 00:00:00, 38.0, 1.0
0.0, 0.0, -26.0, 0.0, 1993-11-22 00:00:00, 45.0, -7.0
0.0, 0.0, -21.0, 0.0, 1993-11-23 00:00:00, 43.0, -7.5
0.0, 0.0, -13.0, 0.0, 1993-11-24 00:00:00, 43.0, -3.5
0.0, 0.0, -7.0, 0.0, 1993-11-25 00:00:00, 40.0, 0.5
16.0, 0.0, -3.0, 16.0, 1993-11-26 00:00:00, 39.0, 1.0
2.0, 0.0, -12.0, 2.0, 1993-11-27 00:00:00, 53.0, 1.0
8.0, 0.0, -2.0, 8.0, 1993-11-28 00:00:00, 52.0, 2.0
10.0, 0.0, -4.0, 10.0, 1993-11-29 00:00:00, 50.0, 0.0
7.0, 0.0, -8.0, 7.0, 1993-11-30 00:00:00, 55.0, -2.0
7.0, 0.0, -5.0, 7.0, 1993-12-01 00:00:00, 60.0, -0.5
6.5, 0.0, -5.0, 6.5, 1993-12-02 00:00:00, 64.0, 2.5
18.0, 0.0, -4.5, 18.0, 1993-12-03 00:00:00, 61.0, 3.5
1.0, 0.0, -5.5, 1.0, 1993-12-04 00:00:00, 72.0, -4.0
1.0, 0.0, -10.0, 1.0, 1993-12-05 00:00:00, 73.0, -5.0
11.0, 0.0, -12.0, 11.0, 1993-12-06 00:00:00, 74.0, -3.0
8.0, 0.0, -8.0, 8.0, 1993-12-07 00:00:00, 76.0, -2.0
16.0, 0.0, -7.0, 16.0, 1993-12-08 00:00:00, 79.0, -3.0
23.0, 0.0, -4.0, 23.0, 1993-12-09 00:00:00, 91.0, 2.0
12.0, 0.0, -3.0, 12.0, 1993-12-10 00:00:00, 97.0, 1.0
26.0, 0.0, -4.0, 26.0, 1993-12-11 00:00:00, 100.0, -1.5
25.0, 0.0, -9.5, 25.0, 1993-12-12 00:00:00, 124.0, -2.0
35.0, 0.0, -6.5, 35.0, 1993-12-13 00:00:00, 127.0, -2.0
0.0, 0.0, -3.5, 0.0, 1993-12-14 00:00:00, 147.0, -1.0
0.0, 0.0, -7.0, 0.0, 1993-12-15 00:00:00, 131.0, -4.5
0.0, 0.0, -6.0, 0.0, 1993-12-16 00:00:00, 130.0, -3.0
0.0, 0.0, -6.5, 0.0, 1993-12-17 00:00:00, 130.0, -1.5
0.0, 0.0, -4.0, 0.0, 1993-12-18 00:00:00, 115.0, 1.0
0.0, 0.0, -3.5, 0.0, 1993-12-19 00:00:00, 115.0, 3.0
0.0, 0.0, -5.0, 0.0, 1993-12-20 00:00:00, 115.0, -3.0
1.0, 0.0, -7.5, 1.0, 1993-12-21 00:00:00, 114.0, -1.0
0.0, 0.0, -5.5, 0.0, 1993-12-22 00:00:00, 115.0, -1.0
0.0, 0.0, -4.0, 0.0, 1993-12-23 00:00:00, 115.0, 2.5
0.0, 0.0, -1.0, 0.0, 1993-12-24 00:00:00, 106.0, 3.5
0.0, 0.0, -2.0, 0.0, 1993-12-25 00:00:00, 105.0, 2.0
0.0, 0.0, -2.5, 0.0, 1993-12-26 00:00:00, 104.0, 2.5
0.0, 0.0, -3.5, 0.0, 1993-12-27 00:00:00, 100.0, 0.5
1.0, 0.0, -4.0, 1.0, 1993-12-28 00:00:00, 100.0, 1.0
12.0, 0.0, -2.0, 12.0, 1993-12-29 00:00:00, 101.0, 1.0
2.0, 0.0, -2.5, 2.0, 1993-12-30 00:00:00, 111.0, -0.5
10.0, 0.0, -4.0, 10.0, 1993-12-31 00:00:00, None, -1.0
2.5, 0.0, -3.0, 2.5, 1994-01-01 00:00:00, 118.0, 0.0
10.0, 0.0, -3.0, 10.0, 1994-01-02 00:00:00, 118.0, 1.0
33.0, 0.0, -5.0, 33.0, 1994-01-03 00:00:00, 122.0, 0.0
22.0, 0.0, -5.0, 22.0, 1994-01-04 00:00:00, 150.0, 0.0
0.0, 0.0, -6.0, 0.0, 1994-01-05 00:00:00, 158.0, 0.0
1.0, 0.0, -9.5, 1.0, 1994-01-06 00:00:00, 153.0, -3.0
10.0, 0.0, -5.0, 10.0, 1994-01-07 00:00:00, 151.0, -2.0
4.5, 0.0, -6.0, 4.5, 1994-01-08 00:00:00, 151.0, 0.0
3.0, 0.0, -2.0, 3.0, 1994-01-09 00:00:00, 150.0, 0.0
7.0, 0.0, -4.0, 7.0, 1994-01-10 00:00:00, 147.0, -1.0
2.0, 0.0, -2.0, 2.0, 1994-01-11 00:00:00, 148.0, 0.5
0.0, 0.0, -2.5, 0.0, 1994-01-12 00:00:00, 146.0, 1.5
0.0, 0.0, -0.5, 0.0, 1994-01-13 00:00:00, 140.0, 3.5
0.5, 0.0, 0.0, 0.5, 1994-01-14 00:00:00, 130.0, 5.0
3.5, 0.0, -2.0, 3.5, 1994-01-15 00:00:00, 130.0, 0.0
0.0, 0.0, -2.0, 0.0, 1994-01-16 00:00:00, 134.0, 0.0
0.0, 0.0, -2.0, 0.0, 1994-01-17 00:00:00, 132.0, 1.0
0.0, 0.0, -4.0, 0.0, 1994-01-18 00:00:00, 130.0, -1.0
0.0, 0.0, -5.0, 0.0, 1994-01-19 00:00:00, 129.0, 1.5
0.0, 0.0, -2.5, 0.0, 1994-01-20 00:00:00, 129.0, 6.0
6.0, 0.0, 1.0, 6.0, 1994-01-21 00:00:00, 129.0, 5.0
10.0, 0.0, -1.5, 10.0, 1994-01-22 00:00:00, 131.0, 1.5
6.0, 0.0, -1.0, 6.0, 1994-01-23 00:00:00, 140.0, 1.5
0.0, 0.0, -4.0, 0.0, 1994-01-24 00:00:00, 140.0, 4.0
0.0, 0.0, -2.0, 0.0, 1994-01-25 00:00:00, 138.0, 1.5
0.0, 0.0, -2.0, 0.0, 1994-01-26 00:00:00, 136.0, 0.0
0.0, 0.0, -6.0, 0.0, 1994-01-27 00:00:00, 135.0, 1.5
0.0, 0.0, -4.0, 0.0, 1994-01-28 00:00:00, 134.0, 5.0
0.0, 0.0, 2.0, 0.0, 1994-01-29 00:00:00, 132.0, 4.0
0.0, 0.0, -7.0, 0.0, 1994-01-30 00:00:00, 131.0, -1.0
0.0, 0.0, -2.0, 0.0, 1994-01-31 00:00:00, 131.0, 3.0
0.0, 0.0, -3.0, 0.0, 1994-02-01 00:00:00, 129.0, 0.5
0.0, 0.0, -4.0, 0.0, 1994-02-02 00:00:00, 128.0, -1.0
0.0, 0.0, -5.0, 0.0, 1994-02-03 00:00:00, 128.0, 1.0
0.0, 0.0, -6.0, 0.0, 1994-02-04 00:00:00, 128.0, -1.0
0.0, 0.0, -6.0, 0.0, 1994-02-05 00:00:00, 127.0, 0.5
0.0, 0.0, -11.0, 0.0, 1994-02-06 00:00:00, 127.0, -7.0
0.0, 0.0, -18.0, 0.0, 1994-02-07 00:00:00, 127.0, -12.0
28.0, 0.0, -17.0, 28.0, 1994-02-08 00:00:00, 127.0, -9.0
0.0, 0.0, -13.0, 0.0, 1994-02-09 00:00:00, 155.0, -5.0
0.0, 0.0, -10.0, 0.0, 1994-02-10 00:00:00, 149.0, -4.5
12.0, 0.0, -10.0, 12.0, 1994-02-11 00:00:00, 146.0, -4.0
57.0, 0.0, -7.0, 57.0, 1994-02-12 00:00:00, 149.0, -3.5
11.0, 0.0, -6.5, 11.0, 1994-02-13 00:00:00, 189.0, -4.0
81.0, 0.0, -9.0, 81.0, 1994-02-14 00:00:00, 183.0, -3.0
20.0, 0.0, -4.0, 20.0, 1994-02-15 00:00:00, 250.0, -2.0
64.0, 0.0, -7.0, 64.0, 1994-02-16 00:00:00, 230.0, 0.0
8.0, 0.0, -2.0, 8.0, 1994-02-17 00:00:00, 262.0, 1.0
9.0, 0.0, -8.0, 9.0, 1994-02-18 00:00:00, 251.0, -3.0
6.5, 0.0, -10.0, 6.5, 1994-02-19 00:00:00, 245.0, -3.5
33.0, 0.0, -9.0, 33.0, 1994-02-20 00:00:00, 239.0, -4.0
12.5, 0.0, -6.5, 12.5, 1994-02-21 00:00:00, 254.0, -2.0
8.5, 0.0, -9.0, 8.5, 1994-02-22 00:00:00, 251.0, -4.0
0.0, 0.0, -11.5, 0.0, 1994-02-23 00:00:00, 244.0, -3.5
5.5, 0.0, -17.0, 5.5, 1994-02-24 00:00:00, 238.0, -12.0
4.5, 0.0, -17.0, 4.5, 1994-02-25 00:00:00, 237.0, -3.0
5.5, 0.0, -5.0, 5.5, 1994-02-26 00:00:00, 234.0, -1.0
4.0, 0.0, -3.5, 4.0, 1994-02-27 00:00:00, 236.0, 0.5
5.0, 0.0, -1.0, 5.0, 1994-02-28 00:00:00, 232.0, 2.0
1.0, 0.0, -0.5, 1.0, 1994-03-01 00:00:00, None, 4.5
0.0, 0.0, -0.5, 0.0, 1994-03-02 00:00:00, 215.0, 3.0
17.5, 0.0, -3.5, 17.5, 1994-03-03 00:00:00, 211.0, 1.5
4.0, 0.0, -5.0, 4.0, 1994-03-04 00:00:00, None, -1.5
0.0, 0.0, -10.0, 0.0, 1994-03-05 00:00:00, 228.0, -5.0
0.0, 0.0, -11.0, 0.0, 1994-03-06 00:00:00, 215.0, -3.0
0.0, 0.0, -8.0, 0.0, 1994-03-07 00:00:00, 212.0, -1.0
0.0, 0.0, -5.0, 0.0, 1994-03-08 00:00:00, 210.0, 3.0
3.0, 0.0, -4.5, 3.0, 1994-03-09 00:00:00, 209.0, 6.0
2.0, 0.0, -3.5, 2.0, 1994-03-10 00:00:00, 210.0, 0.5
0.0, 0.0, -6.5, 0.0, 1994-03-11 00:00:00, 210.0, 1.0
0.0, 0.0, -1.0, 0.0, 1994-03-12 00:00:00, 209.0, 2.0
0.0, 0.0, -0.5, 0.0, 1994-03-13 00:00:00, 203.0, 2.0
0.0, 0.0, -4.0, 0.0, 1994-03-14 00:00:00, 200.0, 4.0
11.0, 0.0, -2.0, 11.0, 1994-03-15 00:00:00, 200.0, 2.0
8.5, 0.0, -4.5, 8.5, 1994-03-16 00:00:00, 209.0, -1.5
18.0, 0.0, -6.0, 18.0, 1994-03-17 00:00:00, 212.0, -3.5
4.5, 0.0, -7.5, 4.5, 1994-03-18 00:00:00, 219.0, -3.0
4.5, 0.0, -10.5, 4.5, 1994-03-19 00:00:00, 217.0, -3.0
42.0, 0.0, -7.0, 42.0, 1994-03-20 00:00:00, 218.0, -3.0
18.0, 0.0, -6.5, 18.0, 1994-03-21 00:00:00, 252.0, -4.5
0.5, 0.0, -12.0, 0.5, 1994-03-22 00:00:00, 252.0, -6.0
0.0, 0.0, -12.0, 0.0, 1994-03-23 00:00:00, 246.0, -3.0
0.0, 0.0, -10.0, 0.0, 1994-03-24 00:00:00, 239.0, 0.0
0.0, 0.0, -6.0, 0.0, 1994-03-25 00:00:00, 230.0, 6.0
0.0, 0.0, 0.5, 0.0, 1994-03-26 00:00:00, 230.0, 9.0
0.0, 0.0, 2.5, 0.0, 1994-03-27 00:00:00, 225.0, 10.0
0.0, 0.0, 1.5, 0.0, 1994-03-28 00:00:00, 220.0, 9.5
0.0, 0.0, 3.0, 0.0, 1994-03-29 00:00:00, 218.0, 10.5
0.0, 0.0, 3.5, 0.0, 1994-03-30 00:00:00, 215.0, 10.0
0.0, 0.0, 3.0, 0.0, 1994-03-31 00:00:00, None, 8.0
None, None, 0.0, 0.0, 1994-04-01 00:00:00, 209.0, 10.0
None, None, 0.0, 0.0, 1994-04-02 00:00:00, 208.0, 2.0
None, None, -2.0, 5.0, 1994-04-03 00:00:00, 208.0, 1.5
None, None, -2.0, 6.0, 1994-04-04 00:00:00, 208.0, 2.0
None, None, -5.5, 3.0, 1994-04-05 00:00:00, 213.0, -1.0
None, None, -4.0, 6.5, 1994-04-06 00:00:00, 212.0, 1.0
None, None, -3.0, 1.0, 1994-04-07 00:00:00, 213.0, 1.0
None, None, -5.0, 3.0, 1994-04-08 00:00:00, 210.0, 1.0
None, None, -3.0, 0.0, 1994-04-09 00:00:00, 212.0, 3.0
None, None, -3.5, 0.0, 1994-04-10 00:00:00, 207.0, 3.0
None, None, -1.5, 19.0, 1994-04-11 00:00:00, 206.0, 3.0
None, None, -3.0, 1.0, 1994-04-12 00:00:00, 224.0, 2.0
None, None, -4.0, 0.0, 1994-04-13 00:00:00, 215.0, 1.0
None, None, -6.0, 0.0, 1994-04-14 00:00:00, 213.0, 1.0
None, None, -4.0, 0.0, 1994-04-15 00:00:00, 211.0, 4.0
None, None, 1.0, 0.0, 1994-04-16 00:00:00, 207.0, 14.0
None, None, 3.0, 0.0, 1994-04-17 00:00:00, 203.0, 13.0
None, None, 3.0, 0.0, 1994-04-18 00:00:00, 200.0, 12.5
None, None, 2.0, 0.0, 1994-04-19 00:00:00, None, 4.0
None, None, 0.0, 0.0, 1994-04-20 00:00:00, None, 8.0
None, None, 1.0, 0.0, 1994-04-21 00:00:00, None, 4.0
None, None, -2.0, 0.0, 1994-04-22 00:00:00, 189.0, 5.0
None, None, -2.0, 0.0, 1994-04-23 00:00:00, 186.0, 11.0
None, None, 1.0, 0.0, 1994-04-24 00:00:00, 183.0, 3.5
None, None, 1.0, 0.0, 1994-04-25 00:00:00, None, 5.0
None, None, 2.0, 0.0, 1994-04-26 00:00:00, 180.0, 9.5
None, None, 0.0, 0.0, 1994-04-27 00:00:00, 178.0, 9.0
None, None, 1.5, 0.0, 1994-04-28 00:00:00, 175.0, 9.0
None, None, 1.5, 4.0, 1994-04-29 00:00:00, 172.0, 8.0
None, None, -2.0, 0.0, 1994-04-30 00:00:00, 172.0, 5.0
None, None, -3.0, 0.0, 1994-05-01 00:00:00, 172.0, 6.0
None, None, -2.5, 0.0, 1994-05-02 00:00:00, 172.0, 7.5
None, None, -3.5, 0.0, 1994-05-03 00:00:00, 172.0, 11.0
None, None, 1.0, 0.0, 1994-05-04 00:00:00, 169.0, 8.0
None, None, 0.5, 0.0, 1994-05-05 00:00:00, 165.0, 14.0
None, None, 4.5, 0.0, 1994-05-06 00:00:00, 164.0, 17.5
None, None, 3.0, 0.0, 1994-05-07 00:00:00, 160.0, 15.0
None, None, 6.0, 0.0, 1994-05-08 00:00:00, 147.0, 18.0
None, None, 5.0, 0.0, 1994-05-09 00:00:00, 138.0, 15.0
None, None, None, 0.0, 1994-05-10 00:00:00, None, 9.0
None, None, 5.0, 0.0, 1994-05-11 00:00:00, 131.0, 17.5
None, None, 0.0, 0.0, 1994-05-12 00:00:00, 125.0, 8.5
None, None, -1.0, 0.0, 1994-05-13 00:00:00, None, 7.0
None, None, -1.0, 0.0, 1994-05-14 00:00:00, None, 10.0
None, None, 1.0, 0.0, 1994-05-15 00:00:00, None, 6.0
None, None, 1.0, 0.0, 1994-05-16 00:00:00, 115.0, 9.0
None, None, 1.5, 0.0, 1994-05-17 00:00:00, 113.0, 8.0
None, None, 4.0, 0.0, 1994-05-18 00:00:00, 109.0, 10.0
None, None, None, 0.0, 1994-05-19 00:00:00, None, 8.0
None, None, 4.0, 0.0, 1994-05-20 00:00:00, 101.0, 10.0
None, None, 2.0, 0.0, 1994-05-21 00:00:00, None, 5.0
None, None, 3.0, 0.0, 1994-05-22 00:00:00, 100.0, 9.5
None, None, 3.0, 0.0, 1994-05-23 00:00:00, 92.0, 14.0
None, None, None, 0.0, 1994-05-24 00:00:00, None, None
None, None, None, 0.0, 1994-05-25 00:00:00, None, None
None, None, None, 0.0, 1994-05-26 00:00:00, None, None
None, None, None, 0.0, 1994-05-27 00:00:00, None, None
None, None, None, 0.0, 1994-05-28 00:00:00, None, None
None, None, None, 0.0, 1994-05-29 00:00:00, None, None
None, None, None, 0.0, 1994-05-30 00:00:00, None, None
None, None, None, 0.0, 1994-05-31 00:00:00, None, None
