station_observations
ONE_DAY_PRECIPITATION, ONE_DAY_RAIN, MIN_TEMP, ONE_DAY_SNOW, time, SNOW_ON_THE_GROUND, MAX_TEMP
1.8, 1.8, 2.5, 0.0, 1982-04-01 00:00:00, 0.0, 10.5
21.0, 21.0, 3.0, 0.0, 1982-04-02 00:00:00, 0.0, 14.0
20.2, 20.2, 3.0, 0.0, 1982-04-03 00:00:00, 0.0, 5.5
7.2, 7.2, 2.5, 0.0, 1982-04-04 00:00:00, 0.0, 11.5
0.0, 0.0, 1.0, 0.0, 1982-04-05 00:00:00, 0.0, 12.0
0.0, 0.0, 0.5, 0.0, 1982-04-06 00:00:00, 0.0, 13.5
0.0, 0.0, 5.0, 0.0, 1982-04-07 00:00:00, 0.0, 13.5
0.0, 0.0, 0.0, 0.0, 1982-04-08 00:00:00, 0.0, 12.5
0.0, 0.0, 0.0, 0.0, 1982-04-09 00:00:00, 0.0, 15.0
2.0, 2.0, 4.0, 0.0, 1982-04-10 00:00:00, 0.0, 13.0
15.4, 15.4, 4.0, 0.0, 1982-04-11 00:00:00, 0.0, 9.0
2.6, 2.6, 5.5, 0.0, 1982-04-12 00:00:00, 0.0, 10.0
13.0, 13.0, 2.5, 0.0, 1982-04-13 00:00:00, 0.0, 9.0
5.2, 5.2, 2.0, 0.0, 1982-04-14 00:00:00, 0.0, 8.5
3.3, 3.3, 1.0, 0.0, 1982-04-15 00:00:00, 0.0, 9.0
9.0, 9.0, 3.5, 0.0, 1982-04-16 00:00:00, 0.0, 8.0
0.6, 0.6, 4.5, 0.0, 1982-04-17 00:00:00, 0.0, 10.0
0.0, 0.0, 0.5, 0.0, 1982-04-18 00:00:00, 0.0, 10.5
0.0, 0.0, 1.0, 0.0, 1982-04-19 00:00:00, 0.0, 13.0
0.0, 0.0, 1.5, 0.0, 1982-04-20 00:00:00, 0.0, 17.5
0.0, 0.0, 4.0, 0.0, 1982-04-21 00:00:00, 0.0, 21.5
0.0, 0.0, 6.5, 0.0, 1982-04-22 00:00:00, 0.0, 23.5
0.0, 0.0, 8.0, 0.0, 1982-04-23 00:00:00, 0.0, 14.0
0.0, 0.0, 1.0, 0.0, 1982-04-24 00:00:00, 0.0, 14.0
0.0, 0.0, 1.0, 0.0, 1982-04-25 00:00:00, 0.0, 17.0
0.0, 0.0, 3.5, 0.0, 1982-04-26 00:00:00, 0.0, 17.5
17.8, 17.8, 7.0, 0.0, 1982-04-27 00:00:00, 0.0, 14.0
1.2, 1.2, 6.5, 0.0, 1982-04-28 00:00:00, 0.0, 13.0
0.0, 0.0, 2.0, 0.0, 1982-04-29 00:00:00, 0.0, 11.5
0.0, 0.0, 4.0, 0.0, 1982-04-30 00:00:00, 0.0, 16.5
0.4, 0.4, 4.0, 0.0, 1982-05-01 00:00:00, 0.0, 16.0
3.3, 3.3, 7.5, 0.0, 1982-05-02 00:00:00, 0.0, 10.0
0.4, 0.4, 4.0, 0.0, 1982-05-03 00:00:00, 0.0, 14.0
0.0, 0.0, 4.0, 0.0, 1982-05-04 00:00:00, 0.0, 14.0
0.0, 0.0, 3.5, 0.0, 1982-05-05 00:00:00, 0.0, 17.0
0.0, 0.0, 9.0, 0.0, 1982-05-06 00:00:00, 0.0, 18.0
0.0, 0.0, 9.0, 0.0, 1982-05-07 00:00:00, 0.0, 15.0
0.0, 0.0, 6.0, 0.0, 1982-05-08 00:00:00, 0.0, 16.0
0.0, 0.0, 4.5, 0.0, 1982-05-09 00:00:00, 0.0, 17.5
0.0, 0.0, 5.0, 0.0, 1982-05-10 00:00:00, 0.0, 18.0
0.0, 0.0, 9.0, 0.0, 1982-05-11 00:00:00, 0.0, 16.0
0.0, 0.0, 9.0, 0.0, 1982-05-12 00:00:00, 0.0, 16.5
2.6, 2.6, 9.0, 0.0, 1982-05-13 00:00:00, 0.0, 16.5
2.6, 2.6, 9.0, 0.0, 1982-05-14 00:00:00, 0.0, 13.5
0.0, 0.0, 9.0, 0.0, 1982-05-15 00:00:00, 0.0, 19.0
8.4, 8.4, 8.0, 0.0, 1982-05-16 00:00:00, 0.0, 19.5
3.4, 3.4, 8.5, 0.0, 1982-05-17 00:00:00, 0.0, 16.0
0.0, 0.0, 7.5, 0.0, 1982-05-18 00:00:00, 0.0, 15.5
0.0, 0.0, 6.0, 0.0, 1982-05-19 00:00:00, 0.0, 18.5
0.0, 0.0, 7.0, 0.0, 1982-05-20 00:00:00, 0.0, 20.0
1.2, 1.2, 6.5, 0.0, 1982-05-21 00:00:00, 0.0, 22.5
0.6, 0.6, 7.5, 0.0, 1982-05-22 00:00:00, 0.0, 15.0
0.0, 0.0, 6.5, 0.0, 1982-05-23 00:00:00, 0.0, 18.0
0.0, 0.0, 7.5, 0.0, 1982-05-24 00:00:00, 0.0, 22.0
0.4, 0.4, 10.0, 0.0, 1982-05-25 00:00:00, 0.0, 17.0
0.4, 0.4, 7.0, 0.0, 1982-05-26 00:00:00, 0.0, 18.5
0.0, 0.0, 6.0, 0.0, 1982-05-27 00:00:00, 0.0, 20.0
0.0, 0.0, 8.5, 0.0, 1982-05-28 00:00:00, 0.0, 24.0
0.0, 0.0, 9.0, 0.0, 1982-05-29 00:00:00, 0.0, 24.0
0.0, 0.0, 9.5, 0.0, 1982-05-30 00:00:00, 0.0, 26.0
0.0, 0.0, 11.0, 0.0, 1982-05-31 00:00:00, 0.0, 26.0
2.9, 2.9, 10.5, 0.0, 1982-06-01 00:00:00, 0.0, 15.5
1.2, 1.2, 9.5, 0.0, 1982-06-02 00:00:00, 0.0, 16.5
0.0, 0.0, 10.0, 0.0, 1982-06-03 00:00:00, 0.0, 20.0
3.0, 3.0, 10.0, 0.0, 1982-06-04 00:00:00, 0.0, 17.0
5.0, 5.0, 9.5, 0.0, 1982-06-05 00:00:00, 0.0, 13.5
0.0, 0.0, 9.5, 0.0, 1982-06-06 00:00:00, 0.0, 19.0
0.0, 0.0, 6.0, 0.0, 1982-06-07 00:00:00, 0.0, 20.5
0.0, 0.0, 10.0, 0.0, 1982-06-08 00:00:00, 0.0, 21.5
0.0, 0.0, 9.0, 0.0, 1982-06-09 00:00:00, 0.0, 24.5
0.0, 0.0, 11.0, 0.0, 1982-06-10 00:00:00, 0.0, 27.0
0.0, 0.0, 12.5, 0.0, 1982-06-11 00:00:00, 0.0, 28.5
0.0, 0.0, 13.0, 0.0, 1982-06-12 00:00:00, 0.0, 24.0
0.8, 0.8, 12.5, 0.0, 1982-06-13 00:00:00, 0.0, 18.5
0.0, 0.0, 13.0, 0.0, 1982-06-14 00:00:00, 0.0, 22.5
0.0, 0.0, 10.0, 0.0, 1982-06-15 00:00:00, 0.0, 24.0
0.0, 0.0, 12.0, 0.0, 1982-06-16 00:00:00, 0.0, 25.5
0.0, 0.0, 13.5, 0.0, 1982-06-17 00:00:00, 0.0, 30.0
0.0, 0.0, 16.0, 0.0, 1982-06-18 00:00:00, 0.0, 33.5
0.0, 0.0, 16.0, 0.0, 1982-06-19 00:00:00, 0.0, 31.0
0.0, 0.0, 15.0, 0.0, 1982-06-20 00:00:00, 0.0, 27.0
0.0, 0.0, 13.0, 0.0, 1982-06-21 00:00:00, 0.0, 26.0
0.0, 0.0, 12.0, 0.0, 1982-06-22 00:00:00, 0.0, 24.5
0.0, 0.0, 11.5, 0.0, 1982-06-23 00:00:00, 0.0, 26.5
0.0, 0.0, 13.5, 0.0, 1982-06-24 00:00:00, 0.0, 29.5
3.8, 3.8, 16.0, 0.0, 1982-06-25 00:00:00, 0.0, 19.5
18.1, 18.1, 15.0, 0.0, 1982-06-26 00:00:00, 0.0, 17.5
0.0, 0.0, 13.0, 0.0, 1982-06-27 00:00:00, 0.0, 21.5
0.0, 0.0, 14.0, 0.0, 1982-06-28 00:00:00, 0.0, 22.0
0.8, 0.8, 15.5, 0.0, 1982-06-29 00:00:00, 0.0, 27.0
0.0, 0.0, 13.5, 0.0, 1982-06-30 00:00:00, 0.0, 16.5
7.4, 7.4, 12.5, 0.0, 1982-07-01 00:00:00, 0.0, 17.0
15.6, 15.6, 13.0, 0.0, 1982-07-02 00:00:00, 0.0, 20.5
19.0, 19.0, 11.5, 0.0, 1982-07-03 00:00:00, 0.0, 13.0
1.8, 1.8, 10.5, 0.0, 1982-07-04 00:00:00, 0.0, 19.0
0.6, 0.6, 12.0, 0.0, 1982-07-05 00:00:00, 0.0, 18.5
0.8, 0.8, 12.0, 0.0, 1982-07-06 00:00:00, 0.0, 22.5
0.0, 0.0, 13.5, 0.0, 1982-07-07 00:00:00, 0.0, 21.0
0.0, 0.0, 10.5, 0.0, 1982-07-08 00:00:00, 0.0, 22.0
0.0, 0.0, 12.0, 0.0, 1982-07-09 00:00:00, 0.0, 25.0
0.0, 0.0, 13.0, 0.0, 1982-07-10 00:00:00, 0.0, 25.0
0.0, 0.0, 14.5, 0.0, 1982-07-11 00:00:00, 0.0, 25.0
0.0, 0.0, 12.0, 0.0, 1982-07-12 00:00:00, 0.0, 26.0
8.4, 8.4, 14.5, 0.0, 1982-07-13 00:00:00, 0.0, 19.0
25.0, 25.0, 10.0, 0.0, 1982-07-14 00:00:00, 0.0, 18.0
4.9, 4.9, 10.5, 0.0, 1982-07-15 00:00:00, 0.0, 16.5
0.0, 0.0, 12.0, 0.0, 1982-07-16 00:00:00, 0.0, 19.0
0.0, 0.0, 14.5, 0.0, 1982-07-17 00:00:00, 0.0, 21.0
0.0, 0.0, 15.0, 0.0, 1982-07-18 00:00:00, 0.0, 24.0
1.7, 1.7, 12.5, 0.0, 1982-07-19 00:00:00, 0.0, 17.5
1.2, 1.2, 13.0, 0.0, 1982-07-20 00:00:00, 0.0, 18.5
2.3, 2.3, 10.5, 0.0, 1982-07-21 00:00:00, 0.0, 18.0
0.2, 0.2, 11.0, 0.0, 1982-07-22 00:00:00, 0.0, 20.0
0.0, 0.0, 9.5, 0.0, 1982-07-23 00:00:00, 0.0, 24.0
0.0, 0.0, 11.0, 0.0, 1982-07-24 00:00:00, 0.0, 26.5
0.0, 0.0, 14.0, 0.0, 1982-07-25 00:00:00, 0.0, 30.0
0.0, 0.0, 14.0, 0.0, 1982-07-26 00:00:00, 0.0, 30.5
0.0, 0.0, 16.0, 0.0, 1982-07-27 00:00:00, 0.0, 32.0
0.0, 0.0, 16.5, 0.0, 1982-07-28 00:00:00, 0.0, 24.0
0.0, 0.0, 15.0, 0.0, 1982-07-29 00:00:00, 0.0, 24.0
0.4, 0.4, 14.5, 0.0, 1982-07-30 00:00:00, 0.0, 19.0
0.2, 0.2, 13.5, 0.0, 1982-07-31 00:00:00, 0.0, 16.5
3.8, 3.8, 12.0, 0.0, 1982-08-01 00:00:00, 0.0, 16.5
0.7, 0.7, 12.0, 0.0, 1982-08-02 00:00:00, 0.0, 18.5
0.2, 0.2, 11.5, 0.0, 1982-08-03 00:00:00, 0.0, 18.5
0.0, 0.0, 12.0, 0.0, 1982-08-04 00:00:00, 0.0, 21.5
0.0, 0.0, 11.5, 0.0, 1982-08-05 00:00:00, 0.0, 19.0
0.0, 0.0, 14.5, 0.0, 1982-08-06 00:00:00, 0.0, 26.0
0.0, 0.0, 13.0, 0.0, 1982-08-07 00:00:00, 0.0, 30.0
0.4, 0.4, 15.5, 0.0, 1982-08-08 00:00:00, 0.0, 24.0
4.0, 4.0, 13.0, 0.0, 1982-08-09 00:00:00, 0.0, 21.5
4.0, 4.0, 13.0, 0.0, 1982-08-10 00:00:00, 0.0, 16.0
0.0, 0.0, 13.0, 0.0, 1982-08-11 00:00:00, 0.0, 21.0
18.2, 18.2, 12.5, 0.0, 1982-08-12 00:00:00, 0.0, 15.5
4.0, 4.0, 12.5, 0.0, 1982-08-13 00:00:00, 0.0, 21.0
0.0, 0.0, 10.5, 0.0, 1982-08-14 00:00:00, 0.0, 20.5
0.0, 0.0, 8.0, 0.0, 1982-08-15 00:00:00, 0.0, 22.5
0.0, 0.0, 10.5, 0.0, 1982-08-16 00:00:00, 0.0, 23.0
0.0, 0.0, 10.5, 0.0, 1982-08-17 00:00:00, 0.0, 23.0
0.0, 0.0, 9.5, 0.0, 1982-08-18 00:00:00, 0.0, 24.0
0.0, 0.0, 10.5, 0.0, 1982-08-19 00:00:00, 0.0, 26.5
0.0, 0.0, 14.0, 0.0, 1982-08-20 00:00:00, 0.0, 27.5
0.0, 0.0, 13.0, 0.0, 1982-08-21 00:00:00, 0.0, 25.5
0.0, 0.0, 12.0, 0.0, 1982-08-22 00:00:00, 0.0, 25.5
0.0, 0.0, 12.5, 0.0, 1982-08-23 00:00:00, 0.0, 27.5
0.0, 0.0, 13.5, 0.0, 1982-08-24 00:00:00, 0.0, 29.5
0.0, 0.0, 13.5, 0.0, 1982-08-25 00:00:00, 0.0, 28.0
0.0, 0.0, 13.0, 0.0, 1982-08-26 00:00:00, 0.0, 22.0
0.0, 0.0, 15.5, 0.0, 1982-08-27 00:00:00, 0.0, 19.0
0.0, 0.0, 14.5, 0.0, 1982-08-28 00:00:00, 0.0, 23.0
15.6, 15.6, 10.5, 0.0, 1982-08-29 00:00:00, 0.0, 23.0
6.0, 6.0, 13.0, 0.0, 1982-08-30 00:00:00, 0.0, 17.5
0.4, 0.4, 14.0, 0.0, 1982-08-31 00:00:00, 0.0, 21.5
0.0, 0.0, 13.0, 0.0, 1982-09-01 00:00:00, 0.0, 23.0
0.0, 0.0, 13.0, 0.0, 1982-09-02 00:00:00, 0.0, 28.0
31.7, 31.7, 14.0, 0.0, 1982-09-03 00:00:00, 0.0, 20.5
1.2, 1.2, 13.5, 0.0, 1982-09-04 00:00:00, 0.0, 22.0
0.0, 0.0, 11.0, 0.0, 1982-09-05 00:00:00, 0.0, 23.0
0.4, 0.4, 11.5, 0.0, 1982-09-06 00:00:00, 0.0, 22.5
0.2, 0.2, 15.0, 0.0, 1982-09-07 00:00:00, 0.0, 20.5
7.0, 7.0, 14.5, 0.0, 1982-09-08 00:00:00, 0.0, 20.5
0.4, 0.4, 13.5, 0.0, 1982-09-09 00:00:00, 0.0, 19.5
15.8, 15.8, 7.0, 0.0, 1982-09-10 00:00:00, 0.0, 18.5
0.6, 0.6, 9.5, 0.0, 1982-09-11 00:00:00, 0.0, 12.0
0.0, 0.0, 8.5, 0.0, 1982-09-12 00:00:00, 0.0, 18.5
0.0, 0.0, 7.5, 0.0, 1982-09-13 00:00:00, 0.0, 21.0
0.0, 0.0, 8.0, 0.0, 1982-09-14 00:00:00, 0.0, 22.5
0.0, 0.0, 8.0, 0.0, 1982-09-15 00:00:00, 0.0, 21.5
0.0, 0.0, 9.0, 0.0, 1982-09-16 00:00:00, 0.0, 24.5
0.0, 0.0, 10.5, 0.0, 1982-09-17 00:00:00, 0.0, 25.5
0.0, 0.0, 10.5, 0.0, 1982-09-18 00:00:00, 0.0, 25.5
0.0, 0.0, 11.5, 0.0, 1982-09-19 00:00:00, 0.0, 21.5
1.0, 1.0, 12.0, 0.0, 1982-09-20 00:00:00, 0.0, 17.0
0.2, 0.2, 13.0, 0.0, 1982-09-21 00:00:00, 0.0, 17.0
0.0, 0.0, 9.5, 0.0, 1982-09-22 00:00:00, 0.0, 21.0
0.0, 0.0, 10.5, 0.0, 1982-09-23 00:00:00, 0.0, 23.0
4.4, 4.4, 12.5, 0.0, 1982-09-24 00:00:00, 0.0, 17.0
0.5, 0.5, 14.0, 0.0, 1982-09-25 00:00:00, 0.0, 17.5
0.0, 0.0, 9.0, 0.0, 1982-09-26 00:00:00, 0.0, 18.5
0.4, 0.4, 8.0, 0.0, 1982-09-27 00:00:00, 0.0, 13.5
3.1, 3.1, 8.5, 0.0, 1982-09-28 00:00:00, 0.0, 16.5
0.0, 0.0, 4.0, 0.0, 1982-09-29 00:00:00, 0.0, 19.5
0.0, 0.0, 5.0, 0.0, 1982-09-30 00:00:00, 0.0, 19.0
13.4, 13.4, 6.0, 0.0, 1982-10-01 00:00:00, 0.0, 17.0
0.0, 0.0, 11.0, 0.0, 1982-10-02 00:00:00, 0.0, 16.5
0.9, 0.9, 5.0, 0.0, 1982-10-03 00:00:00, 0.0, 14.0
0.0, 0.0, 5.5, 0.0, 1982-10-04 00:00:00, 0.0, 16.5
14.2, 14.2, 6.0, 0.0, 1982-10-05 00:00:00, 0.0, 15.5
14.7, 14.7, 10.0, 0.0, 1982-10-06 00:00:00, 0.0, 13.0
0.9, 0.9, 7.0, 0.0, 1982-10-07 00:00:00, 0.0, 14.0
0.8, 0.8, 6.5, 0.0, 1982-10-08 00:00:00, 0.0, 14.0
0.0, 0.0, 9.0, 0.0, 1982-10-09 00:00:00, 0.0, 19.0
0.0, 0.0, 5.5, 0.0, 1982-10-10 00:00:00, 0.0, 19.0
0.0, 0.0, 7.0, 0.0, 1982-10-11 00:00:00, 0.0, 18.5
0.0, 0.0, 6.5, 0.0, 1982-10-12 00:00:00, 0.0, 19.0
0.0, 0.0, 7.0, 0.0, 1982-10-13 00:00:00, 0.0, 20.5
0.0, 0.0, 7.5, 0.0, 1982-10-14 00:00:00, 0.0, 21.0
0.8, 0.8, 8.0, 0.0, 1982-10-15 00:00:00, 0.0, 17.0
16.1, 16.1, 8.5, 0.0, 1982-10-16 00:00:00, 0.0, 11.5
0.4, 0.4, 3.0, 0.0, 1982-10-17 00:00:00, 0.0, 11.5
0.0, 0.0, 1.0, 0.0, 1982-10-18 00:00:00, 0.0, 11.5
0.0, 0.0, 0.0, 0.0, 1982-10-19 00:00:00, 0.0, 13.5
2.0, 2.0, 0.5, 0.0, 1982-10-20 00:00:00, 0.0, 13.0
18.7, 18.7, 9.0, 0.0, 1982-10-21 00:00:00, 0.0, 15.5
2.1, 2.1, 12.0, 0.0, 1982-10-22 00:00:00, 0.0, 17.0
5.8, 5.8, 10.0, 0.0, 1982-10-23 00:00:00, 0.0, 16.0
9.4, 9.4, 11.5, 0.0, 1982-10-24 00:00:00, 0.0, 15.0
6.5, 6.5, 12.0, 0.0, 1982-10-25 00:00:00, 0.0, 15.0
6.5, 6.5, 9.0, 0.0, 1982-10-26 00:00:00, 0.0, 10.5
19.2, 19.2, 6.0, 0.0, 1982-10-27 00:00:00, 0.0, 9.5
1.9, 1.9, 9.0, 0.0, 1982-10-28 00:00:00, 0.0, 9.5
0.0, 0.0, 2.0, 0.0, 1982-10-29 00:00:00, 0.0, 12.0
2.9, 2.9, 2.5, 0.0, 1982-10-30 00:00:00, 0.0, 10.0
7.5, 7.5, 8.0, 0.0, 1982-10-31 00:00:00, 0.0, 10.0
0.0, 0.0, 4.0, 0.0, 1982-11-01 00:00:00, 0.0, 12.0
0.0, 0.0, 1.0, 0.0, 1982-11-02 00:00:00, 0.0, 10.5
18.6, 18.6, 5.0, 0.0, 1982-11-03 00:00:00, 0.0, 13.5
14.0, 14.0, 7.5, 0.0, 1982-11-04 00:00:00, 0.0, 12.0
8.5, 8.5, 5.0, 0.0, 1982-11-05 00:00:00, 0.0, 11.0
7.0, 7.0, 1.5, 0.0, 1982-11-06 00:00:00, 0.0, 7.0
0.5, 0.5, 4.0, 0.0, 1982-11-07 00:00:00, 0.0, 8.5
0.0, 0.0, 0.0, 0.0, 1982-11-08 00:00:00, 0.0, 10.5
0.0, 0.0, -2.0, 0.0, 1982-11-09 00:00:00, 0.0, 10.5
0.0, 0.0, -2.5, 0.0, 1982-11-10 00:00:00, 0.0, 7.0
0.0, 0.0, -3.0, 0.0, 1982-11-11 00:00:00, 0.0, 8.0
5.8, 5.8, 0.5, 0.0, 1982-11-12 00:00:00, 0.0, 3.0
0.0, 0.0, -1.5, 0.0, 1982-11-13 00:00:00, 0.0, 7.0
0.0, 0.0, -2.5, 0.0, 1982-11-14 00:00:00, 0.0, 6.5
23.2, 23.2, 0.5, 0.0, 1982-11-15 00:00:00, 0.0, 5.5
24.8, 24.8, 2.5, 0.0, 1982-11-16 00:00:00, 0.0, 8.0
2.4, 2.4, 5.0, 0.0, 1982-11-17 00:00:00, 0.0, 8.0
5.8, 5.8, 2.0, 0.0, 1982-11-18 00:00:00, 0.0, 7.0
2.7, 2.7, 4.0, 0.0, 1982-11-19 00:00:00, 0.0, 7.0
2.8, 2.8, 1.0, 0.0, 1982-11-20 00:00:00, 0.0, 4.0
0.0, 0.0, -1.0, 0.0, 1982-11-21 00:00:00, 0.0, 4.5
0.0, 0.0, -6.5, 0.0, 1982-11-22 00:00:00, 0.0, 3.5
0.0, 0.0, -5.5, 0.0, 1982-11-23 00:00:00, 0.0, 5.5
0.0, 0.0, -4.0, 0.0, 1982-11-24 00:00:00, 0.0, 5.0
5.8, 5.8, -4.5, 0.0, 1982-11-25 00:00:00, 0.0, 3.0
10.2, 10.2, 2.0, 0.0, 1982-11-26 00:00:00, 0.0, 7.0
24.8, 24.8, 3.0, 0.0, 1982-11-27 00:00:00, 0.0, 8.5
29.0, 29.0, 7.0, 0.0, 1982-11-28 00:00:00, 0.0, 7.5
10.1, 10.1, 5.5, 0.0, 1982-11-29 00:00:00, 0.0, 7.0
15.5, 15.5, 5.5, 0.0, 1982-11-30 00:00:00, 0.0, 9.0
3.6, 3.6, 5.0, 0.0, 1982-12-01 00:00:00, 0.0, 6.5
48.8, 48.8, 4.5, 0.0, 1982-12-02 00:00:00, 0.0, 11.0
1.8, 1.8, 4.5, 0.0, 1982-12-03 00:00:00, 0.0, 11.5
0.0, 0.0, 1.5, 0.0, 1982-12-04 00:00:00, 0.0, 10.0
0.0, 0.0, 0.0, 0.0, 1982-12-05 00:00:00, 0.0, 6.5
0.0, 0.0, 1.0, 0.0, 1982-12-06 00:00:00, 0.0, 6.5
0.0, 0.0, -3.5, 0.0, 1982-12-07 00:00:00, 0.0, 4.5
0.0, 0.0, -2.5, 0.0, 1982-12-08 00:00:00, 0.0, 5.0
0.0, 0.0, -2.5, 0.0, 1982-12-09 00:00:00, 0.0, 7.0
0.0, 0.0, -3.0, 0.0, 1982-12-10 00:00:00, 0.0, 7.0
20.8, 20.8, -2.0, 0.0, 1982-12-11 00:00:00, 0.0, 8.5
7.3, 7.3, 5.5, 0.0, 1982-12-12 00:00:00, 0.0, 7.0
3.2, 3.2, 2.0, 0.0, 1982-12-13 00:00:00, 0.0, 7.0
13.4, 13.4, 4.0, 0.0, 1982-12-14 00:00:00, 0.0, 7.5
18.5, 18.5, 5.0, 0.0, 1982-12-15 00:00:00, 0.0, 9.5
4.6, 4.6, 6.5, 0.0, 1982-12-16 00:00:00, 0.0, 10.5
6.0, 6.0, 5.5, 0.0, 1982-12-17 00:00:00, 0.0, 7.0
7.1, 7.1, 4.5, 0.0, 1982-12-18 00:00:00, 0.0, 7.0
0.0, 0.0, 4.5, 0.0, 1982-12-19 00:00:00, 0.0, 7.5
9.0, 9.0, 1.5, 0.0, 1982-12-20 00:00:00, 0.0, 5.0
14.5, 14.5, 2.5, 0.0, 1982-12-21 00:00:00, 0.0, 7.5
0.0, 0.0, 4.0, 0.0, 1982-12-22 00:00:00, 0.0, 6.5
0.0, 0.0, 2.0, 0.0, 1982-12-23 00:00:00, 0.0, 6.5
5.0, 5.0, 2.0, 0.0, 1982-12-24 00:00:00, 0.0, 6.0
9.0, 9.0, 4.0, 0.0, 1982-12-25 00:00:00, 0.0, 7.0
0.0, 0.0, -1.0, 0.0, 1982-12-26 00:00:00, 0.0, 5.0
0.0, 0.0, -3.0, 0.0, 1982-12-27 00:00:00, 0.0, 4.0
0.0, 0.0, -3.5, 0.0, 1982-12-28 00:00:00, 0.0, 4.0
0.0, 0.0, -4.0, 0.0, 1982-12-29 00:00:00, 0.0, 3.5
0.0, 0.0, -5.0, 0.0, 1982-12-30 00:00:00, 0.0, 3.5
0.0, 0.0, -5.0, 0.0, 1982-12-31 00:00:00, 0.0, 3.0
3.7, 3.7, -2.0, 0.0, 1983-01-01 00:00:00, 0.0, 8.0
19.1, 19.1, 3.0, 0.0, 1983-01-02 00:00:00, 0.0, 5.5
11.1, 11.1, 3.5, 0.0, 1983-01-03 00:00:00, 0.0, 6.0
26.6, 26.6, 3.5, 0.0, 1983-01-04 00:00:00, 0.0, 8.0
0.0, 0.0, 3.5, 0.0, 1983-01-05 00:00:00, 0.0, 7.0
10.0, 10.0, 4.0, 0.0, 1983-01-06 00:00:00, 0.0, 8.5
24.7, 24.7, 5.0, 0.0, 1983-01-07 00:00:00, 0.0, 9.0
1.8, 1.8, 4.5, 0.0, 1983-01-08 00:00:00, 0.0, 7.0
33.3, 33.3, 1.0, 0.0, 1983-01-09 00:00:00, 0.0, 8.0
1.1, 1.1, 6.0, 0.0, 1983-01-10 00:00:00, 0.0, 10.5
14.5, 14.5, 7.5, 0.0, 1983-01-11 00:00:00, 0.0, 11.5
0.0, 0.0, 6.0, 0.0, 1983-01-12 00:00:00, 0.0, 11.0
0.0, 0.0, 2.0, 0.0, 1983-01-13 00:00:00, 0.0, 8.0
0.0, 0.0, -1.0, 0.0, 1983-01-14 00:00:00, 0.0, 8.0
0.0, 0.0, -2.5, 0.0, 1983-01-15 00:00:00, 0.0, 7.0
3.5, 3.5, 0.5, 0.0, 1983-01-16 00:00:00, 0.0, 8.0
3.8, 3.8, 5.0, 0.0, 1983-01-17 00:00:00, 0.0, 11.5
13.1, 13.1, 8.0, 0.0, 1983-01-18 00:00:00, 0.0, 12.0
5.6, 5.6, 7.0, 0.0, 1983-01-19 00:00:00, 0.0, 7.5
0.0, 0.0, 5.5, 0.0, 1983-01-20 00:00:00, 0.0, 7.5
0.0, 0.0, 2.0, 0.0, 1983-01-21 00:00:00, 0.0, 9.0
2.0, 2.0, -1.0, 0.0, 1983-01-22 00:00:00, 0.0, 6.5
8.6, 8.6, 2.5, 0.0, 1983-01-23 00:00:00, 0.0, 9.5
3.0, 3.0, 5.5, 0.0, 1983-01-24 00:00:00, 0.0, 9.0
8.5, 8.5, 6.5, 0.0, 1983-01-25 00:00:00, 0.0, 11.0
6.5, 6.5, 7.0, 0.0, 1983-01-26 00:00:00, 0.0, 10.5
0.0, 0.0, 7.0, 0.0, 1983-01-27 00:00:00, 0.0, 10.5
0.0, 0.0, 4.5, 0.0, 1983-01-28 00:00:00, 0.0, 10.5
8.4, 8.4, 3.5, 0.0, 1983-01-29 00:00:00, 0.0, 9.5
1.3, 1.3, 6.0, 0.0, 1983-01-30 00:00:00, 0.0, 8.5
0.0, 0.0, 3.5, 0.0, 1983-01-31 00:00:00, 0.0, 12.0
0.0, 0.0, -1.0, 0.0, 1983-02-01 00:00:00, 0.0, 10.0
0.0, 0.0, -2.0, 0.0, 1983-02-02 00:00:00, 0.0, 8.5
0.0, 0.0, -3.0, 0.0, 1983-02-03 00:00:00, 0.0, 8.0
0.0, 0.0, -3.5, 0.0, 1983-02-04 00:00:00, 0.0, 7.5
1.4, 1.4, -4.0, 0.0, 1983-02-05 00:00:00, 0.0, 8.0
4.2, 4.2, 0.0, 0.0, 1983-02-06 00:00:00, 0.0, 7.0
0.4, 0.4, 2.0, 0.0, 1983-02-07 00:00:00, 0.0, 7.5
14.9, 14.9, -1.0, 0.0, 1983-02-08 00:00:00, 0.0, 6.0
17.1, 17.1, 2.0, 0.0, 1983-02-09 00:00:00, 0.0, 7.0
32.8, 32.8, 5.5, 0.0, 1983-02-10 00:00:00, 0.0, 10.5
20.9, 20.9, 10.0, 0.0, 1983-02-11 00:00:00, 0.0, 12.5
15.7, 15.7, 8.0, 0.0, 1983-02-12 00:00:00, 0.0, 10.0
4.8, 4.8, 7.5, 0.0, 1983-02-13 00:00:00, 0.0, 11.0
9.4, 9.4, 6.5, 0.0, 1983-02-14 00:00:00, 0.0, 8.5
13.4, 13.4, 3.5, 0.0, 1983-02-15 00:00:00, 0.0, 11.5
23.6, 23.6, 6.0, 0.0, 1983-02-16 00:00:00, 0.0, 10.0
12.0, 12.0, 5.5, 0.0, 1983-02-17 00:00:00, 0.0, 10.5
0.8, 0.8, 3.0, 0.0, 1983-02-18 00:00:00, 0.0, 9.5
53.7, 53.7, 2.5, 0.0, 1983-02-19 00:00:00, 0.0, 7.5
0.0, 0.0, 6.0, 0.0, 1983-02-20 00:00:00, 0.0, 12.0
12.0, 12.0, 3.0, 0.0, 1983-02-21 00:00:00, 0.0, 13.5
10.0, 10.0, 7.0, 0.0, 1983-02-22 00:00:00, 0.0, 13.0
7.9, 7.9, 10.5, 0.0, 1983-02-23 00:00:00, 0.0, 14.0
1.0, 1.0, 7.5, 0.0, 1983-02-24 00:00:00, 0.0, 9.5
4.2, 4.2, 5.0, 0.0, 1983-02-25 00:00:00, 0.0, 13.5
2.6, 2.6, 6.5, 0.0, 1983-02-26 00:00:00, 0.0, 9.5
0.0, 0.0, 2.0, 0.0, 1983-02-27 00:00:00, 0.0, 10.0
0.6, 0.6, 0.5, 0.0, 1983-02-28 00:00:00, 0.0, 7.0
0.0, 0.0, 0.0, 0.0, 1983-03-01 00:00:00, 0.0, 10.0
0.0, 0.0, 4.5, 0.0, 1983-03-02 00:00:00, 0.0, 12.0
1.0, 1.0, 5.0, 0.0, 1983-03-03 00:00:00, 0.0, 9.0
0.0, 0.0, 5.5, 0.0, 1983-03-04 00:00:00, 0.0, 11.5
9.2, 9.2, 2.5, 0.0, 1983-03-05 00:00:00, 0.0, 9.0
5.2, 5.2, 5.5, 0.0, 1983-03-06 00:00:00, 0.0, 13.0
7.0, 7.0, 6.5, 0.0, 1983-03-07 00:00:00, 0.0, 11.0
19.6, 19.6, 6.0, 0.0, 1983-03-08 00:00:00, 0.0, 12.0
11.7, 11.7, 9.0, 0.0, 1983-03-09 00:00:00, 0.0, 15.0
4.1, 4.1, 8.0, 0.0, 1983-03-10 00:00:00, 0.0, 13.0
0.0, 0.0, 5.5, 0.0, 1983-03-11 00:00:00, 0.0, 14.0
10.0, 10.0, 6.0, 0.0, 1983-03-12 00:00:00, 0.0, 11.0
9.4, 9.4, 4.5, 0.0, 1983-03-13 00:00:00, 0.0, 12.0
0.0, 0.0, 6.0, 0.0, 1983-03-14 00:00:00, 0.0, 12.5
0.0, 0.0, 3.0, 0.0, 1983-03-15 00:00:00, 0.0, 13.0
0.0, 0.0, 0.5, 0.0, 1983-03-16 00:00:00, 0.0, 18.0
0.0, 0.0, 2.5, 0.0, 1983-03-17 00:00:00, 0.0, 16.0
0.0, 0.0, 3.0, 0.0, 1983-03-18 00:00:00, 0.0, 16.0
0.0, 0.0, 1.5, 0.0, 1983-03-19 00:00:00, 0.0, 14.5
0.0, 0.0, 1.5, 0.0, 1983-03-20 00:00:00, 0.0, 15.0
4.3, 4.3, 6.0, 0.0, 1983-03-21 00:00:00, 0.0, 11.5
0.8, 0.8, 6.5, 0.0, 1983-03-22 00:00:00, 0.0, 16.5
0.6, 0.6, 8.0, 0.0, 1983-03-23 00:00:00, 0.0, 13.0
0.0, 0.0, 1.5, 0.0, 1983-03-24 00:00:00, 0.0, 14.0
0.0, 0.0, 3.0, 0.0, 1983-03-25 00:00:00, 0.0, 14.0
4.4, 4.4, 7.0, 0.0, 1983-03-26 00:00:00, 0.0, 13.0
1.6, 1.6, 5.0, 0.0, 1983-03-27 00:00:00, 0.0, 12.0
18.8, 18.8, 5.5, 0.0, 1983-03-28 00:00:00, 0.0, 8.0
18.2, 18.2, 5.5, 0.0, 1983-03-29 00:00:00, 0.0, 9.5
17.3, 17.3, 6.0, 0.0, 1983-03-30 00:00:00, 0.0, 10.5
1.0, 1.0, 4.5, 0.0, 1983-03-31 00:00:00, 0.0, 13.0
21.6, 21.6, 4.5, 0.0, 1983-04-01 00:00:00, 0.0, 7.5
0.8, 0.8, 4.0, 0.0, 1983-04-02 00:00:00, 0.0, 11.0
0.0, 0.0, 5.0, 0.0, 1983-04-03 00:00:00, 0.0, 12.5
0.0, 0.0, 1.5, 0.0, 1983-04-04 00:00:00, 0.0, 15.5
0.0, 0.0, 2.5, 0.0, 1983-04-05 00:00:00, 0.0, 16.0
0.4, 0.4, 5.5, 0.0, 1983-04-06 00:00:00, 0.0, 14.5
0.0, 0.0, 6.0, 0.0, 1983-04-07 00:00:00, 0.0, 13.0
1.7, 1.7, 1.5, 0.0, 1983-04-08 00:00:00, 0.0, 12.0
20.9, 20.9, 3.0, 0.0, 1983-04-09 00:00:00, 0.0, 8.0
6.7, 6.7, 1.5, 0.0, 1983-04-10 00:00:00, 0.0, 9.5
0.0, 0.0, 3.0, 0.0, 1983-04-11 00:00:00, 0.0, 11.0
0.0, 0.0, 1.0, 0.0, 1983-04-12 00:00:00, 0.0, 13.0
0.0, 0.0, 0.5, 0.0, 1983-04-13 00:00:00, 0.0, 15.0
0.0, 0.0, 2.0, 0.0, 1983-04-14 00:00:00, 0.0, 17.0
0.0, 0.0, 2.0, 0.0, 1983-04-15 00:00:00, 0.0, 18.5
0.0, 0.0, 3.0, 0.0, 1983-04-16 00:00:00, 0.0, 17.0
0.0, 0.0, 5.5, 0.0, 1983-04-17 00:00:00, 0.0, 20.5
0.0, 0.0, 5.0, 0.0, 1983-04-18 00:00:00, 0.0, 19.5
0.8, 0.8, 5.0, 0.0, 1983-04-19 00:00:00, 0.0, 20.0
2.3, 2.3, 9.0, 0.0, 1983-04-20 00:00:00, 0.0, 14.0
0.0, 0.0, 5.5, 0.0, 1983-04-21 00:00:00, 0.0, 15.5
1.6, 1.6, 4.0, 0.0, 1983-04-22 00:00:00, 0.0, 17.0
10.2, 10.2, 7.0, 0.0, 1983-04-23 00:00:00, 0.0, 16.0
18.4, 18.4, 5.0, 0.0, 1983-04-24 00:00:00, 0.0, 13.0
15.8, 15.8, 7.0, 0.0, 1983-04-25 00:00:00, 0.0, 11.0
0.0, 0.0, 6.0, 0.0, 1983-04-26 00:00:00, 0.0, 15.0
0.0, 0.0, 4.0, 0.0, 1983-04-27 00:00:00, 0.0, 18.0
0.0, 0.0, 6.0, 0.0, 1983-04-28 00:00:00, 0.0, 21.5
0.0, 0.0, 6.5, 0.0, 1983-04-29 00:00:00, 0.0, 21.5
0.0, 0.0, 7.5, 0.0, 1983-04-30 00:00:00, 0.0, 20.5
0.0, 0.0, 9.5, 0.0, 1983-05-01 00:00:00, 0.0, 14.5
0.0, 0.0, 9.0, 0.0, 1983-05-02 00:00:00, 0.0, 15.5
0.0, 0.0, 9.0, 0.0, 1983-05-03 00:00:00, 0.0, 15.0
0.0, 0.0, 6.5, 0.0, 1983-05-04 00:00:00, 0.0, 18.0
0.0, 0.0, 7.0, 0.0, 1983-05-05 00:00:00, 0.0, 15.5
8.2, 8.2, 9.0, 0.0, 1983-05-06 00:00:00, 0.0, 16.5
13.7, 13.7, 8.0, 0.0, 1983-05-07 00:00:00, 0.0, 13.0
2.4, 2.4, 4.5, 0.0, 1983-05-08 00:00:00, 0.0, 13.0
2.6, 2.6, 5.5, 0.0, 1983-05-09 00:00:00, 0.0, 13.0
0.0, 0.0, 4.0, 0.0, 1983-05-10 00:00:00, 0.0, 17.5
0.0, 0.0, 5.5, 0.0, 1983-05-11 00:00:00, 0.0, 20.0
0.0, 0.0, 6.5, 0.0, 1983-05-12 00:00:00, 0.0, 22.0
0.0, 0.0, 7.5, 0.0, 1983-05-13 00:00:00, 0.0, 24.0
2.7, 2.7, 8.5, 0.0, 1983-05-14 00:00:00, 0.0, 14.0
0.0, 0.0, 8.0, 0.0, 1983-05-15 00:00:00, 0.0, 16.0
0.0, 0.0, 9.0, 0.0, 1983-05-16 00:00:00, 0.0, 16.5
3.6, 3.6, 10.0, 0.0, 1983-05-17 00:00:00, 0.0, 12.0
0.0, 0.0, 9.0, 0.0, 1983-05-18 00:00:00, 0.0, 18.0
0.0, 0.0, 7.0, 0.0, 1983-05-19 00:00:00, 0.0, 19.5
0.0, 0.0, 8.5, 0.0, 1983-05-20 00:00:00, 0.0, 19.5
0.0, 0.0, 11.0, 0.0, 1983-05-21 00:00:00, 0.0, 20.0
0.0, 0.0, 8.0, 0.0, 1983-05-22 00:00:00, 0.0, 23.0
0.0, 0.0, 10.0, 0.0, 1983-05-23 00:00:00, 0.0, 24.5
0.0, 0.0, 11.0, 0.0, 1983-05-24 00:00:00, 0.0, 28.5
0.0, 0.0, 11.5, 0.0, 1983-05-25 00:00:00, 0.0, 22.0
0.0, 0.0, 10.5, 0.0, 1983-05-26 00:00:00, 0.0, 21.5
0.0, 0.0, 10.0, 0.0, 1983-05-27 00:00:00, 0.0, 26.5
0.0, 0.0, 14.5, 0.0, 1983-05-28 00:00:00, 0.0, 31.5
0.0, 0.0, 16.5, 0.0, 1983-05-29 00:00:00, 0.0, 35.0
3.2, 3.2, 14.0, 0.0, 1983-05-30 00:00:00, 0.0, 21.0
0.0, 0.0, 12.5, 0.0, 1983-05-31 00:00:00, 0.0, 18.0
3.5, 3.5, 12.0, 0.0, 1983-06-01 00:00:00, 0.0, 13.5
4.4, 4.4, 11.5, 0.0, 1983-06-02 00:00:00, 0.0, 14.0
0.0, 0.0, 10.5, 0.0, 1983-06-03 00:00:00, 0.0, 19.0
0.0, 0.0, 10.0, 0.0, 1983-06-04 00:00:00, 0.0, 19.0
0.0, 0.0, 11.0, 0.0, 1983-06-05 00:00:00, 0.0, 20.5
0.0, 0.0, 10.0, 0.0, 1983-06-06 00:00:00, 0.0, 22.0
0.0, 0.0, 11.0, 0.0, 1983-06-07 00:00:00, 0.0, 26.0
3.0, 3.0, 13.5, 0.0, 1983-06-08 00:00:00, 0.0, 24.0
8.5, 8.5, 11.0, 0.0, 1983-06-09 00:00:00, 0.0, 15.0
0.0, 0.0, 11.0, 0.0, 1983-06-10 00:00:00, 0.0, 19.5
3.8, 3.8, 11.0, 0.0, 1983-06-11 00:00:00, 0.0, 18.0
0.0, 0.0, 8.5, 0.0, 1983-06-12 00:00:00, 0.0, 20.0
0.0, 0.0, 9.5, 0.0, 1983-06-13 00:00:00, 0.0, 23.0
3.5, 3.5, 12.0, 0.0, 1983-06-14 00:00:00, 0.0, 22.0
0.0, 0.0, 12.5, 0.0, 1983-06-15 00:00:00, 0.0, 20.5
24.4, 24.4, 12.0, 0.0, 1983-06-16 00:00:00, 0.0, 15.5
3.8, 3.8, 11.0, 0.0, 1983-06-17 00:00:00, 0.0, 19.0
17.0, 17.0, 10.5, 0.0, 1983-06-18 00:00:00, 0.0, 18.5
0.0, 0.0, 9.5, 0.0, 1983-06-19 00:00:00, 0.0, 18.0
0.0, 0.0, 10.5, 0.0, 1983-06-20 00:00:00, 0.0, 19.0
0.0, 0.0, 9.5, 0.0, 1983-06-21 00:00:00, 0.0, 21.5
30.6, 30.6, 10.5, 0.0, 1983-06-22 00:00:00, 0.0, 19.5
0.0, 0.0, 11.5, 0.0, 1983-06-23 00:00:00, 0.0, 19.0
1.2, 1.2, 12.0, 0.0, 1983-06-24 00:00:00, 0.0, 20.0
0.5, 0.5, 12.5, 0.0, 1983-06-25 00:00:00, 0.0, 19.0
0.0, 0.0, 13.0, 0.0, 1983-06-26 00:00:00, 0.0, 22.0
0.0, 0.0, 11.5, 0.0, 1983-06-27 00:00:00, 0.0, 23.5
0.0, 0.0, 12.0, 0.0, 1983-06-28 00:00:00, 0.0, 21.5
0.0, 0.0, 13.5, 0.0, 1983-06-29 00:00:00, 0.0, 22.0
3.2, 3.2, 10.5, 0.0, 1983-06-30 00:00:00, 0.0, 21.5
17.6, 17.6, 12.0, 0.0, 1983-07-01 00:00:00, 0.0, 17.5
0.4, 0.4, 11.5, 0.0, 1983-07-02 00:00:00, 0.0, 19.0
0.0, 0.0, 11.0, 0.0, 1983-07-03 00:00:00, 0.0, 22.0
0.0, 0.0, 12.0, 0.0, 1983-07-04 00:00:00, 0.0, 24.5
1.0, 1.0, 14.0, 0.0, 1983-07-05 00:00:00, 0.0, 20.5
0.0, 0.0, 10.5, 0.0, 1983-07-06 00:00:00, 0.0, 18.0
0.0, 0.0, 9.5, 0.0, 1983-07-07 00:00:00, 0.0, 20.0
0.0, 0.0, 8.0, 0.0, 1983-07-08 00:00:00, 0.0, 20.5
0.0, 0.0, 11.5, 0.0, 1983-07-09 00:00:00, 0.0, 21.0
18.6, 18.6, 14.0, 0.0, 1983-07-10 00:00:00, 0.0, 15.5
36.9, 36.9, 13.5, 0.0, 1983-07-11 00:00:00, 0.0, 16.0
15.7, 15.7, 13.5, 0.0, 1983-07-12 00:00:00, 0.0, 18.5
3.2, 3.2, 13.0, 0.0, 1983-07-13 00:00:00, 0.0, 21.5
5.5, 5.5, 11.0, 0.0, 1983-07-14 00:00:00, 0.0, 17.0
0.0, 0.0, 10.5, 0.0, 1983-07-15 00:00:00, 0.0, 17.5
0.0, 0.0, 9.0, 0.0, 1983-07-16 00:00:00, 0.0, 23.0
0.4, 0.4, 12.0, 0.0, 1983-07-17 00:00:00, 0.0, 27.5
0.0, 0.0, 13.0, 0.0, 1983-07-18 00:00:00, 0.0, 26.5
0.0, 0.0, 12.5, 0.0, 1983-07-19 00:00:00, 0.0, 21.5
0.2, 0.2, 14.0, 0.0, 1983-07-20 00:00:00, 0.0, 20.0
0.0, 0.0, 15.0, 0.0, 1983-07-21 00:00:00, 0.0, 23.5
0.0, 0.0, 15.0, 0.0, 1983-07-22 00:00:00, 0.0, 27.0
0.0, 0.0, 12.0, 0.0, 1983-07-23 00:00:00, 0.0, 24.5
0.0, 0.0, 12.0, 0.0, 1983-07-24 00:00:00, 0.0, 22.5
2.2, 2.2, 13.5, 0.0, 1983-07-25 00:00:00, 0.0, 20.0
15.8, 15.8, 12.0, 0.0, 1983-07-26 00:00:00, 0.0, 19.0
9.2, 9.2, 13.5, 0.0, 1983-07-27 00:00:00, 0.0, 17.0
0.0, 0.0, 13.5, 0.0, 1983-07-28 00:00:00, 0.0, 22.5
0.0, 0.0, 10.0, 0.0, 1983-07-29 00:00:00, 0.0, 25.0
0.0, 0.0, 11.5, 0.0, 1983-07-30 00:00:00, 0.0, 30.0
0.0, 0.0, 15.0, 0.0, 1983-07-31 00:00:00, 0.0, 25.0
0.0, 0.0, 14.5, 0.0, 1983-08-01 00:00:00, 0.0, 24.0
1.8, 1.8, 14.0, 0.0, 1983-08-02 00:00:00, 0.0, 18.0
0.0, 0.0, 13.0, 0.0, 1983-08-03 00:00:00, 0.0, 23.0
0.0, 0.0, 10.0, 0.0, 1983-08-04 00:00:00, 0.0, 25.0
0.0, 0.0, 13.5, 0.0, 1983-08-05 00:00:00, 0.0, 23.5
0.0, 0.0, 12.5, 0.0, 1983-08-06 00:00:00, 0.0, 25.0
0.0, 0.0, 12.5, 0.0, 1983-08-07 00:00:00, 0.0, 28.0
0.0, 0.0, 17.5, 0.0, 1983-08-08 00:00:00, 0.0, 25.0
2.7, 2.7, 15.0, 0.0, 1983-08-09 00:00:00, 0.0, 25.0
0.0, 0.0, 14.0, 0.0, 1983-08-10 00:00:00, 0.0, 19.0
0.3, 0.3, 14.5, 0.0, 1983-08-11 00:00:00, 0.0, 16.0
0.0, 0.0, 13.5, 0.0, 1983-08-12 00:00:00, 0.0, 23.5
0.0, 0.0, 13.0, 0.0, 1983-08-13 00:00:00, 0.0, 27.0
0.0, 0.0, 12.5, 0.0, 1983-08-14 00:00:00, 0.0, 25.0
0.0, 0.0, 10.5, 0.0, 1983-08-15 00:00:00, 0.0, 23.5
0.0, 0.0, 12.0, 0.0, 1983-08-16 00:00:00, 0.0, 23.0
0.0, 0.0, 14.0, 0.0, 1983-08-17 00:00:00, 0.0, 24.0
0.0, 0.0, 11.5, 0.0, 1983-08-18 00:00:00, 0.0, 25.0
0.0, 0.0, 11.5, 0.0, 1983-08-19 00:00:00, 0.0, 24.0
0.0, 0.0, 11.5, 0.0, 1983-08-20 00:00:00, 0.0, 22.5
0.0, 0.0, 11.0, 0.0, 1983-08-21 00:00:00, 0.0, 26.0
0.0, 0.0, 11.5, 0.0, 1983-08-22 00:00:00, 0.0, 25.5
0.0, 0.0, 12.0, 0.0, 1983-08-23 00:00:00, 0.0, 19.0
0.0, 0.0, 13.5, 0.0, 1983-08-24 00:00:00, 0.0, 21.5
0.0, 0.0, 10.5, 0.0, 1983-08-25 00:00:00, 0.0, 22.5
0.0, 0.0, 10.0, 0.0, 1983-08-26 00:00:00, 0.0, 24.0
3.9, 3.9, 12.0, 0.0, 1983-08-27 00:00:00, 0.0, 23.5
15.3, 15.3, 14.5, 0.0, 1983-08-28 00:00:00, 0.0, 17.0
2.0, 2.0, 14.5, 0.0, 1983-08-29 00:00:00, 0.0, 23.0
0.0, 0.0, 15.5, 0.0, 1983-08-30 00:00:00, 0.0, 24.0
7.2, 7.2, 14.0, 0.0, 1983-08-31 00:00:00, 0.0, 25.5
38.0, 38.0, 14.0, 0.0, 1983-09-01 00:00:00, 0.0, 17.0
0.0, 0.0, 13.0, 0.0, 1983-09-02 00:00:00, 0.0, 21.0
1.3, 1.3, 14.0, 0.0, 1983-09-03 00:00:00, 0.0, 22.0
0.0, 0.0, 13.5, 0.0, 1983-09-04 00:00:00, 0.0, 21.0
2.0, 2.0, 11.0, 0.0, 1983-09-05 00:00:00, 0.0, 20.0
6.0, 6.0, 11.0, 0.0, 1983-09-06 00:00:00, 0.0, 15.5
0.0, 0.0, 9.0, 0.0, 1983-09-07 00:00:00, 0.0, 17.5
0.0, 0.0, 6.0, 0.0, 1983-09-08 00:00:00, 0.0, 18.5
15.0, 15.0, 7.5, 0.0, 1983-09-09 00:00:00, 0.0, 18.0
25.6, 25.6, 9.5, 0.0, 1983-09-10 00:00:00, 0.0, 15.5
0.0, 0.0, 9.5, 0.0, 1983-09-11 00:00:00, 0.0, 18.0
0.0, 0.0, 8.5, 0.0, 1983-09-12 00:00:00, 0.0, 22.0
0.0, 0.0, 9.0, 0.0, 1983-09-13 00:00:00, 0.0, 22.0
0.0, 0.0, 11.0, 0.0, 1983-09-14 00:00:00, 0.0, 20.0
0.0, 0.0, 7.0, 0.0, 1983-09-15 00:00:00, 0.0, 18.0
2.0, 2.0, 12.0, 0.0, 1983-09-16 00:00:00, 0.0, 19.0
3.0, 3.0, 7.0, 0.0, 1983-09-17 00:00:00, 0.0, 15.5
0.0, 0.0, 8.0, 0.0, 1983-09-18 00:00:00, 0.0, 20.0
0.0, 0.0, 3.0, 0.0, 1983-09-19 00:00:00, 0.0, 19.0
0.0, 0.0, 3.0, 0.0, 1983-09-20 00:00:00, 0.0, 20.0
0.0, 0.0, 6.5, 0.0, 1983-09-21 00:00:00, 0.0, 25.5
0.0, 0.0, 10.0, 0.0, 1983-09-22 00:00:00, 0.0, 24.5
0.0, 0.0, 9.5, 0.0, 1983-09-23 00:00:00, 0.0, 21.0
0.0, 0.0, 11.5, 0.0, 1983-09-24 00:00:00, 0.0, 17.0
0.0, 0.0, 11.0, 0.0, 1983-09-25 00:00:00, 0.0, 20.0
12.2, 12.2, 9.5, 0.0, 1983-09-26 00:00:00, 0.0, 12.0
0.0, 0.0, 4.5, 0.0, 1983-09-27 00:00:00, 0.0, 14.0
0.0, 0.0, 3.5, 0.0, 1983-09-28 00:00:00, 0.0, 15.5
0.0, 0.0, 2.5, 0.0, 1983-09-29 00:00:00, 0.0, 17.5
0.0, 0.0, 4.5, 0.0, 1983-09-30 00:00:00, 0.0, 19.0
0.0, 0.0, 4.0, 0.0, 1983-10-01 00:00:00, 0.0, 15.0
2.2, 2.2, 5.5, 0.0, 1983-10-02 00:00:00, 0.0, 14.0
12.0, 12.0, 10.0, 0.0, 1983-10-03 00:00:00, 0.0, 11.5
0.0, 0.0, 8.0, 0.0, 1983-10-04 00:00:00, 0.0, 16.5
0.0, 0.0, 3.0, 0.0, 1983-10-05 00:00:00, 0.0, 15.5
0.0, 0.0, 6.0, 0.0, 1983-10-06 00:00:00, 0.0, 15.0
0.0, 0.0, 3.0, 0.0, 1983-10-07 00:00:00, 0.0, 15.0
0.0, 0.0, 5.5, 0.0, 1983-10-08 00:00:00, 0.0, 14.5
0.0, 0.0, 4.0, 0.0, 1983-10-09 00:00:00, 0.0, 15.0
0.0, 0.0, 4.0, 0.0, 1983-10-10 00:00:00, 0.0, 15.0
0.0, 0.0, 3.0, 0.0, 1983-10-11 00:00:00, 0.0, 16.0
0.5, 0.5, 3.0, 0.0, 1983-10-12 00:00:00, 0.0, 15.5
1.0, 1.0, 7.0, 0.0, 1983-10-13 00:00:00, 0.0, 11.0
0.0, 0.0, 7.5, 0.0, 1983-10-14 00:00:00, 0.0, 14.0
0.0, 0.0, 3.0, 0.0, 1983-10-15 00:00:00, 0.0, 14.0
8.4, 8.4, 3.5, 0.0, 1983-10-16 00:00:00, 0.0, 14.0
0.0, 0.0, 7.5, 0.0, 1983-10-17 00:00:00, 0.0, 13.5
2.0, 2.0, 5.0, 0.0, 1983-10-18 00:00:00, 0.0, 13.0
9.4, 9.4, 8.5, 0.0, 1983-10-19 00:00:00, 0.0, 11.5
2.3, 2.3, 10.0, 0.0, 1983-10-20 00:00:00, 0.0, 15.0
26.8, 26.8, 10.0, 0.0, 1983-10-21 00:00:00, 0.0, 13.5
1.4, 1.4, 7.5, 0.0, 1983-10-22 00:00:00, 0.0, 14.5
0.0, 0.0, 2.5, 0.0, 1983-10-23 00:00:00, 0.0, 12.5
10.0, 10.0, 3.0, 0.0, 1983-10-24 00:00:00, 0.0, 9.0
0.6, 0.6, 7.5, 0.0, 1983-10-25 00:00:00, 0.0, 13.5
2.6, 2.6, 10.0, 0.0, 1983-10-26 00:00:00, 0.0, 13.0
0.0, 0.0, 7.0, 0.0, 1983-10-27 00:00:00, 0.0, 15.0
0.0, 0.0, 2.0, 0.0, 1983-10-28 00:00:00, 0.0, 14.0
16.2, 16.2, 2.5, 0.0, 1983-10-29 00:00:00, 0.0, 13.0
16.0, 16.0, 10.5, 0.0, 1983-10-30 00:00:00, 0.0, 13.5
1.0, 1.0, 5.5, 0.0, 1983-10-31 00:00:00, 0.0, 15.0
27.5, 27.5, 6.0, 0.0, 1983-11-01 00:00:00, 0.0, 12.0
23.6, 23.6, 9.5, 0.0, 1983-11-02 00:00:00, 0.0, 14.5
7.7, 7.7, 9.0, 0.0, 1983-11-03 00:00:00, 0.0, 12.0
1.0, 1.0, 8.0, 0.0, 1983-11-04 00:00:00, 0.0, 10.5
9.2, 9.2, 4.5, 0.0, 1983-11-05 00:00:00, 0.0, 9.0
13.7, 13.7, 4.0, 0.0, 1983-11-06 00:00:00, 0.0, 9.5
2.3, 2.3, 6.0, 0.0, 1983-11-07 00:00:00, 0.0, 10.0
7.9, 7.9, 5.5, 0.0, 1983-11-08 00:00:00, 0.0, 9.5
4.2, 4.2, 4.0, 0.0, 1983-11-09 00:00:00, 0.0, 11.0
11.7, 11.7, 5.0, 0.0, 1983-11-10 00:00:00, 0.0, 14.0
4.4, 4.4, 9.5, 0.0, 1983-11-11 00:00:00, 0.0, 13.0
7.3, 7.3, 8.0, 0.0, 1983-11-12 00:00:00, 0.0, 9.5
35.7, 35.7, 7.0, 0.0, 1983-11-13 00:00:00, 0.0, 10.5
49.5, 49.5, 7.0, 0.0, 1983-11-14 00:00:00, 0.0, 11.0
31.6, 31.6, 6.5, 0.0, 1983-11-15 00:00:00, 0.0, 11.5
17.5, 17.5, 9.0, 0.0, 1983-11-16 00:00:00, 0.0, 11.5
20.5, 20.5, 8.0, 0.0, 1983-11-17 00:00:00, 0.0, 9.5
1.4, 1.4, 5.0, 0.0, 1983-11-18 00:00:00, 0.0, 10.0
13.9, 13.9, 5.0, 0.0, 1983-11-19 00:00:00, 0.0, 7.0
0.0, 0.0, 5.0, 0.0, 1983-11-20 00:00:00, 0.0, 9.5
1.0, 1.0, 3.0, 0.0, 1983-11-21 00:00:00, 0.0, 8.0
11.6, 11.6, 4.5, 0.0, 1983-11-22 00:00:00, 0.0, 5.5
15.6, 15.6, 4.0, 0.0, 1983-11-23 00:00:00, 0.0, 7.5
32.6, 32.6, 4.5, 0.0, 1983-11-24 00:00:00, 0.0, 7.5
2.8, 2.8, 1.5, 0.0, 1983-11-25 00:00:00, 0.0, 7.5
37.0, 37.0, 4.5, 0.0, 1983-11-26 00:00:00, 0.0, 6.0
0.0, 0.0, 4.5, 0.0, 1983-11-27 00:00:00, 0.0, 7.0
0.0, 0.0, 1.0, 0.0, 1983-11-28 00:00:00, 0.0, 7.0
0.0, 0.0, -2.5, 0.0, 1983-11-29 00:00:00, 0.0, 6.5
0.0, 0.0, -3.0, 0.0, 1983-11-30 00:00:00, 0.0, 6.5
0.0, 0.0, -6.0, 0.0, 1983-12-01 00:00:00, 0.0, 4.0
0.6, 0.6, -3.0, 0.0, 1983-12-02 00:00:00, 0.0, 2.5
0.0, 0.0, -1.5, 0.0, 1983-12-03 00:00:00, None, 4.5
6.6, 6.6, -3.0, 0.0, 1983-12-04 00:00:00, 0.0, 2.5
0.0, 0.0, 0.5, 0.0, 1983-12-05 00:00:00, 0.0, 3.0
0.0, 0.0, 0.0, 0.0, 1983-12-06 00:00:00, 0.0, 4.0
11.0, 8.0, -5.0, 3.0, 1983-12-07 00:00:00, 0.0, 4.0
3.2, 3.2, -0.5, 0.0, 1983-12-08 00:00:00, None, 7.0
2.8, 2.8, 4.0, 0.0, 1983-12-09 00:00:00, 0.0, 6.0
4.8, 4.8, 2.5, 0.0, 1983-12-10 00:00:00, 0.0, 6.0
0.4, 0.4, 3.5, 0.0, 1983-12-11 00:00:00, 0.0, 8.0
18.6, 18.6, 3.0, 0.0, 1983-12-12 00:00:00, 0.0, 6.0
4.6, 4.6, 3.0, 0.0, 1983-12-13 00:00:00, 0.0, 10.5
0.0, 0.0, 4.5, 0.0, 1983-12-14 00:00:00, 0.0, 6.5
0.0, 0.0, -1.0, 0.0, 1983-12-15 00:00:00, 0.0, 6.0
0.0, 0.0, -2.0, 0.0, 1983-12-16 00:00:00, 0.0, 4.0
0.0, 0.0, -4.5, 0.0, 1983-12-17 00:00:00, 0.0, 0.5
0.0, 0.0, -7.0, 0.0, 1983-12-18 00:00:00, 0.0, 1.0
0.0, 0.0, -7.5, 0.0, 1983-12-19 00:00:00, None, 0.0
0.0, 0.0, -9.5, 0.0, 1983-12-20 00:00:00, 0.0, -2.0
0.0, 0.0, -12.0, 0.0, 1983-12-21 00:00:00, 0.0, -3.0
0.0, 0.0, -12.5, 0.0, 1983-12-22 00:00:00, 0.0, -5.0
0.0, 0.0, -14.5, 0.0, 1983-12-23 00:00:00, 0.0, -3.5
0.0, 0.0, -7.0, 0.0, 1983-12-24 00:00:00, 0.0, 0.0
11.0, 11.0, -1.0, 0.0, 1983-12-25 00:00:00, 0.0, 3.0
0.0, 0.0, 2.0, 0.0, 1983-12-26 00:00:00, 0.0, 4.5
0.0, 0.0, -4.0, 0.0, 1983-12-27 00:00:00, 0.0, 3.5
0.0, 0.0, -7.5, 0.0, 1983-12-28 00:00:00, 0.0, -1.0
25.1, 23.5, -4.0, 1.6, 1983-12-29 00:00:00, None, 6.0
14.0, 14.0, -0.5, 0.0, 1983-12-30 00:00:00, None, 8.5
0.0, 0.0, 4.0, 0.0, 1983-12-31 00:00:00, 0.0, 8.0
34.8, 34.8, 4.0, 0.0, 1984-01-01 00:00:00, 0.0, 7.0
15.0, 15.0, 5.0, 0.0, 1984-01-02 00:00:00, 0.0, 8.0
61.2, 61.2, 6.5, 0.0, 1984-01-03 00:00:00, 0.0, 11.0
9.3, 9.3, 9.5, 0.0, 1984-01-04 00:00:00, 0.0, 11.0
2.9, 2.9, 5.0, 0.0, 1984-01-05 00:00:00, 0.0, 8.0
3.3, 3.3, 6.0, 0.0, 1984-01-06 00:00:00, 0.0, 10.0
9.0, 9.0, 5.0, 0.0, 1984-01-07 00:00:00, 0.0, 10.5
1.9, 1.9, 6.5, 0.0, 1984-01-08 00:00:00, 0.0, 8.0
6.2, 6.2, 6.5, 0.0, 1984-01-09 00:00:00, 0.0, 8.5
7.4, 7.4, 6.0, 0.0, 1984-01-10 00:00:00, 0.0, 7.5
0.0, 0.0, 5.0, 0.0, 1984-01-11 00:00:00, 0.0, 7.5
0.0, 0.0, 2.5, 0.0, 1984-01-12 00:00:00, 0.0, 7.0
0.0, 0.0, -2.0, 0.0, 1984-01-13 00:00:00, 0.0, 6.5
0.0, 0.0, -5.0, 0.0, 1984-01-14 00:00:00, 0.0, 4.5
0.0, 0.0, -6.0, 0.0, 1984-01-15 00:00:00, 0.0, 3.5
0.0, 0.0, -6.0, 0.0, 1984-01-16 00:00:00, 0.0, 4.5
0.0, 0.0, -5.0, 0.0, 1984-01-17 00:00:00, 0.0, 3.5
0.0, 0.0, -8.0, 0.0, 1984-01-18 00:00:00, 0.0, 1.0
0.0, 0.0, -7.0, 0.0, 1984-01-19 00:00:00, 0.0, 2.5
14.4, 12.0, -6.0, 2.4, 1984-01-20 00:00:00, 0.0, 1.5
27.6, 27.6, 0.5, 0.0, 1984-01-21 00:00:00, 0.0, 5.0
10.6, 10.6, 3.0, 0.0, 1984-01-22 00:00:00, 0.0, 8.0
39.6, 39.6, 4.0, 0.0, 1984-01-23 00:00:00, 0.0, 5.5
15.9, 15.9, 4.0, 0.0, 1984-01-24 00:00:00, 0.0, 8.5
4.3, 4.3, 6.5, 0.0, 1984-01-25 00:00:00, 0.0, 10.5
21.2, 21.2, 3.0, 0.0, 1984-01-26 00:00:00, 0.0, 7.5
3.4, 3.4, 4.5, 0.0, 1984-01-27 00:00:00, 0.0, 9.0
0.7, 0.7, 7.0, 0.0, 1984-01-28 00:00:00, 0.0, 11.0
0.0, 0.0, 3.0, 0.0, 1984-01-29 00:00:00, 0.0, 9.0
0.0, 0.0, -0.5, 0.0, 1984-01-30 00:00:00, 0.0, 7.0
0.0, 0.0, -1.5, 0.0, 1984-01-31 00:00:00, 0.0, 4.0
0.0, 0.0, 0.5, 0.0, 1984-02-01 00:00:00, 0.0, 7.5
0.0, 0.0, 1.5, 0.0, 1984-02-02 00:00:00, 0.0, 7.0
0.0, 0.0, -0.5, 0.0, 1984-02-03 00:00:00, 0.0, 8.5
0.0, 0.0, -1.0, 0.0, 1984-02-04 00:00:00, 0.0, 9.5
2.0, 2.0, -1.5, 0.0, 1984-02-05 00:00:00, 0.0, 13.5
0.0, 0.0, 6.0, 0.0, 1984-02-06 00:00:00, 0.0, 9.0
11.2, 11.2, 3.0, 0.0, 1984-02-07 00:00:00, 0.0, 11.0
11.6, 11.6, 8.0, 0.0, 1984-02-08 00:00:00, 0.0, 11.0
7.2, 7.2, 6.0, 0.0, 1984-02-09 00:00:00, 0.0, 9.5
17.7, 17.7, 5.0, 0.0, 1984-02-10 00:00:00, 0.0, 8.5
16.8, 16.8, 4.5, 0.0, 1984-02-11 00:00:00, 0.0, 9.0
8.6, 8.6, 6.5, 0.0, 1984-02-12 00:00:00, 0.0, 12.0
4.7, 4.7, 5.0, 0.0, 1984-02-13 00:00:00, 0.0, 10.0
20.8, 20.8, 1.5, 0.0, 1984-02-14 00:00:00, 0.0, 8.0
0.0, 0.0, 2.0, 0.0, 1984-02-15 00:00:00, 0.0, 9.0
0.0, 0.0, -1.5, 0.0, 1984-02-16 00:00:00, 0.0, 10.0
4.2, 4.2, -1.0, 0.0, 1984-02-17 00:00:00, 0.0, 8.5
1.6, 1.6, 4.0, 0.0, 1984-02-18 00:00:00, 0.0, 8.0
45.5, 45.5, 5.5, 0.0, 1984-02-19 00:00:00, 0.0, 9.0
5.5, 5.5, 8.0, 0.0, 1984-02-20 00:00:00, 0.0, 8.5
3.4, 3.4, 5.0, 0.0, 1984-02-21 00:00:00, 0.0, 9.0
12.2, 12.2, 1.5, 0.0, 1984-02-22 00:00:00, 0.0, 4.0
5.2, 5.2, 0.5, 0.0, 1984-02-23 00:00:00, 0.0, 6.5
0.0, 0.0, 3.5, 0.0, 1984-02-24 00:00:00, 0.0, 10.5
0.0, 0.0, 3.5, 0.0, 1984-02-25 00:00:00, 0.0, 9.0
13.2, 13.2, 2.5, 0.0, 1984-02-26 00:00:00, 0.0, 6.5
12.3, 12.3, 4.0, 0.0, 1984-02-27 00:00:00, 0.0, 10.5
2.2, 2.2, 5.5, 0.0, 1984-02-28 00:00:00, 0.0, 8.5
8.2, 8.2, 4.0, 0.0, 1984-02-29 00:00:00, 0.0, 11.0
3.3, 3.3, 4.5, 0.0, 1984-03-01 00:00:00, 0.0, 9.0
0.0, 0.0, 3.0, 0.0, 1984-03-02 00:00:00, 0.0, 10.0
0.0, 0.0, 0.5, 0.0, 1984-03-03 00:00:00, 0.0, 10.0
0.0, 0.0, 0.0, 0.0, 1984-03-04 00:00:00, 0.0, 11.5
0.0, 0.0, 1.0, 0.0, 1984-03-05 00:00:00, 0.0, 14.0
0.0, 0.0, 2.0, 0.0, 1984-03-06 00:00:00, 0.0, 17.0
0.0, 0.0, 3.0, 0.0, 1984-03-07 00:00:00, 0.0, 16.0
0.0, 0.0, 3.5, 0.0, 1984-03-08 00:00:00, 0.0, 17.0
7.0, 7.0, 6.0, 0.0, 1984-03-09 00:00:00, 0.0, 16.0
2.0, 2.0, 8.5, 0.0, 1984-03-10 00:00:00, 0.0, 12.0
17.0, 17.0, 6.0, 0.0, 1984-03-11 00:00:00, 0.0, 10.0
8.8, 8.8, 6.0, 0.0, 1984-03-12 00:00:00, 0.0, 9.0
4.4, 4.4, 4.5, 0.0, 1984-03-13 00:00:00, 0.0, 8.5
2.0, 2.0, 5.5, 0.0, 1984-03-14 00:00:00, 0.0, 9.5
3.6, 3.6, 6.5, 0.0, 1984-03-15 00:00:00, 0.0, 9.0
3.0, 3.0, 5.0, 0.0, 1984-03-16 00:00:00, 0.0, 12.0
2.2, 2.2, 5.5, 0.0, 1984-03-17 00:00:00, 0.0, 11.5
0.0, 0.0, 6.5, 0.0, 1984-03-18 00:00:00, 0.0, 12.5
14.2, 14.2, 5.0, 0.0, 1984-03-19 00:00:00, 0.0, 14.5
29.5, 29.5, 7.5, 0.0, 1984-03-20 00:00:00, 0.0, 11.5
5.0, 5.0, 5.5, 0.0, 1984-03-21 00:00:00, 0.0, 9.0
4.5, 4.5, 7.0, 0.0, 1984-03-22 00:00:00, 0.0, 9.5
0.7, 0.7, 4.0, 0.0, 1984-03-23 00:00:00, 0.0, 13.0
22.4, 22.4, 4.5, 0.0, 1984-03-24 00:00:00, 0.0, 12.0
8.2, 8.2, 2.5, 0.0, 1984-03-25 00:00:00, 0.0, 5.5
0.0, 0.0, 3.0, 0.0, 1984-03-26 00:00:00, 0.0, 12.0
7.2, 7.2, 4.0, 0.0, 1984-03-27 00:00:00, 0.0, 13.5
0.0, 0.0, 5.5, 0.0, 1984-03-28 00:00:00, 0.0, 13.0
0.0, 0.0, 2.5, 0.0, 1984-03-29 00:00:00, 0.0, 12.5
0.0, 0.0, 1.5, 0.0, 1984-03-30 00:00:00, 0.0, 17.0
0.0, 0.0, 1.5, 0.0, 1984-03-31 00:00:00, 0.0, 17.0
0.0, 0.0, 3.5, 0.0, 1984-04-01 00:00:00, 0.0, 14.0
2.8, 2.8, 5.5, 0.0, 1984-04-02 00:00:00, 0.0, 14.0
2.8, 2.8, 6.0, 0.0, 1984-04-03 00:00:00, 0.0, 12.0
0.0, 0.0, 4.0, 0.0, 1984-04-04 00:00:00, 0.0, 13.0
5.4, 5.4, 5.5, 0.0, 1984-04-05 00:00:00, 0.0, 9.5
10.3, 10.3, 1.5, 0.0, 1984-04-06 00:00:00, 0.0, 12.0
2.5, 2.5, 4.0, 0.0, 1984-04-07 00:00:00, 0.0, 10.5
0.4, 0.4, 3.5, 0.0, 1984-04-08 00:00:00, 0.0, 12.5
22.7, 22.7, 4.0, 0.0, 1984-04-09 00:00:00, 0.0, 7.0
14.9, 14.9, 3.5, 0.0, 1984-04-10 00:00:00, 0.0, 11.5
22.0, 22.0, 5.0, 0.0, 1984-04-11 00:00:00, 0.0, 8.5
4.2, 4.2, 5.0, 0.0, 1984-04-12 00:00:00, 0.0, 11.5
5.4, 5.4, 3.0, 0.0, 1984-04-13 00:00:00, 0.0, 14.0
0.0, 0.0, 7.0, 0.0, 1984-04-14 00:00:00, 0.0, 20.5
2.2, 2.2, 10.0, 0.0, 1984-04-15 00:00:00, 0.0, 16.5
1.2, 1.2, 6.5, 0.0, 1984-04-16 00:00:00, 0.0, 14.0
3.4, 3.4, 5.0, 0.0, 1984-04-17 00:00:00, 0.0, 14.0
0.6, 0.6, 7.0, 0.0, 1984-04-18 00:00:00, 0.0, 15.0
0.0, 0.0, 6.0, 0.0, 1984-04-19 00:00:00, 0.0, 13.0
1.7, 1.7, 3.0, 0.0, 1984-04-20 00:00:00, 0.0, 16.0
5.5, 5.5, 6.5, 0.0, 1984-04-21 00:00:00, 0.0, 14.5
13.5, 13.5, 4.5, 0.0, 1984-04-22 00:00:00, 0.0, 7.5
0.0, 0.0, 3.0, 0.0, 1984-04-23 00:00:00, 0.0, 11.0
0.0, 0.0, 1.0, 0.0, 1984-04-24 00:00:00, 0.0, 12.0
0.0, 0.0, 0.0, 0.0, 1984-04-25 00:00:00, 0.0, 14.0
0.0, 0.0, 1.0, 0.0, 1984-04-26 00:00:00, 0.0, 17.5
0.0, 0.0, 2.5, 0.0, 1984-04-27 00:00:00, 0.0, 17.5
0.0, 0.0, 6.0, 0.0, 1984-04-28 00:00:00, 0.0, 16.0
7.2, 7.2, 7.0, 0.0, 1984-04-29 00:00:00, 0.0, 15.5
30.2, 30.2, 6.5, 0.0, 1984-04-30 00:00:00, 0.0, 10.0
24.4, 24.4, 7.0, 0.0, 1984-05-01 00:00:00, 0.0, 10.5
1.4, 1.4, 6.5, 0.0, 1984-05-02 00:00:00, 0.0, 14.5
0.0, 0.0, 4.0, 0.0, 1984-05-03 00:00:00, 0.0, 15.0
15.4, 15.4, 5.0, 0.0, 1984-05-04 00:00:00, 0.0, 12.0
5.4, 5.4, 5.0, 0.0, 1984-05-05 00:00:00, 0.0, 13.0
0.0, 0.0, 6.5, 0.0, 1984-05-06 00:00:00, 0.0, 15.0
5.7, 5.7, 4.5, 0.0, 1984-05-07 00:00:00, 0.0, 21.5
2.0, 2.0, 10.0, 0.0, 1984-05-08 00:00:00, 0.0, 16.0
5.2, 5.2, 5.5, 0.0, 1984-05-09 00:00:00, 0.0, 13.5
4.0, 4.0, 6.0, 0.0, 1984-05-10 00:00:00, 0.0, 15.5
7.0, 7.0, 7.0, 0.0, 1984-05-11 00:00:00, 0.0, 16.5
6.6, 6.6, 6.5, 0.0, 1984-05-12 00:00:00, 0.0, 16.5
4.9, 4.9, 9.0, 0.0, 1984-05-13 00:00:00, 0.0, 13.0
1.4, 1.4, 7.0, 0.0, 1984-05-14 00:00:00, 0.0, 14.0
0.0, 0.0, 4.0, 0.0, 1984-05-15 00:00:00, 0.0, 16.0
0.6, 0.6, 7.0, 0.0, 1984-05-16 00:00:00, 0.0, 14.5
0.0, 0.0, 7.5, 0.0, 1984-05-17 00:00:00, 0.0, 16.0
16.3, 16.3, 9.0, 0.0, 1984-05-18 00:00:00, 0.0, 13.5
3.5, 3.5, 10.0, 0.0, 1984-05-19 00:00:00, 0.0, 16.5
0.0, 0.0, 5.0, 0.0, 1984-05-20 00:00:00, 0.0, 15.5
1.0, 1.0, 6.5, 0.0, 1984-05-21 00:00:00, 0.0, 16.0
13.7, 13.7, 7.0, 0.0, 1984-05-22 00:00:00, 0.0, 11.0
0.0, 0.0, 7.5, 0.0, 1984-05-23 00:00:00, 0.0, 16.0
0.0, 0.0, 6.5, 0.0, 1984-05-24 00:00:00, 0.0, 16.0
17.0, 17.0, 4.0, 0.0, 1984-05-25 00:00:00, 0.0, 12.5
0.0, 0.0, 7.5, 0.0, 1984-05-26 00:00:00, 0.0, 16.0
0.0, 0.0, 9.5, 0.0, 1984-05-27 00:00:00, 0.0, 20.0
0.0, 0.0, 9.5, 0.0, 1984-05-28 00:00:00, 0.0, 26.0
0.0, 0.0, 11.5, 0.0, 1984-05-29 00:00:00, 0.0, 23.0
0.0, 0.0, 10.0, 0.0, 1984-05-30 00:00:00, 0.0, 17.0
0.0, 0.0, 8.0, 0.0, 1984-05-31 00:00:00, 0.0, 16.5
0.0, 0.0, 6.5, 0.0, 1984-06-01 00:00:00, 0.0, 18.0
0.0, 0.0, 9.5, 0.0, 1984-06-02 00:00:00, 0.0, 19.0
14.7, 14.7, 10.0, 0.0, 1984-06-03 00:00:00, 0.0, 12.0
1.4, 1.4, 8.5, 0.0, 1984-06-04 00:00:00, 0.0, 16.0
1.8, 1.8, 10.5, 0.0, 1984-06-05 00:00:00, 0.0, 16.5
0.0, 0.0, 9.5, 0.0, 1984-06-06 00:00:00, 0.0, 17.5
0.0, 0.0, 11.5, 0.0, 1984-06-07 00:00:00, 0.0, 15.0
0.0, 0.0, 10.0, 0.0, 1984-06-08 00:00:00, 0.0, 16.5
0.0, 0.0, 9.5, 0.0, 1984-06-09 00:00:00, 0.0, 15.0
0.0, 0.0, 10.0, 0.0, 1984-06-10 00:00:00, 0.0, 19.5
0.0, 0.0, 8.0, 0.0, 1984-06-11 00:00:00, 0.0, 21.0
0.0, 0.0, 11.0, 0.0, 1984-06-12 00:00:00, 0.0, 22.5
0.0, 0.0, 11.5, 0.0, 1984-06-13 00:00:00, 0.0, 23.0
0.0, 0.0, 11.0, 0.0, 1984-06-14 00:00:00, 0.0, 23.0
0.0, 0.0, 11.5, 0.0, 1984-06-15 00:00:00, 0.0, 18.5
0.0, 0.0, 9.5, 0.0, 1984-06-16 00:00:00, 0.0, 19.0
0.0, 0.0, 8.0, 0.0, 1984-06-17 00:00:00, 0.0, 20.0
0.0, 0.0, 8.0, 0.0, 1984-06-18 00:00:00, 0.0, 18.5
0.0, 0.0, 12.5, 0.0, 1984-06-19 00:00:00, 0.0, 22.0
0.0, 0.0, 13.0, 0.0, 1984-06-20 00:00:00, 0.0, 21.5
0.0, 0.0, 11.5, 0.0, 1984-06-21 00:00:00, 0.0, 20.0
0.0, 0.0, 12.0, 0.0, 1984-06-22 00:00:00, 0.0, 21.5
1.8, 1.8, 12.0, 0.0, 1984-06-23 00:00:00, 0.0, 27.5
0.0, 0.0, 14.5, 0.0, 1984-06-24 00:00:00, 0.0, 25.0
1.5, 1.5, 13.0, 0.0, 1984-06-25 00:00:00, 0.0, 25.0
7.7, 7.7, 13.5, 0.0, 1984-06-26 00:00:00, 0.0, 19.0
15.7, 15.7, 9.5, 0.0, 1984-06-27 00:00:00, 0.0, 17.5
39.3, 39.3, 13.0, 0.0, 1984-06-28 00:00:00, 0.0, 15.0
0.0, 0.0, 9.5, 0.0, 1984-06-29 00:00:00, 0.0, 17.5
9.3, 9.3, 7.0, 0.0, 1984-06-30 00:00:00, 0.0, 17.5
1.4, 1.4, 10.0, 0.0, 1984-07-01 00:00:00, 0.0, 18.5
0.0, 0.0, 10.0, 0.0, 1984-07-02 00:00:00, 0.0, 22.0
0.0, 0.0, 10.5, 0.0, 1984-07-03 00:00:00, 0.0, 24.0
0.0, 0.0, 13.5, 0.0, 1984-07-04 00:00:00, 0.0, 20.0
0.0, 0.0, 11.5, 0.0, 1984-07-05 00:00:00, 0.0, 21.5
0.0, 0.0, 11.0, 0.0, 1984-07-06 00:00:00, 0.0, 20.5
0.0, 0.0, 12.0, 0.0, 1984-07-07 00:00:00, 0.0, 19.5
0.0, 0.0, 11.5, 0.0, 1984-07-08 00:00:00, 0.0, 22.0
0.0, 0.0, 10.0, 0.0, 1984-07-09 00:00:00, 0.0, 22.0
0.0, 0.0, 11.5, 0.0, 1984-07-10 00:00:00, 0.0, 23.5
0.0, 0.0, 10.0, 0.0, 1984-07-11 00:00:00, 0.0, 21.0
0.0, 0.0, 12.5, 0.0, 1984-07-12 00:00:00, 0.0, 19.5
0.0, 0.0, 13.0, 0.0, 1984-07-13 00:00:00, 0.0, 22.5
0.0, 0.0, 10.5, 0.0, 1984-07-14 00:00:00, 0.0, 26.0
0.0, 0.0, 12.5, 0.0, 1984-07-15 00:00:00, 0.0, 28.0
0.0, 0.0, 14.0, 0.0, 1984-07-16 00:00:00, 0.0, 29.0
0.0, 0.0, 14.5, 0.0, 1984-07-17 00:00:00, 0.0, 25.0
0.0, 0.0, 11.0, 0.0, 1984-07-18 00:00:00, 0.0, 22.5
0.0, 0.0, 10.5, 0.0, 1984-07-19 00:00:00, 0.0, 22.5
1.6, 1.6, 12.5, 0.0, 1984-07-20 00:00:00, 0.0, 18.0
0.0, 0.0, 11.0, 0.0, 1984-07-21 00:00:00, 0.0, 21.0
0.0, 0.0, 10.0, 0.0, 1984-07-22 00:00:00, 0.0, 28.0
0.0, 0.0, 14.0, 0.0, 1984-07-23 00:00:00, 0.0, 31.5
0.0, 0.0, 14.0, 0.0, 1984-07-24 00:00:00, 0.0, 32.5
1.4, 1.4, 16.0, 0.0, 1984-07-25 00:00:00, 0.0, 27.5
0.0, 0.0, 16.0, 0.0, 1984-07-26 00:00:00, 0.0, 24.5
0.0, 0.0, 13.0, 0.0, 1984-07-27 00:00:00, 0.0, 25.0
0.0, 0.0, 13.0, 0.0, 1984-07-28 00:00:00, 0.0, 25.0
0.0, 0.0, 15.0, 0.0, 1984-07-29 00:00:00, 0.0, 29.5
0.0, 0.0, 13.0, 0.0, 1984-07-30 00:00:00, 0.0, 28.5
0.0, 0.0, 13.0, 0.0, 1984-07-31 00:00:00, 0.0, 27.5
0.0, 0.0, 13.0, 0.0, 1984-08-01 00:00:00, 0.0, 23.0
0.0, 0.0, 13.0, 0.0, 1984-08-02 00:00:00, 0.0, 22.5
0.0, 0.0, 12.5, 0.0, 1984-08-03 00:00:00, 0.0, 23.0
0.0, 0.0, 12.0, 0.0, 1984-08-04 00:00:00, 0.0, 24.5
8.4, 8.4, 12.5, 0.0, 1984-08-05 00:00:00, 0.0, 16.0
0.4, 0.4, 11.0, 0.0, 1984-08-06 00:00:00, 0.0, 22.0
0.0, 0.0, 15.0, 0.0, 1984-08-07 00:00:00, 0.0, 20.0
0.0, 0.0, 12.5, 0.0, 1984-08-08 00:00:00, 0.0, 29.0
0.0, 0.0, 14.0, 0.0, 1984-08-09 00:00:00, 0.0, 26.5
0.0, 0.0, 14.0, 0.0, 1984-08-10 00:00:00, 0.0, 24.5
0.0, 0.0, 12.0, 0.0, 1984-08-11 00:00:00, 0.0, 24.5
0.0, 0.0, 15.0, 0.0, 1984-08-12 00:00:00, 0.0, 20.0
0.0, 0.0, 13.5, 0.0, 1984-08-13 00:00:00, 0.0, 22.5
0.0, 0.0, 14.0, 0.0, 1984-08-14 00:00:00, 0.0, 23.5
0.8, 0.8, 12.5, 0.0, 1984-08-15 00:00:00, 0.0, 25.0
0.6, 0.6, 15.0, 0.0, 1984-08-16 00:00:00, 0.0, 28.0
0.0, 0.0, 15.5, 0.0, 1984-08-17 00:00:00, 0.0, 24.5
0.0, 0.0, 14.0, 0.0, 1984-08-18 00:00:00, 0.0, 23.0
0.0, 0.0, 9.5, 0.0, 1984-08-19 00:00:00, 0.0, 22.0
0.0, 0.0, 10.0, 0.0, 1984-08-20 00:00:00, 0.0, 24.5
0.0, 0.0, 11.0, 0.0, 1984-08-21 00:00:00, 0.0, 26.5
0.0, 0.0, 13.5, 0.0, 1984-08-22 00:00:00, 0.0, 24.0
0.0, 0.0, 12.5, 0.0, 1984-08-23 00:00:00, 0.0, 20.5
0.0, 0.0, 10.5, 0.0, 1984-08-24 00:00:00, 0.0, 23.0
0.0, 0.0, 10.0, 0.0, 1984-08-25 00:00:00, 0.0, 24.0
0.8, 0.8, 13.5, 0.0, 1984-08-26 00:00:00, 0.0, 20.0
1.8, 1.8, 13.5, 0.0, 1984-08-27 00:00:00, 0.0, 19.5
0.0, 0.0, 10.0, 0.0, 1984-08-28 00:00:00, 0.0, 18.0
0.0, 0.0, 8.5, 0.0, 1984-08-29 00:00:00, 0.0, 21.0
0.0, 0.0, 9.0, 0.0, 1984-08-30 00:00:00, 0.0, 22.0
2.8, 2.8, 11.5, 0.0, 1984-08-31 00:00:00, 0.0, 20.0
0.0, 0.0, 10.0, 0.0, 1984-09-01 00:00:00, 0.0, 19.5
0.0, 0.0, 6.5, 0.0, 1984-09-02 00:00:00, 0.0, 21.0
0.0, 0.0, 11.0, 0.0, 1984-09-03 00:00:00, 0.0, 24.5
12.8, 12.8, 12.5, 0.0, 1984-09-04 00:00:00, 0.0, 18.0
21.1, 21.1, 13.5, 0.0, 1984-09-05 00:00:00, 0.0, 14.5
0.0, 0.0, 8.5, 0.0, 1984-09-06 00:00:00, 0.0, 19.0
2.6, 2.6, 6.0, 0.0, 1984-09-07 00:00:00, 0.0, 18.0
0.0, 0.0, 11.5, 0.0, 1984-09-08 00:00:00, 0.0, 20.0
7.6, 7.6, 12.5, 0.0, 1984-09-09 00:00:00, 0.0, 20.5
0.0, 0.0, 11.5, 0.0, 1984-09-10 00:00:00, 0.0, 18.0
0.0, 0.0, 10.0, 0.0, 1984-09-11 00:00:00, 0.0, 18.5
0.0, 0.0, 11.0, 0.0, 1984-09-12 00:00:00, 0.0, 18.0
0.0, 0.0, 5.5, 0.0, 1984-09-13 00:00:00, 0.0, 21.5
0.0, 0.0, 6.0, 0.0, 1984-09-14 00:00:00, 0.0, 23.5
2.1, 2.1, 9.5, 0.0, 1984-09-15 00:00:00, 0.0, 22.5
2.4, 2.4, 13.5, 0.0, 1984-09-16 00:00:00, 0.0, 18.0
0.0, 0.0, 15.5, 0.0, 1984-09-17 00:00:00, 0.0, 24.5
0.0, 0.0, 15.0, 0.0, 1984-09-18 00:00:00, 0.0, 24.5
1.9, 1.9, 10.5, 0.0, 1984-09-19 00:00:00, 0.0, 22.0
0.8, 0.8, 11.5, 0.0, 1984-09-20 00:00:00, 0.0, 18.0
6.8, 6.8, 7.5, 0.0, 1984-09-21 00:00:00, 0.0, 17.0
0.6, 0.6, 7.5, 0.0, 1984-09-22 00:00:00, 0.0, 14.0
0.6, 0.6, 6.0, 0.0, 1984-09-23 00:00:00, 0.0, 19.0
0.0, 0.0, 3.0, 0.0, 1984-09-24 00:00:00, 0.0, 16.5
0.0, 0.0, 8.0, 0.0, 1984-09-25 00:00:00, 0.0, 18.5
0.0, 0.0, 8.5, 0.0, 1984-09-26 00:00:00, 0.0, 18.5
0.0, 0.0, 4.0, 0.0, 1984-09-27 00:00:00, 0.0, 19.0
0.0, 0.0, 4.0, 0.0, 1984-09-28 00:00:00, 0.0, 19.0
0.0, 0.0, 4.0, 0.0, 1984-09-29 00:00:00, 0.0, 23.5
0.0, 0.0, 6.5, 0.0, 1984-09-30 00:00:00, 0.0, 17.5
0.0, 0.0, 5.5, 0.0, 1984-10-01 00:00:00, 0.0, 16.5
0.0, 0.0, 8.0, 0.0, 1984-10-02 00:00:00, 0.0, 19.5
4.4, 4.4, 9.0, 0.0, 1984-10-03 00:00:00, 0.0, 21.0
4.8, 4.8, 12.5, 0.0, 1984-10-04 00:00:00, 0.0, 19.0
0.6, 0.6, 9.0, 0.0, 1984-10-05 00:00:00, 0.0, 18.5
22.9, 22.9, 11.0, 0.0, 1984-10-06 00:00:00, 0.0, 18.5
26.0, 26.0, 12.0, 0.0, 1984-10-07 00:00:00, 0.0, 16.5
10.6, 10.6, 15.0, 0.0, 1984-10-08 00:00:00, 0.0, 17.0
22.0, 22.0, 12.5, 0.0, 1984-10-09 00:00:00, 0.0, 15.0
12.9, 12.9, 10.0, 0.0, 1984-10-10 00:00:00, 0.0, 12.0
3.6, 3.6, 10.0, 0.0, 1984-10-11 00:00:00, 0.0, 14.0
8.0, 8.0, 7.0, 0.0, 1984-10-12 00:00:00, 0.0, 11.5
0.0, 0.0, 7.0, 0.0, 1984-10-13 00:00:00, 0.0, 13.0
0.0, 0.0, 3.0, 0.0, 1984-10-14 00:00:00, 0.0, 10.5
0.0, 0.0, 4.0, 0.0, 1984-10-15 00:00:00, 0.0, 10.5
0.0, 0.0, 0.5, 0.0, 1984-10-16 00:00:00, 0.0, 12.5
0.0, 0.0, 0.5, 0.0, 1984-10-17 00:00:00, 0.0, 12.0
0.0, 0.0, 2.5, 0.0, 1984-10-18 00:00:00, 0.0, 13.0
0.0, 0.0, -1.0, 0.0, 1984-10-19 00:00:00, 0.0, 12.5
0.0, 0.0, 3.5, 0.0, 1984-10-20 00:00:00, 0.0, 12.5
0.0, 0.0, 3.0, 0.0, 1984-10-21 00:00:00, 0.0, 11.5
0.8, 0.8, 1.5, 0.0, 1984-10-22 00:00:00, 0.0, 13.0
3.8, 3.8, 3.5, 0.0, 1984-10-23 00:00:00, 0.0, 8.0
26.2, 26.2, 5.5, 0.0, 1984-10-24 00:00:00, 0.0, 10.0
18.2, 18.2, 7.5, 0.0, 1984-10-25 00:00:00, 0.0, 10.0
0.6, 0.6, 4.5, 0.0, 1984-10-26 00:00:00, 0.0, 9.5
8.5, 8.5, 3.5, 0.0, 1984-10-27 00:00:00, 0.0, 7.5
0.0, 0.0, 3.0, 0.0, 1984-10-28 00:00:00, 0.0, 7.5
2.4, 2.4, -0.5, 0.0, 1984-10-29 00:00:00, 0.0, 6.5
0.0, 0.0, 3.5, 0.0, 1984-10-30 00:00:00, 0.0, 5.0
3.0, 1.0, -6.0, 2.0, 1984-10-31 00:00:00, 0.0, 1.0
34.9, 34.9, -0.5, 0.0, 1984-11-01 00:00:00, 1.0, 7.5
22.8, 22.8, 4.0, 0.0, 1984-11-02 00:00:00, 0.0, 9.0
8.6, 8.6, 6.5, 0.0, 1984-11-03 00:00:00, 0.0, 9.5
0.0, 0.0, 6.5, 0.0, 1984-11-04 00:00:00, 0.0, 11.5
3.0, 3.0, 4.5, 0.0, 1984-11-05 00:00:00, 0.0, 11.0
7.4, 7.4, 6.5, 0.0, 1984-11-06 00:00:00, 0.0, 9.5
1.0, 1.0, 6.5, 0.0, 1984-11-07 00:00:00, 0.0, 10.0
14.4, 14.4, 2.5, 0.0, 1984-11-08 00:00:00, 0.0, 9.5
1.2, 1.2, 4.5, 0.0, 1984-11-09 00:00:00, 0.0, 9.0
18.6, 18.6, 3.5, 0.0, 1984-11-10 00:00:00, 0.0, 6.5
12.4, 12.4, 4.5, 0.0, 1984-11-11 00:00:00, 0.0, 7.5
4.4, 4.4, 5.5, 0.0, 1984-11-12 00:00:00, 0.0, 11.0
0.0, 0.0, 6.0, 0.0, 1984-11-13 00:00:00, 0.0, 7.5
0.0, 0.0, -0.5, 0.0, 1984-11-14 00:00:00, 0.0, 7.5
0.0, 0.0, -2.5, 0.0, 1984-11-15 00:00:00, 0.0, 7.0
0.0, 0.0, -0.5, 0.0, 1984-11-16 00:00:00, 0.0, 8.0
9.2, 9.2, 4.5, 0.0, 1984-11-17 00:00:00, 0.0, 11.5
9.9, 9.9, 8.0, 0.0, 1984-11-18 00:00:00, 0.0, 9.5
7.4, 7.4, 6.5, 0.0, 1984-11-19 00:00:00, 0.0, 8.0
0.0, 0.0, 4.5, 0.0, 1984-11-20 00:00:00, 0.0, 8.0
0.0, 0.0, 2.0, 0.0, 1984-11-21 00:00:00, 0.0, 6.5
30.9, 30.9, 4.0, 0.0, 1984-11-22 00:00:00, 0.0, 9.5
2.2, 2.2, 5.5, 0.0, 1984-11-23 00:00:00, 0.0, 9.5
7.4, 7.4, 2.0, 0.0, 1984-11-24 00:00:00, 0.0, 6.0
5.4, 5.4, 2.5, 0.0, 1984-11-25 00:00:00, 0.0, 5.5
23.8, 23.8, 2.5, 0.0, 1984-11-26 00:00:00, 0.0, 5.5
25.5, 25.5, 0.5, 0.0, 1984-11-27 00:00:00, 0.0, 5.5
2.8, 2.8, 4.0, 0.0, 1984-11-28 00:00:00, 0.0, 6.0
23.5, 23.5, 0.0, 0.0, 1984-11-29 00:00:00, 0.0, 4.5
0.0, 0.0, 1.0, 0.0, 1984-11-30 00:00:00, 0.0, 5.5
0.0, 0.0, 0.0, 0.0, 1984-12-01 00:00:00, 0.0, 6.0
0.0, 0.0, -5.0, 0.0, 1984-12-02 00:00:00, 0.0, 4.5
0.0, 0.0, -5.0, 0.0, 1984-12-03 00:00:00, 0.0, 3.5
0.0, 0.0, -6.0, 0.0, 1984-12-04 00:00:00, 0.0, 4.0
0.0, 0.0, -5.0, 0.0, 1984-12-05 00:00:00, 0.0, 4.5
22.2, 22.2, -2.0, 0.0, 1984-12-06 00:00:00, 0.0, 6.5
41.2, 41.2, 4.0, 0.0, 1984-12-07 00:00:00, 0.0, 7.5
0.0, 0.0, 5.0, 0.0, 1984-12-08 00:00:00, 0.0, 7.0
10.4, 10.0, 0.5, 0.4, 1984-12-09 00:00:00, 0.0, 4.0
8.0, 7.0, -1.5, 1.0, 1984-12-10 00:00:00, 0.0, 5.5
28.8, 27.0, 0.0, 1.8, 1984-12-11 00:00:00, 0.0, 3.0
0.8, 0.8, 0.5, 0.0, 1984-12-12 00:00:00, 0.0, 4.5
46.7, 46.7, 2.5, 0.0, 1984-12-13 00:00:00, 0.0, 6.5
14.6, 14.6, 3.0, 0.0, 1984-12-14 00:00:00, 0.0, 6.5
0.6, 0.6, 1.0, 0.0, 1984-12-15 00:00:00, 0.0, 4.0
0.0, 0.0, -2.0, 0.0, 1984-12-16 00:00:00, 0.0, -0.5
0.0, 0.0, -4.5, 0.0, 1984-12-17 00:00:00, 0.0, -1.0
0.0, 0.0, -9.0, 0.0, 1984-12-18 00:00:00, 0.0, -1.0
2.0, 0.0, -7.0, 2.0, 1984-12-19 00:00:00, 0.0, 1.0
7.6, 0.0, -2.5, 7.6, 1984-12-20 00:00:00, None, 1.0
5.0, 4.0, 0.0, 1.0, 1984-12-21 00:00:00, None, 3.0
0.0, 0.0, 0.5, 0.0, 1984-12-22 00:00:00, None, 5.5
0.0, 0.0, 0.5, 0.0, 1984-12-23 00:00:00, None, 4.0
0.0, 0.0, 0.0, 0.0, 1984-12-24 00:00:00, None, 4.5
0.0, 0.0, 0.0, 0.0, 1984-12-25 00:00:00, None, 5.5
6.0, 6.0, -1.0, 0.0, 1984-12-26 00:00:00, None, 4.0
1.0, 0.0, -3.5, 1.0, 1984-12-27 00:00:00, None, 4.0
3.2, 0.0, -4.0, 3.2, 1984-12-28 00:00:00, None, 1.0
7.0, 0.0, -6.0, 7.0, 1984-12-29 00:00:00, None, -5.0
0.0, 0.0, -7.5, 0.0, 1984-12-30 00:00:00, None, -5.0
0.0, 0.0, -11.0, 0.0, 1984-12-31 00:00:00, None, -2.5
0.0, 0.0, -9.0, 0.0, 1985-01-01 00:00:00, 3.0, -1.5
0.0, 0.0, -7.0, 0.0, 1985-01-02 00:00:00, 3.0, 3.0
0.0, 0.0, -5.0, 0.0, 1985-01-03 00:00:00, 3.0, 0.5
0.0, 0.0, -4.0, 0.0, 1985-01-04 00:00:00, 3.0, 6.5
0.0, 0.0, 2.5, 0.0, 1985-01-05 00:00:00, 1.0, 10.0
0.0, 0.0, -3.0, 0.0, 1985-01-06 00:00:00, 0.0, 3.5
0.0, 0.0, 0.5, 0.0, 1985-01-07 00:00:00, 0.0, 6.0
0.0, 0.0, -2.0, 0.0, 1985-01-08 00:00:00, 0.0, 6.5
0.0, 0.0, -3.0, 0.0, 1985-01-09 00:00:00, 0.0, 2.0
0.0, 0.0, -1.5, 0.0, 1985-01-10 00:00:00, 0.0, 2.5
0.0, 0.0, -4.0, 0.0, 1985-01-11 00:00:00, 0.0, 3.5
0.0, 0.0, 1.0, 0.0, 1985-01-12 00:00:00, 0.0, 6.5
0.0, 0.0, 0.0, 0.0, 1985-01-13 00:00:00, 0.0, 5.0
6.0, 6.0, 2.5, 0.0, 1985-01-14 00:00:00, 0.0, 6.0
0.0, 0.0, 3.5, 0.0, 1985-01-15 00:00:00, 0.0, 7.5
2.4, 2.4, 0.5, 0.0, 1985-01-16 00:00:00, 0.0, 7.5
5.9, 5.9, 2.5, 0.0, 1985-01-17 00:00:00, 0.0, 7.5
1.6, 1.6, 5.5, 0.0, 1985-01-18 00:00:00, 0.0, 8.0
3.8, 3.8, 6.0, 0.0, 1985-01-19 00:00:00, 0.0, 8.0
0.8, 0.8, 5.0, 0.0, 1985-01-20 00:00:00, 0.0, 8.0
0.0, 0.0, 0.5, 0.0, 1985-01-21 00:00:00, 0.0, 4.0
0.0, 0.0, 1.0, 0.0, 1985-01-22 00:00:00, 0.0, 6.5
0.0, 0.0, -1.0, 0.0, 1985-01-23 00:00:00, 0.0, 3.0
0.0, 0.0, -2.0, 0.0, 1985-01-24 00:00:00, 0.0, 4.0
0.0, 0.0, -1.5, 0.0, 1985-01-25 00:00:00, 0.0, 7.0
0.0, 0.0, -3.5, 0.0, 1985-01-26 00:00:00, 0.0, 1.5
2.4, 1.9, 0.0, 0.5, 1985-01-27 00:00:00, 0.0, 3.5
0.0, 0.0, -4.5, 0.0, 1985-01-28 00:00:00, 0.0, 3.0
0.0, 0.0, -3.5, 0.0, 1985-01-29 00:00:00, 0.0, 5.5
0.0, 0.0, -4.5, 0.0, 1985-01-30 00:00:00, 0.0, 2.0
6.0, 0.0, -4.5, 6.0, 1985-01-31 00:00:00, 0.0, 5.0
10.0, 3.0, -1.0, 7.0, 1985-02-01 00:00:00, 7.0, 4.0
0.0, 0.0, -3.0, 0.0, 1985-02-02 00:00:00, 7.0, 3.5
0.0, 0.0, -7.0, 0.0, 1985-02-03 00:00:00, 5.0, 3.5
3.5, 0.0, -8.0, 3.5, 1985-02-04 00:00:00, 3.0, -1.0
0.5, 0.0, -3.5, 0.5, 1985-02-05 00:00:00, 7.0, 3.5
18.1, 16.6, -3.0, 1.5, 1985-02-06 00:00:00, 8.0, 2.0
0.0, 0.0, -1.0, 0.0, 1985-02-07 00:00:00, 7.0, 5.0
0.0, 0.0, -3.5, 0.0, 1985-02-08 00:00:00, 5.0, 4.0
11.5, 0.0, -3.0, 11.5, 1985-02-09 00:00:00, 5.0, 0.0
19.6, 19.6, -2.5, 0.0, 1985-02-10 00:00:00, 13.0, 3.0
9.4, 9.4, 1.0, 0.0, 1985-02-11 00:00:00, 12.0, 9.0
0.0, 0.0, 1.0, 0.0, 1985-02-12 00:00:00, 10.0, 6.0
0.0, 0.0, 0.5, 0.0, 1985-02-13 00:00:00, 8.0, 6.5
3.8, 3.8, 0.5, 0.0, 1985-02-14 00:00:00, 7.0, 9.0
0.0, 0.0, 3.0, 0.0, 1985-02-15 00:00:00, None, 9.5
0.0, 0.0, -0.5, 0.0, 1985-02-16 00:00:00, None, 7.5
0.0, 0.0, 0.0, 0.0, 1985-02-17 00:00:00, None, 8.5
10.0, 10.0, 1.5, 0.0, 1985-02-18 00:00:00, None, 10.0
6.8, 6.8, 1.5, 0.0, 1985-02-19 00:00:00, 0.0, 4.0
13.0, 13.0, 1.0, 0.0, 1985-02-20 00:00:00, 0.0, 7.0
15.0, 15.0, 4.0, 0.0, 1985-02-21 00:00:00, 0.0, 5.5
0.0, 0.0, 5.0, 0.0, 1985-02-22 00:00:00, 0.0, 8.5
2.8, 2.8, 6.0, 0.0, 1985-02-23 00:00:00, 0.0, 8.0
0.0, 0.0, 6.5, 0.0, 1985-02-24 00:00:00, 0.0, 9.5
0.0, 0.0, 0.0, 0.0, 1985-02-25 00:00:00, 0.0, 8.5
0.0, 0.0, 3.0, 0.0, 1985-02-26 00:00:00, 0.0, 7.5
0.8, 0.8, -0.5, 0.0, 1985-02-27 00:00:00, 0.0, 9.0
2.6, 2.6, 5.0, 0.0, 1985-02-28 00:00:00, 0.0, 9.0
0.3, 0.0, 2.0, 0.3, 1985-03-01 00:00:00, 0.0, 10.5
0.6, 0.6, -2.0, 0.0, 1985-03-02 00:00:00, 0.0, 9.0
11.2, 10.0, -1.0, 1.2, 1985-03-03 00:00:00, 0.0, 5.5
4.2, 4.2, 1.0, 0.0, 1985-03-04 00:00:00, 0.0, 6.5
0.0, 0.0, 3.5, 0.0, 1985-03-05 00:00:00, 0.0, 8.0
0.0, 0.0, 2.0, 0.0, 1985-03-06 00:00:00, 0.0, 10.0
0.0, 0.0, -1.5, 0.0, 1985-03-07 00:00:00, 0.0, 9.5
0.0, 0.0, -2.0, 0.0, 1985-03-08 00:00:00, 0.0, 11.0
0.0, 0.0, -2.0, 0.0, 1985-03-09 00:00:00, 0.0, 10.5
0.0, 0.0, -2.0, 0.0, 1985-03-10 00:00:00, 0.0, 11.0
0.0, 0.0, -1.0, 0.0, 1985-03-11 00:00:00, 0.0, 10.0
0.0, 0.0, 0.0, 0.0, 1985-03-12 00:00:00, 0.0, 10.0
0.0, 0.0, -0.5, 0.0, 1985-03-13 00:00:00, 0.0, 11.0
0.0, 0.0, 2.5, 0.0, 1985-03-14 00:00:00, 0.0, 10.5
0.0, 0.0, -0.5, 0.0, 1985-03-15 00:00:00, 0.0, 12.5
0.0, 0.0, 0.5, 0.0, 1985-03-16 00:00:00, 0.0, 17.0
0.0, 0.0, 3.0, 0.0, 1985-03-17 00:00:00, 0.0, 11.5
0.0, 0.0, 6.5, 0.0, 1985-03-18 00:00:00, 0.0, 9.5
2.5, 2.5, 6.0, 0.0, 1985-03-19 00:00:00, 0.0, 7.5
2.2, 2.2, 3.0, 0.0, 1985-03-20 00:00:00, 0.0, 10.0
11.0, 10.0, 2.5, 1.0, 1985-03-21 00:00:00, 0.0, 9.0
9.7, 9.2, 0.5, 0.5, 1985-03-22 00:00:00, 0.0, 10.5
15.2, 14.6, 1.0, 0.6, 1985-03-23 00:00:00, 0.0, 10.0
4.3, 3.8, 0.5, 0.5, 1985-03-24 00:00:00, 0.0, 6.0
7.2, 6.4, 0.0, 0.8, 1985-03-25 00:00:00, 0.0, 4.5
1.7, 1.7, 1.0, 0.0, 1985-03-26 00:00:00, 0.0, 7.5
0.0, 0.0, 2.5, 0.0, 1985-03-27 00:00:00, 0.0, 8.0
0.0, 0.0, 3.5, 0.0, 1985-03-28 00:00:00, 0.0, 11.0
20.2, 20.2, 2.0, 0.0, 1985-03-29 00:00:00, 0.0, 7.5
6.9, 6.9, 1.5, 0.0, 1985-03-30 00:00:00, 0.0, 8.0
10.1, 10.1, 5.0, 0.0, 1985-03-31 00:00:00, 0.0, 9.0
1.5, 1.5, 7.0, 0.0, 1985-04-01 00:00:00, 0.0, 13.0
5.2, 5.2, 6.5, 0.0, 1985-04-02 00:00:00, 0.0, 9.5
2.9, 2.9, 3.0, 0.0, 1985-04-03 00:00:00, 0.0, 7.0
2.2, 2.2, 4.0, 0.0, 1985-04-04 00:00:00, 0.0, 10.0
0.0, 0.0, 5.5, 0.0, 1985-04-05 00:00:00, 0.0, 12.0
0.0, 0.0, 1.0, 0.0, 1985-04-06 00:00:00, 0.0, 17.0
0.0, 0.0, 5.5, 0.0, 1985-04-07 00:00:00, 0.0, 18.5
0.0, 0.0, 5.0, 0.0, 1985-04-08 00:00:00, 0.0, 17.5
0.0, 0.0, 4.5, 0.0, 1985-04-09 00:00:00, 0.0, 19.5
2.0, 2.0, 5.0, 0.0, 1985-04-10 00:00:00, 0.0, 12.5
5.2, 5.2, 9.0, 0.0, 1985-04-11 00:00:00, 0.0, 11.5
1.4, 1.4, 9.0, 0.0, 1985-04-12 00:00:00, 0.0, 15.0
8.4, 8.4, 9.0, 0.0, 1985-04-13 00:00:00, 0.0, 12.5
0.0, 0.0, 8.0, 0.0, 1985-04-14 00:00:00, 0.0, 14.0
0.0, 0.0, 7.0, 0.0, 1985-04-15 00:00:00, 0.0, 17.5
0.4, 0.4, 8.5, 0.0, 1985-04-16 00:00:00, 0.0, 13.5
3.0, 3.0, 6.5, 0.0, 1985-04-17 00:00:00, 0.0, 9.5
0.0, 0.0, 3.0, 0.0, 1985-04-18 00:00:00, 0.0, 12.0
0.0, 0.0, 4.5, 0.0, 1985-04-19 00:00:00, 0.0, 10.5
0.0, 0.0, 1.5, 0.0, 1985-04-20 00:00:00, 0.0, 10.0
3.2, 3.2, 1.5, 0.0, 1985-04-21 00:00:00, 0.0, 12.0
23.4, 23.4, 4.0, 0.0, 1985-04-22 00:00:00, 0.0, 10.0
0.0, 0.0, 4.0, 0.0, 1985-04-23 00:00:00, 0.0, 13.0
0.6, 0.6, 4.5, 0.0, 1985-04-24 00:00:00, 0.0, 11.5
20.6, 19.6, 3.5, 1.0, 1985-04-25 00:00:00, 0.0, 9.5
29.8, 29.8, 0.5, 0.0, 1985-04-26 00:00:00, 0.0, 7.5
2.8, 2.8, 6.0, 0.0, 1985-04-27 00:00:00, 0.0, 13.0
1.0, 1.0, 1.5, 0.0, 1985-04-28 00:00:00, 0.0, 12.5
0.0, 0.0, 1.5, 0.0, 1985-04-29 00:00:00, 0.0, 12.5
0.0, 0.0, 2.5, 0.0, 1985-04-30 00:00:00, 0.0, 15.5
0.0, 0.0, 4.5, 0.0, 1985-05-01 00:00:00, 0.0, 17.5
2.8, 2.8, 8.0, 0.0, 1985-05-02 00:00:00, 0.0, 20.5
1.2, 1.2, 5.0, 0.0, 1985-05-03 00:00:00, 0.0, 19.0
0.0, 0.0, 4.5, 0.0, 1985-05-04 00:00:00, 0.0, 14.5
1.2, 1.2, 5.5, 0.0, 1985-05-05 00:00:00, 0.0, 13.0
1.7, 1.7, 6.5, 0.0, 1985-05-06 00:00:00, 0.0, 15.0
2.0, 2.0, 6.0, 0.0, 1985-05-07 00:00:00, 0.0, 15.0
1.2, 1.2, 6.0, 0.0, 1985-05-08 00:00:00, 0.0, 13.5
0.0, 0.0, 3.0, 0.0, 1985-05-09 00:00:00, 0.0, 16.0
3.6, 3.6, 6.0, 0.0, 1985-05-10 00:00:00, 0.0, 11.5
0.0, 0.0, 4.0, 0.0, 1985-05-11 00:00:00, 0.0, 13.5
2.0, 2.0, 3.5, 0.0, 1985-05-12 00:00:00, 0.0, 14.5
7.2, 7.2, 7.0, 0.0, 1985-05-13 00:00:00, 0.0, 12.5
0.0, 0.0, 7.0, 0.0, 1985-05-14 00:00:00, 0.0, 15.0
0.0, 0.0, 4.5, 0.0, 1985-05-15 00:00:00, 0.0, 22.5
0.0, 0.0, 8.5, 0.0, 1985-05-16 00:00:00, 0.0, 28.5
0.0, 0.0, 11.0, 0.0, 1985-05-17 00:00:00, 0.0, 25.0
0.0, 0.0, 10.5, 0.0, 1985-05-18 00:00:00, 0.0, 18.5
0.0, 0.0, 9.0, 0.0, 1985-05-19 00:00:00, 0.0, 17.5
0.0, 0.0, 10.5, 0.0, 1985-05-20 00:00:00, 0.0, 19.0
0.0, 0.0, 11.5, 0.0, 1985-05-21 00:00:00, 0.0, 20.5
0.0, 0.0, 10.5, 0.0, 1985-05-22 00:00:00, 0.0, 26.0
4.2, 4.2, 13.0, 0.0, 1985-05-23 00:00:00, 0.0, 18.5
0.4, 0.4, 12.5, 0.0, 1985-05-24 00:00:00, 0.0, 20.5
0.0, 0.0, 11.5, 0.0, 1985-05-25 00:00:00, 0.0, 20.5
0.0, 0.0, 9.0, 0.0, 1985-05-26 00:00:00, 0.0, 21.0
0.0, 0.0, 12.0, 0.0, 1985-05-27 00:00:00, 0.0, 16.0
4.8, 4.8, 10.5, 0.0, 1985-05-28 00:00:00, 0.0, 17.0
12.9, 12.9, 10.0, 0.0, 1985-05-29 00:00:00, 0.0, 12.0
0.0, 0.0, 9.0, 0.0, 1985-05-30 00:00:00, 0.0, 15.0
0.0, 0.0, 7.0, 0.0, 1985-05-31 00:00:00, 0.0, 21.5
0.0, 0.0, 11.5, 0.0, 1985-06-01 00:00:00, 0.0, 20.0
0.0, 0.0, 11.0, 0.0, 1985-06-02 00:00:00, 0.0, 19.0
11.0, 11.0, 10.0, 0.0, 1985-06-03 00:00:00, 0.0, 19.5
2.0, 2.0, 11.5, 0.0, 1985-06-04 00:00:00, 0.0, 19.0
1.2, 1.2, 10.0, 0.0, 1985-06-05 00:00:00, 0.0, 19.0
10.4, 10.4, 11.0, 0.0, 1985-06-06 00:00:00, 0.0, 15.5
2.8, 2.8, 10.5, 0.0, 1985-06-07 00:00:00, 0.0, 17.0
0.0, 0.0, 8.0, 0.0, 1985-06-08 00:00:00, 0.0, 18.0
0.0, 0.0, 6.0, 0.0, 1985-06-09 00:00:00, 0.0, 21.0
0.0, 0.0, 7.0, 0.0, 1985-06-10 00:00:00, 0.0, 23.0
0.0, 0.0, 14.5, 0.0, 1985-06-11 00:00:00, 0.0, 20.0
3.0, 3.0, 12.0, 0.0, 1985-06-12 00:00:00, 0.0, 19.5
4.4, 4.4, 10.0, 0.0, 1985-06-13 00:00:00, 0.0, 18.0
2.0, 2.0, 12.0, 0.0, 1985-06-14 00:00:00, 0.0, 21.0
0.0, 0.0, 12.0, 0.0, 1985-06-15 00:00:00, 0.0, 19.0
0.0, 0.0, 6.5, 0.0, 1985-06-16 00:00:00, 0.0, 22.5
0.0, 0.0, 10.0, 0.0, 1985-06-17 00:00:00, 0.0, 29.0
0.0, 0.0, 13.5, 0.0, 1985-06-18 00:00:00, 0.0, 31.0
0.0, 0.0, 14.0, 0.0, 1985-06-19 00:00:00, 0.0, 24.5
0.0, 0.0, 12.0, 0.0, 1985-06-20 00:00:00, 0.0, 23.5
0.0, 0.0, 11.0, 0.0, 1985-06-21 00:00:00, 0.0, 21.5
0.0, 0.0, 10.0, 0.0, 1985-06-22 00:00:00, 0.0, 20.0
0.0, 0.0, 9.0, 0.0, 1985-06-23 00:00:00, 0.0, 15.0
0.0, 0.0, 7.5, 0.0, 1985-06-24 00:00:00, 0.0, 19.5
0.0, 0.0, 8.0, 0.0, 1985-06-25 00:00:00, 0.0, 22.5
0.0, 0.0, 10.0, 0.0, 1985-06-26 00:00:00, 0.0, 23.5
0.0, 0.0, 10.5, 0.0, 1985-06-27 00:00:00, 0.0, 19.5
0.0, 0.0, 10.0, 0.0, 1985-06-28 00:00:00, 0.0, 22.0
1.8, 1.8, 10.5, 0.0, 1985-06-29 00:00:00, 0.0, 17.5
0.0, 0.0, 8.5, 0.0, 1985-06-30 00:00:00, 0.0, 21.5
0.0, 0.0, 8.0, 0.0, 1985-07-01 00:00:00, 0.0, 24.0
0.0, 0.0, 12.0, 0.0, 1985-07-02 00:00:00, 0.0, 30.0
0.0, 0.0, 15.0, 0.0, 1985-07-03 00:00:00, 0.0, 27.5
0.0, 0.0, 11.5, 0.0, 1985-07-04 00:00:00, 0.0, 26.0
0.0, 0.0, 14.0, 0.0, 1985-07-05 00:00:00, 0.0, 23.0
0.0, 0.0, 11.5, 0.0, 1985-07-06 00:00:00, 0.0, 24.5
0.0, 0.0, 11.0, 0.0, 1985-07-07 00:00:00, 0.0, 28.5
0.0, 0.0, 14.5, 0.0, 1985-07-08 00:00:00, 0.0, 28.5
0.0, 0.0, 14.0, 0.0, 1985-07-09 00:00:00, 0.0, 26.5
0.0, 0.0, 13.5, 0.0, 1985-07-10 00:00:00, 0.0, 26.5
0.0, 0.0, 14.0, 0.0, 1985-07-11 00:00:00, 0.0, 26.5
0.0, 0.0, 13.0, 0.0, 1985-07-12 00:00:00, 0.0, 24.5
0.0, 0.0, 11.5, 0.0, 1985-07-13 00:00:00, 0.0, 26.0
0.0, 0.0, 13.5, 0.0, 1985-07-14 00:00:00, 0.0, 26.0
0.0, 0.0, 13.5, 0.0, 1985-07-15 00:00:00, 0.0, 25.5
0.0, 0.0, 13.5, 0.0, 1985-07-16 00:00:00, 0.0, 27.0
0.0, 0.0, 14.0, 0.0, 1985-07-17 00:00:00, 0.0, 30.5
0.0, 0.0, 14.0, 0.0, 1985-07-18 00:00:00, 0.0, 31.0
0.0, 0.0, 15.0, 0.0, 1985-07-19 00:00:00, 0.0, 30.0
0.0, 0.0, 14.0, 0.0, 1985-07-20 00:00:00, 0.0, 27.0
0.0, 0.0, 13.0, 0.0, 1985-07-21 00:00:00, 0.0, 25.5
0.0, 0.0, 14.0, 0.0, 1985-07-22 00:00:00, 0.0, 22.5
0.0, 0.0, 13.0, 0.0, 1985-07-23 00:00:00, 0.0, 24.0
0.0, 0.0, 11.0, 0.0, 1985-07-24 00:00:00, 0.0, 25.5
0.0, 0.0, 12.0, 0.0, 1985-07-25 00:00:00, 0.0, 25.5
0.0, 0.0, 12.0, 0.0, 1985-07-26 00:00:00, 0.0, 28.0
0.0, 0.0, 12.5, 0.0, 1985-07-27 00:00:00, 0.0, None
0.0, 0.0, None, 0.0, 1985-07-28 00:00:00, 0.0, None
0.0, 0.0, None, 0.0, 1985-07-29 00:00:00, 0.0, None
0.0, 0.0, None, 0.0, 1985-07-30 00:00:00, 0.0, None
3.0, 3.0, 15.0, 0.0, 1985-07-31 00:00:00, 0.0, 20.5
7.5, 7.5, 14.0, 0.0, 1985-08-01 00:00:00, 0.0, 17.5
0.0, 0.0, None, 0.0, 1985-08-02 00:00:00, 0.0, None
0.0, 0.0, None, 0.0, 1985-08-03 00:00:00, 0.0, None
0.0, 0.0, None, 0.0, 1985-08-04 00:00:00, 0.0, None
0.0, 0.0, None, 0.0, 1985-08-05 00:00:00, 0.0, None
12.0, 12.0, 12.0, 0.0, 1985-08-06 00:00:00, 0.0, 22.0
2.0, 2.0, 13.0, 0.0, 1985-08-07 00:00:00, 0.0, 20.5
0.0, 0.0, 12.5, 0.0, 1985-08-08 00:00:00, 0.0, 21.5
4.0, 4.0, 13.0, 0.0, 1985-08-09 00:00:00, 0.0, 18.0
0.0, 0.0, 8.5, 0.0, 1985-08-10 00:00:00, 0.0, 23.5
0.0, 0.0, 11.0, 0.0, 1985-08-11 00:00:00, 0.0, 23.0
0.0, 0.0, 11.5, 0.0, 1985-08-12 00:00:00, 0.0, 25.5
0.0, 0.0, 10.5, 0.0, 1985-08-13 00:00:00, 0.0, 28.5
0.0, 0.0, 12.0, 0.0, 1985-08-14 00:00:00, 0.0, 26.5
0.0, 0.0, 13.5, 0.0, 1985-08-15 00:00:00, 0.0, 28.0
0.0, 0.0, 15.0, 0.0, 1985-08-16 00:00:00, 0.0, 28.5
0.0, 0.0, 12.5, 0.0, 1985-08-17 00:00:00, 0.0, 28.5
0.0, 0.0, 12.0, 0.0, 1985-08-18 00:00:00, 0.0, 23.0
0.0, 0.0, 11.5, 0.0, 1985-08-19 00:00:00, 0.0, 18.0
0.0, 0.0, 10.0, 0.0, 1985-08-20 00:00:00, 0.0, 21.0
0.0, 0.0, 12.0, 0.0, 1985-08-21 00:00:00, 0.0, 21.5
0.0, 0.0, 9.0, 0.0, 1985-08-22 00:00:00, 0.0, 25.0
0.0, 0.0, 11.5, 0.0, 1985-08-23 00:00:00, 0.0, 27.5
0.0, 0.0, 11.5, 0.0, 1985-08-24 00:00:00, 0.0, 25.0
0.0, 0.0, 12.5, 0.0, 1985-08-25 00:00:00, 0.0, 23.5
0.0, 0.0, 8.0, 0.0, 1985-08-26 00:00:00, 0.0, 25.0
0.0, 0.0, 8.5, 0.0, 1985-08-27 00:00:00, 0.0, 21.5
0.0, 0.0, 11.0, 0.0, 1985-08-28 00:00:00, 0.0, 20.0
8.6, 8.6, 8.0, 0.0, 1985-08-29 00:00:00, 0.0, 23.0
0.0, 0.0, 11.0, 0.0, 1985-08-30 00:00:00, 0.0, 19.0
0.0, 0.0, 12.5, 0.0, 1985-08-31 00:00:00, 0.0, 21.5
0.0, 0.0, 9.0, 0.0, 1985-09-01 00:00:00, 0.0, 23.0
0.0, 0.0, 9.0, 0.0, 1985-09-02 00:00:00, 0.0, 23.5
0.0, 0.0, 11.0, 0.0, 1985-09-03 00:00:00, 0.0, 20.5
1.4, 1.4, 10.0, 0.0, 1985-09-04 00:00:00, 0.0, 14.5
39.6, 39.6, 13.0, 0.0, 1985-09-05 00:00:00, 0.0, 15.5
14.4, 14.4, 9.0, 0.0, 1985-09-06 00:00:00, 0.0, 12.0
0.0, 0.0, 8.5, 0.0, 1985-09-07 00:00:00, 0.0, 18.5
1.8, 1.8, 9.5, 0.0, 1985-09-08 00:00:00, 0.0, 20.0
0.0, 0.0, 12.0, 0.0, 1985-09-09 00:00:00, 0.0, 21.0
0.0, 0.0, 12.0, 0.0, 1985-09-10 00:00:00, 0.0, 22.5
0.0, 0.0, 10.0, 0.0, 1985-09-11 00:00:00, 0.0, 19.5
7.2, 7.2, 12.5, 0.0, 1985-09-12 00:00:00, 0.0, 18.0
5.2, 5.2, 11.0, 0.0, 1985-09-13 00:00:00, 0.0, 18.5
4.8, 4.8, 10.0, 0.0, 1985-09-14 00:00:00, 0.0, 17.0
3.8, 3.8, 8.5, 0.0, 1985-09-15 00:00:00, 0.0, 18.0
36.0, 36.0, 10.0, 0.0, 1985-09-16 00:00:00, 0.0, 12.0
0.0, 0.0, 9.5, 0.0, 1985-09-17 00:00:00, 0.0, 17.0
0.0, 0.0, 6.5, 0.0, 1985-09-18 00:00:00, 0.0, 17.5
0.0, 0.0, 6.5, 0.0, 1985-09-19 00:00:00, 0.0, 18.5
1.2, 1.2, 7.0, 0.0, 1985-09-20 00:00:00, 0.0, 15.0
0.0, 0.0, 8.0, 0.0, 1985-09-21 00:00:00, 0.0, 17.5
0.0, 0.0, 5.5, 0.0, 1985-09-22 00:00:00, 0.0, 18.0
0.0, 0.0, 6.0, 0.0, 1985-09-23 00:00:00, 0.0, 18.0
0.0, 0.0, 7.5, 0.0, 1985-09-24 00:00:00, 0.0, 20.0
0.0, 0.0, 7.5, 0.0, 1985-09-25 00:00:00, 0.0, 21.5
0.0, 0.0, 7.0, 0.0, 1985-09-26 00:00:00, 0.0, 19.5
0.0, 0.0, 5.5, 0.0, 1985-09-27 00:00:00, 0.0, 21.5
0.0, 0.0, 4.0, 0.0, 1985-09-28 00:00:00, 0.0, 19.0
0.0, 0.0, 4.0, 0.0, 1985-09-29 00:00:00, 0.0, 19.0
2.4, 2.4, 4.0, 0.0, 1985-09-30 00:00:00, 0.0, 18.5
1.4, 1.4, 9.0, 0.0, 1985-10-01 00:00:00, 0.0, 18.5
0.4, 0.4, 11.5, 0.0, 1985-10-02 00:00:00, 0.0, 15.0
0.0, 0.0, 5.5, 0.0, 1985-10-03 00:00:00, 0.0, 17.0
0.0, 0.0, 5.0, 0.0, 1985-10-04 00:00:00, 0.0, 18.5
1.8, 1.8, 6.0, 0.0, 1985-10-05 00:00:00, 0.0, 18.5
0.0, 0.0, 8.0, 0.0, 1985-10-06 00:00:00, 0.0, 18.0
0.0, 0.0, 2.5, 0.0, 1985-10-07 00:00:00, 0.0, 16.0
0.0, 0.0, -0.5, 0.0, 1985-10-08 00:00:00, 0.0, 14.0
0.6, 0.6, 4.5, 0.0, 1985-10-09 00:00:00, 0.0, 11.0
27.4, 27.4, 6.5, 0.0, 1985-10-10 00:00:00, 0.0, 9.0
0.6, 0.6, 7.0, 0.0, 1985-10-11 00:00:00, 0.0, 15.5
3.4, 3.4, 5.0, 0.0, 1985-10-12 00:00:00, 0.0, 14.0
42.7, 42.7, 8.0, 0.0, 1985-10-13 00:00:00, 0.0, 9.0
0.4, 0.4, 9.0, 0.0, 1985-10-14 00:00:00, 0.0, 13.5
13.6, 13.6, 10.5, 0.0, 1985-10-15 00:00:00, 0.0, 14.5
2.2, 2.2, 8.0, 0.0, 1985-10-16 00:00:00, 0.0, 14.5
12.6, 12.6, 8.0, 0.0, 1985-10-17 00:00:00, 0.0, 10.5
18.8, 18.8, 9.5, 0.0, 1985-10-18 00:00:00, 0.0, 13.5
3.6, 3.6, 10.0, 0.0, 1985-10-19 00:00:00, 0.0, 15.0
25.4, 25.4, 8.5, 0.0, 1985-10-20 00:00:00, 0.0, 12.5
8.6, 8.6, 7.5, 0.0, 1985-10-21 00:00:00, 0.0, 10.5
0.8, 0.8, 7.0, 0.0, 1985-10-22 00:00:00, 0.0, 11.5
8.6, 8.6, 4.0, 0.0, 1985-10-23 00:00:00, 0.0, 14.0
15.8, 15.8, 7.0, 0.0, 1985-10-24 00:00:00, 0.0, 8.0
8.0, 8.0, 4.0, 0.0, 1985-10-25 00:00:00, 0.0, 11.5
30.2, 30.2, 3.5, 0.0, 1985-10-26 00:00:00, 0.0, 8.0
14.2, 14.2, 3.5, 0.0, 1985-10-27 00:00:00, 0.0, 9.5
0.0, 0.0, 4.5, 0.0, 1985-10-28 00:00:00, 0.0, 11.0
11.3, 11.3, -0.5, 0.0, 1985-10-29 00:00:00, 0.0, 10.5
0.8, 0.8, 5.5, 0.0, 1985-10-30 00:00:00, 0.0, 10.5
44.8, 44.8, 3.5, 0.0, 1985-10-31 00:00:00, 0.0, 8.0
13.8, 13.8, 5.0, 0.0, 1985-11-01 00:00:00, 0.0, 11.5
11.4, 11.4, 7.5, 0.0, 1985-11-02 00:00:00, 0.0, 10.5
5.6, 5.6, 6.5, 0.0, 1985-11-03 00:00:00, 0.0, 10.0
1.0, 1.0, 5.5, 0.0, 1985-11-04 00:00:00, 0.0, 9.5
19.8, 17.8, 1.0, 2.0, 1985-11-05 00:00:00, 0.0, 4.5
10.8, 10.8, 2.0, 0.0, 1985-11-06 00:00:00, 0.0, 7.0
3.6, 3.6, 4.0, 0.0, 1985-11-07 00:00:00, 0.0, 9.5
4.4, 4.4, 4.0, 0.0, 1985-11-08 00:00:00, 0.0, 5.5
0.0, 0.0, 1.5, 0.0, 1985-11-09 00:00:00, 0.0, 7.5
0.0, 0.0, 1.0, 0.0, 1985-11-10 00:00:00, 0.0, 7.0
0.0, 0.0, -6.5, 0.0, 1985-11-11 00:00:00, 0.0, 3.5
0.0, 0.0, -5.5, 0.0, 1985-11-12 00:00:00, 0.0, 4.5
0.0, 0.0, -4.5, 0.0, 1985-11-13 00:00:00, 0.0, 8.0
7.7, 7.7, -1.0, 0.0, 1985-11-14 00:00:00, 0.0, 6.0
7.2, 7.2, 3.5, 0.0, 1985-11-15 00:00:00, 0.0, 7.0
0.2, 0.0, 0.5, 0.2, 1985-11-16 00:00:00, 0.0, 6.0
0.0, 0.0, 0.0, 0.0, 1985-11-17 00:00:00, 0.0, 7.5
1.4, 0.0, -5.5, 1.4, 1985-11-18 00:00:00, None, 3.0
5.0, 0.5, -3.5, 4.5, 1985-11-19 00:00:00, 1.0, 0.0
0.0, 0.0, -7.0, 0.0, 1985-11-20 00:00:00, 4.0, 1.0
0.0, 0.0, -6.5, 0.0, 1985-11-21 00:00:00, 3.0, -2.0
0.0, 0.0, -9.0, 0.0, 1985-11-22 00:00:00, 3.0, -4.0
0.0, 0.0, -13.5, 0.0, 1985-11-23 00:00:00, 3.0, -3.0
0.0, 0.0, -11.5, 0.0, 1985-11-24 00:00:00, 2.0, -2.0
0.0, 0.0, -7.5, 0.0, 1985-11-25 00:00:00, 2.0, -5.5
5.0, 0.0, -9.5, 5.0, 1985-11-26 00:00:00, 2.0, -8.0
0.0, 0.0, -13.5, 0.0, 1985-11-27 00:00:00, 7.0, -8.0
0.0, 0.0, -14.0, 0.0, 1985-11-28 00:00:00, 6.0, -6.0
0.0, 0.0, -14.5, 0.0, 1985-11-29 00:00:00, 5.0, -5.0
0.0, 0.0, -10.5, 0.0, 1985-11-30 00:00:00, 5.0, -2.0
0.4, 0.0, -12.5, 0.4, 1985-12-01 00:00:00, 5.0, -2.5
11.6, 0.0, -7.0, 11.6, 1985-12-02 00:00:00, 5.0, 3.0
22.4, 22.4, -3.0, 0.0, 1985-12-03 00:00:00, 14.0, 5.5
5.3, 5.3, 4.0, 0.0, 1985-12-04 00:00:00, 0.0, 7.5
0.0, 0.0, 5.0, 0.0, 1985-12-05 00:00:00, 0.0, 8.0
15.2, 15.2, 6.0, 0.0, 1985-12-06 00:00:00, 0.0, 8.5
11.4, 11.4, 2.0, 0.0, 1985-12-07 00:00:00, 0.0, 6.0
0.0, 0.0, 0.0, 0.0, 1985-12-08 00:00:00, 0.0, 7.0
0.0, 0.0, -3.0, 0.0, 1985-12-09 00:00:00, 0.0, 1.0
0.0, 0.0, -4.5, 0.0, 1985-12-10 00:00:00, 0.0, 4.0
0.0, 0.0, -2.5, 0.0, 1985-12-11 00:00:00, 0.0, 4.5
0.0, 0.0, -4.5, 0.0, 1985-12-12 00:00:00, 0.0, 3.5
0.8, 0.8, -4.0, 0.0, 1985-12-13 00:00:00, 0.0, 3.0
5.4, 5.4, 1.5, 0.0, 1985-12-14 00:00:00, 0.0, 4.0
0.8, 0.8, 0.0, 0.0, 1985-12-15 00:00:00, 0.0, 5.5
0.0, 0.0, 1.5, 0.0, 1985-12-16 00:00:00, 0.0, 6.0
0.0, 0.0, 1.0, 0.0, 1985-12-17 00:00:00, 0.0, 7.5
0.0, 0.0, 0.0, 0.0, 1985-12-18 00:00:00, 0.0, 6.5
0.0, 0.0, -0.5, 0.0, 1985-12-19 00:00:00, 0.0, 3.5
0.0, 0.0, -1.5, 0.0, 1985-12-20 00:00:00, 0.0, 3.0
0.0, 0.0, -2.0, 0.0, 1985-12-21 00:00:00, 0.0, 2.0
0.0, 0.0, -1.0, 0.0, 1985-12-22 00:00:00, 0.0, 5.0
0.0, 0.0, -1.0, 0.0, 1985-12-23 00:00:00, 0.0, 3.0
0.0, 0.0, -1.5, 0.0, 1985-12-24 00:00:00, 0.0, 3.0
0.0, 0.0, -3.5, 0.0, 1985-12-25 00:00:00, 0.0, 2.0
0.0, 0.0, -2.5, 0.0, 1985-12-26 00:00:00, 0.0, 2.0
0.0, 0.0, -4.0, 0.0, 1985-12-27 00:00:00, 0.0, 2.0
5.2, 4.7, -4.5, 0.5, 1985-12-28 00:00:00, 0.0, 1.0
1.6, 1.6, -2.0, 0.0, 1985-12-29 00:00:00, 0.0, 3.0
0.0, 0.0, 1.0, 0.0, 1985-12-30 00:00:00, 0.0, 4.0
24.6, 24.6, -1.5, 0.0, 1985-12-31 00:00:00, 0.0, 3.5
0.0, 0.0, 0.0, 0.0, 1986-01-01 00:00:00, 0.0, 8.0
7.8, 7.0, 1.0, 0.8, 1986-01-02 00:00:00, 0.0, 4.0
0.0, 0.0, 0.5, 0.0, 1986-01-03 00:00:00, 0.0, 4.5
6.6, 6.6, -3.0, 0.0, 1986-01-04 00:00:00, 0.0, 4.5
22.0, 22.0, 0.5, 0.0, 1986-01-05 00:00:00, 0.0, 8.0
0.0, 0.0, 2.5, 0.0, 1986-01-06 00:00:00, 0.0, 8.0
3.0, 3.0, 4.0, 0.0, 1986-01-07 00:00:00, 0.0, 12.5
0.0, 0.0, 7.0, 0.0, 1986-01-08 00:00:00, 0.0, 9.0
7.7, 7.7, 6.0, 0.0, 1986-01-09 00:00:00, 0.0, 10.0
7.0, 7.0, 7.0, 0.0, 1986-01-10 00:00:00, 0.0, 13.0
0.0, 0.0, 4.5, 0.0, 1986-01-11 00:00:00, 0.0, 12.0
0.6, 0.6, 1.0, 0.0, 1986-01-12 00:00:00, 0.0, 10.0
0.8, 0.8, 3.5, 0.0, 1986-01-13 00:00:00, 0.0, 11.5
16.2, 16.2, 6.0, 0.0, 1986-01-14 00:00:00, 0.0, 8.5
7.8, 7.8, 5.5, 0.0, 1986-01-15 00:00:00, 0.0, 7.5
3.8, 3.8, 6.5, 0.0, 1986-01-16 00:00:00, 0.0, 9.0
49.6, 49.6, 4.5, 0.0, 1986-01-17 00:00:00, 0.0, 10.0
20.6, 20.6, 3.5, 0.0, 1986-01-18 00:00:00, 0.0, 10.5
0.0, 0.0, 6.5, 0.0, 1986-01-19 00:00:00, 0.0, 11.0
1.0, 1.0, 1.5, 0.0, 1986-01-20 00:00:00, 0.0, 8.0
7.6, 7.6, 4.0, 0.0, 1986-01-21 00:00:00, 0.0, 7.0
16.6, 16.6, 4.0, 0.0, 1986-01-22 00:00:00, 0.0, 8.0
0.0, 0.0, 5.0, 0.0, 1986-01-23 00:00:00, 0.0, 8.0
0.0, 0.0, 0.5, 0.0, 1986-01-24 00:00:00, 0.0, 7.0
0.0, 0.0, 1.0, 0.0, 1986-01-25 00:00:00, 0.0, 9.0
11.0, 11.0, 0.0, 0.0, 1986-01-26 00:00:00, 0.0, 9.0
5.8, 5.8, 3.5, 0.0, 1986-01-27 00:00:00, 0.0, 8.5
2.3, 2.3, 1.5, 0.0, 1986-01-28 00:00:00, 0.0, 10.0
10.4, 10.4, 3.0, 0.0, 1986-01-29 00:00:00, 0.0, 7.0
15.8, 15.8, 5.5, 0.0, 1986-01-30 00:00:00, 0.0, 10.0
3.6, 3.6, 7.0, 0.0, 1986-01-31 00:00:00, 0.0, 13.5
8.4, 8.4, 8.5, 0.0, 1986-02-01 00:00:00, 0.0, 11.5
2.8, 2.8, 1.0, 0.0, 1986-02-02 00:00:00, 0.0, 8.0
3.4, 3.4, 6.0, 0.0, 1986-02-03 00:00:00, 0.0, 10.0
15.0, 15.0, 2.0, 0.0, 1986-02-04 00:00:00, 0.0, 7.0
4.6, 4.6, 2.5, 0.0, 1986-02-05 00:00:00, 0.0, 6.0
0.0, 0.0, 0.5, 0.0, 1986-02-06 00:00:00, 0.0, 8.5
0.0, 0.0, -1.5, 0.0, 1986-02-07 00:00:00, 0.0, 9.0
0.0, 0.0, -2.5, 0.0, 1986-02-08 00:00:00, 0.0, 6.0
0.0, 0.0, -2.5, 0.0, 1986-02-09 00:00:00, 0.0, 6.0
0.4, 0.4, -3.0, 0.0, 1986-02-10 00:00:00, 0.0, 8.0
0.0, 0.0, 2.0, 0.0, 1986-02-11 00:00:00, 0.0, 5.5
0.0, 0.0, -0.5, 0.0, 1986-02-12 00:00:00, 0.0, 8.0
0.0, 0.0, 0.5, 0.0, 1986-02-13 00:00:00, 0.0, 7.5
11.0, 0.0, -4.5, 11.0, 1986-02-14 00:00:00, 0.0, 5.5
9.0, 0.0, -0.5, 9.0, 1986-02-15 00:00:00, 11.0, 1.5
0.0, 0.0, -0.5, 0.0, 1986-02-16 00:00:00, 18.0, 2.0
1.0, 0.0, -6.0, 1.0, 1986-02-17 00:00:00, 17.0, 1.5
0.0, 0.0, -5.0, 0.0, 1986-02-18 00:00:00, 18.0, 0.0
0.0, 0.0, -11.0, 0.0, 1986-02-19 00:00:00, 17.0, 2.5
0.0, 0.0, -6.5, 0.0, 1986-02-20 00:00:00, 15.0, 3.0
0.0, 0.0, -6.0, 0.0, 1986-02-21 00:00:00, 13.0, 3.5
22.4, 21.4, -0.5, 1.0, 1986-02-22 00:00:00, 11.0, 4.5
50.0, 50.0, 3.0, 0.0, 1986-02-23 00:00:00, 5.0, 10.0
18.2, 18.2, 5.5, 0.0, 1986-02-24 00:00:00, 0.0, 12.5
0.0, 0.0, 9.0, 0.0, 1986-02-25 00:00:00, 0.0, 14.5
0.0, 0.0, 6.0, 0.0, 1986-02-26 00:00:00, 0.0, 15.0
0.0, 0.0, 3.0, 0.0, 1986-02-27 00:00:00, 0.0, 19.5
0.0, 0.0, 8.5, 0.0, 1986-02-28 00:00:00, 0.0, 15.0
0.0, 0.0, 3.0, 0.0, 1986-03-01 00:00:00, 0.0, 14.0
0.0, 0.0, 3.0, 0.0, 1986-03-02 00:00:00, 0.0, 15.0
4.0, 4.0, 5.0, 0.0, 1986-03-03 00:00:00, 0.0, 10.0
0.0, 0.0, 6.5, 0.0, 1986-03-04 00:00:00, 0.0, 11.5
0.6, 0.6, 2.0, 0.0, 1986-03-05 00:00:00, 0.0, 10.0
18.0, 18.0, 6.0, 0.0, 1986-03-06 00:00:00, 0.0, 12.0
2.6, 2.6, 8.0, 0.0, 1986-03-07 00:00:00, 0.0, 14.5
0.8, 0.8, 5.5, 0.0, 1986-03-08 00:00:00, 0.0, 14.0
1.2, 1.2, 5.5, 0.0, 1986-03-09 00:00:00, 0.0, 13.0
10.2, 10.2, 3.5, 0.0, 1986-03-10 00:00:00, 0.0, 14.0
3.8, 3.8, 6.0, 0.0, 1986-03-11 00:00:00, 0.0, 11.5
0.6, 0.6, 6.5, 0.0, 1986-03-12 00:00:00, 0.0, 10.5
6.0, 6.0, 2.0, 0.0, 1986-03-13 00:00:00, 0.0, 12.5
0.6, 0.6, 4.0, 0.0, 1986-03-14 00:00:00, 0.0, 10.0
0.0, 0.0, -0.5, 0.0, 1986-03-15 00:00:00, 0.0, None
0.0, 0.0, 1.5, 0.0, 1986-03-16 00:00:00, 0.0, 13.5
6.8, 6.8, 2.5, 0.0, 1986-03-17 00:00:00, 0.0, 11.0
2.8, 2.8, 5.0, 0.0, 1986-03-18 00:00:00, 0.0, 8.0
0.0, 0.0, 6.5, 0.0, 1986-03-19 00:00:00, 0.0, 14.5
8.6, 8.6, 2.0, 0.0, 1986-03-20 00:00:00, 0.0, 20.0
0.0, 0.0, 6.5, 0.0, 1986-03-21 00:00:00, 0.0, 15.5
0.0, 0.0, 3.0, 0.0, 1986-03-22 00:00:00, 0.0, 12.0
15.2, 15.2, 3.5, 0.0, 1986-03-23 00:00:00, 0.0, 9.5
0.8, 0.8, 5.0, 0.0, 1986-03-24 00:00:00, 0.0, 11.5
25.3, 25.3, 2.5, 0.0, 1986-03-25 00:00:00, 0.0, 8.0
17.4, 17.4, 6.0, 0.0, 1986-03-26 00:00:00, 0.0, 10.5
11.0, 11.0, 9.0, 0.0, 1986-03-27 00:00:00, 0.0, 11.0
0.0, 0.0, 7.5, 0.0, 1986-03-28 00:00:00, 0.0, 11.0
2.8, 2.8, 6.0, 0.0, 1986-03-29 00:00:00, 0.0, 10.5
0.0, 0.0, None, 0.0, 1986-03-30 00:00:00, 0.0, 12.0
0.0, 0.0, 1.0, 0.0, 1986-03-31 00:00:00, 0.0, 10.0
