station_observations
ONE_DAY_PRECIPITATION, ONE_DAY_RAIN, ONE_DAY_SNOW, time, MIN_TEMP, MAX_TEMP, SNOW_ON_THE_GROUND
11.2, 11.2, 0.0, 1983-07-01 00:00:00, 12.0, 20.5, 0.0
10.6, 10.6, 0.0, 1983-07-02 00:00:00, 9.5, 13.0, 0.0
0.0, 0.0, 0.0, 1983-07-03 00:00:00, 12.0, 16.5, 0.0
0.0, 0.0, 0.0, 1983-07-04 00:00:00, 10.5, 21.0, 0.0
1.0, 1.0, 0.0, 1983-07-05 00:00:00, 7.0, 21.0, 0.0
1.8, 1.8, 0.0, 1983-07-06 00:00:00, 11.0, 21.0, 0.0
0.0, 0.0, 0.0, 1983-07-07 00:00:00, 9.0, 17.0, 0.0
0.0, 0.0, 0.0, 1983-07-08 00:00:00, 10.0, 19.5, 0.0
0.0, 0.0, 0.0, 1983-07-09 00:00:00, 12.0, 21.0, 0.0
2.6, 2.6, 0.0, 1983-07-10 00:00:00, 12.0, 17.0, 0.0
20.6, 20.6, 0.0, 1983-07-11 00:00:00, 11.5, 14.5, 0.0
4.8, 4.8, 0.0, 1983-07-12 00:00:00, 13.0, 20.0, 0.0
15.4, 15.4, 0.0, 1983-07-13 00:00:00, 11.0, 15.5, 0.0
3.0, 3.0, 0.0, 1983-07-14 00:00:00, 8.5, 12.0, 0.0
3.0, 3.0, 0.0, 1983-07-15 00:00:00, 11.0, 18.0, 0.0
1.0, 1.0, 0.0, 1983-07-16 00:00:00, 11.5, 23.5, 0.0
0.0, 0.0, 0.0, 1983-07-17 00:00:00, 16.5, 27.0, 0.0
0.0, 0.0, 0.0, 1983-07-18 00:00:00, 11.0, 28.0, 0.0
8.8, 8.8, 0.0, 1983-07-19 00:00:00, 11.0, 28.5, 0.0
3.0, 3.0, 0.0, 1983-07-20 00:00:00, 12.0, 16.0, 0.0
0.0, 0.0, 0.0, 1983-07-21 00:00:00, 13.0, 23.0, 0.0
0.0, 0.0, 0.0, 1983-07-22 00:00:00, 16.0, 27.0, 0.0
0.0, 0.0, 0.0, 1983-07-23 00:00:00, 12.0, 28.0, 0.0
0.0, 0.0, 0.0, 1983-07-24 00:00:00, 16.0, 26.0, 0.0
5.4, 5.4, 0.0, 1983-07-25 00:00:00, 13.0, 20.0, 0.0
0.4, 0.4, 0.0, 1983-07-26 00:00:00, 10.0, 16.0, 0.0
1.8, 1.8, 0.0, 1983-07-27 00:00:00, 10.5, 18.0, 0.0
1.2, 1.2, 0.0, 1983-07-28 00:00:00, 11.5, 19.0, 0.0
0.0, 0.0, 0.0, 1983-07-29 00:00:00, 7.0, 26.0, 0.0
0.0, 0.0, 0.0, 1983-07-30 00:00:00, 15.5, 32.0, 0.0
0.0, 0.0, 0.0, 1983-07-31 00:00:00, 16.5, 31.0, 0.0
0.0, 0.0, 0.0, 1983-08-01 00:00:00, 17.0, 29.0, 0.0
2.8, 2.8, 0.0, 1983-08-02 00:00:00, 12.5, 17.0, 0.0
0.0, 0.0, 0.0, 1983-08-03 00:00:00, 11.0, 20.5, 0.0
0.0, 0.0, 0.0, 1983-08-04 00:00:00, 8.0, 26.5, 0.0
0.0, 0.0, 0.0, 1983-08-05 00:00:00, 11.0, 26.0, 0.0
0.0, 0.0, 0.0, 1983-08-06 00:00:00, 9.5, 24.0, 0.0
0.0, 0.0, 0.0, 1983-08-07 00:00:00, 16.0, 31.0, 0.0
0.0, 0.0, 0.0, 1983-08-08 00:00:00, 16.0, 31.0, 0.0
1.8, 1.8, 0.0, 1983-08-09 00:00:00, 11.5, 31.0, 0.0
0.0, 0.0, 0.0, 1983-08-10 00:00:00, 13.5, 27.5, 0.0
0.0, 0.0, 0.0, 1983-08-11 00:00:00, 14.5, 25.0, 0.0
0.0, 0.0, 0.0, 1983-08-12 00:00:00, 14.5, 26.0, 0.0
0.0, 0.0, 0.0, 1983-08-13 00:00:00, 16.0, 28.0, 0.0
0.0, 0.0, 0.0, 1983-08-14 00:00:00, 17.5, 26.0, 0.0
0.0, 0.0, 0.0, 1983-08-15 00:00:00, 9.5, 25.0, 0.0
0.0, 0.0, 0.0, 1983-08-16 00:00:00, 15.0, 22.0, 0.0
0.0, 0.0, 0.0, 1983-08-17 00:00:00, 15.0, 24.0, 0.0
0.0, 0.0, 0.0, 1983-08-18 00:00:00, 13.5, 26.0, 0.0
0.0, 0.0, 0.0, 1983-08-19 00:00:00, 15.0, 26.0, 0.0
0.0, 0.0, 0.0, 1983-08-20 00:00:00, 12.5, 26.5, 0.0
0.0, 0.0, 0.0, 1983-08-21 00:00:00, 15.5, 28.5, 0.0
0.0, 0.0, 0.0, 1983-08-22 00:00:00, 14.0, 29.0, 0.0
0.0, 0.0, 0.0, 1983-08-23 00:00:00, 13.0, 28.0, 0.0
0.0, 0.0, 0.0, 1983-08-24 00:00:00, 15.0, 24.0, 0.0
0.0, 0.0, 0.0, 1983-08-25 00:00:00, 11.0, 24.5, 0.0
0.0, 0.0, 0.0, 1983-08-26 00:00:00, 14.5, 25.5, 0.0
1.8, 1.8, 0.0, 1983-08-27 00:00:00, 13.5, 24.0, 0.0
2.2, 2.2, 0.0, 1983-08-28 00:00:00, 13.5, 17.0, 0.0
2.2, 2.2, 0.0, 1983-08-29 00:00:00, 12.0, 22.0, 0.0
0.0, 0.0, 0.0, 1983-08-30 00:00:00, 12.5, 24.0, 0.0
0.8, 0.8, 0.0, 1983-08-31 00:00:00, 10.5, 29.5, 0.0
20.4, 20.4, 0.0, 1983-09-01 00:00:00, 12.0, 14.0, 0.0
1.0, 1.0, 0.0, 1983-09-02 00:00:00, 12.5, 17.5, 0.0
0.2, 0.2, 0.0, 1983-09-03 00:00:00, 13.5, 22.0, 0.0
0.0, 0.0, 0.0, 1983-09-04 00:00:00, 13.5, 20.0, 0.0
8.0, 8.0, 0.0, 1983-09-05 00:00:00, 6.5, 19.0, 0.0
3.0, 3.0, 0.0, 1983-09-06 00:00:00, 8.5, 14.0, 0.0
1.8, 1.8, 0.0, 1983-09-07 00:00:00, 6.0, 13.0, 0.0
0.0, 0.0, 0.0, 1983-09-08 00:00:00, -0.5, 16.0, 0.0
7.4, 7.4, 0.0, 1983-09-09 00:00:00, 0.5, 15.0, 0.0
5.0, 5.0, 0.0, 1983-09-10 00:00:00, 4.5, 8.5, 0.0
0.6, 0.6, 0.0, 1983-09-11 00:00:00, 6.0, 17.0, 0.0
0.0, 0.0, 0.0, 1983-09-12 00:00:00, 5.5, 20.0, 0.0
2.4, 2.4, 0.0, 1983-09-13 00:00:00, 6.5, 19.0, 0.0
0.0, 0.0, 0.0, 1983-09-14 00:00:00, 2.0, 20.5, 0.0
4.6, 4.6, 0.0, 1983-09-15 00:00:00, 5.5, 15.0, 0.0
2.8, 2.8, 0.0, 1983-09-16 00:00:00, 8.0, 15.0, 0.0
2.4, 2.4, 0.0, 1983-09-17 00:00:00, 4.0, 13.0, 0.0
0.0, 0.0, 0.0, 1983-09-18 00:00:00, 1.5, 13.0, 0.0
0.0, 0.0, 0.0, 1983-09-19 00:00:00, -2.5, 16.0, 0.0
0.0, 0.0, 0.0, 1983-09-20 00:00:00, 0.0, 14.5, 0.0
0.0, 0.0, 0.0, 1983-09-21 00:00:00, 2.0, 22.0, 0.0
0.0, 0.0, 0.0, 1983-09-22 00:00:00, 3.0, 23.0, 0.0
0.0, 0.0, 0.0, 1983-09-23 00:00:00, 5.0, 22.5, 0.0
0.0, 0.0, 0.0, 1983-09-24 00:00:00, 6.0, 23.0, 0.0
2.2, 2.2, 0.0, 1983-09-25 00:00:00, 7.5, 23.0, 0.0
1.0, 1.0, 0.0, 1983-09-26 00:00:00, 6.5, 23.0, 0.0
0.0, 0.0, 0.0, 1983-09-27 00:00:00, 2.0, 14.5, 0.0
0.0, 0.0, 0.0, 1983-09-28 00:00:00, -3.5, 15.0, 0.0
0.0, 0.0, 0.0, 1983-09-29 00:00:00, -4.5, 15.5, 0.0
0.0, 0.0, 0.0, 1983-09-30 00:00:00, -4.0, 17.0, 0.0
0.0, 0.0, 0.0, 1983-10-01 00:00:00, -2.0, 13.0, 0.0
1.0, 1.0, 0.0, 1983-10-02 00:00:00, -1.0, 15.0, 0.0
2.0, 2.0, 0.0, 1983-10-03 00:00:00, 7.0, 12.0, 0.0
0.0, 0.0, 0.0, 1983-10-04 00:00:00, 3.5, 14.5, 0.0
0.0, 0.0, 0.0, 1983-10-05 00:00:00, -2.0, 15.0, 0.0
0.0, 0.0, 0.0, 1983-10-06 00:00:00, 0.5, 14.0, 0.0
0.0, 0.0, 0.0, 1983-10-07 00:00:00, -3.0, 14.0, 0.0
0.0, 0.0, 0.0, 1983-10-08 00:00:00, -2.0, 13.5, 0.0
0.0, 0.0, 0.0, 1983-10-09 00:00:00, -4.0, 13.0, 0.0
0.0, 0.0, 0.0, 1983-10-10 00:00:00, -4.0, 14.0, 0.0
0.0, 0.0, 0.0, 1983-10-11 00:00:00, -3.0, 16.5, 0.0
0.0, 0.0, 0.0, 1983-10-12 00:00:00, -1.5, 17.0, 0.0
2.0, 2.0, 0.0, 1983-10-13 00:00:00, -1.5, 14.0, 0.0
3.8, 3.8, 0.0, 1983-10-14 00:00:00, -2.0, 8.0, 0.0
0.0, 0.0, 0.0, 1983-10-15 00:00:00, 1.0, 13.0, 0.0
2.0, 2.0, 0.0, 1983-10-16 00:00:00, -2.5, 9.0, 0.0
0.0, 0.0, 0.0, 1983-10-17 00:00:00, 3.5, 11.0, 0.0
1.0, 1.0, 0.0, 1983-10-18 00:00:00, 2.0, 10.0, 0.0
6.4, 6.4, 0.0, 1983-10-19 00:00:00, 3.5, 8.5, 0.0
1.4, 1.4, 0.0, 1983-10-20 00:00:00, 4.5, 10.0, 0.0
31.0, 31.0, 0.0, 1983-10-21 00:00:00, 5.0, 10.0, 0.0
16.0, 16.0, 0.0, 1983-10-22 00:00:00, 4.0, 6.5, 0.0
0.0, 0.0, 0.0, 1983-10-23 00:00:00, -0.5, 9.0, 0.0
13.0, 13.0, 0.0, 1983-10-24 00:00:00, -2.5, 6.0, 0.0
17.2, 17.2, 0.0, 1983-10-25 00:00:00, 3.0, 8.0, 0.0
27.6, 27.6, 0.0, 1983-10-26 00:00:00, 5.0, 9.0, 0.0
0.0, 0.0, 0.0, 1983-10-27 00:00:00, 3.0, 10.0, 0.0
0.0, 0.0, 0.0, 1983-10-28 00:00:00, -2.0, 6.5, 0.0
6.6, 6.6, 0.0, 1983-10-29 00:00:00, -3.0, 9.0, 0.0
8.4, 8.4, 0.0, 1983-10-30 00:00:00, 0.5, 9.5, 0.0
0.0, 0.0, 0.0, 1983-10-31 00:00:00, 4.0, 11.0, 0.0
6.0, 6.0, 0.0, 1983-11-01 00:00:00, -1.5, 5.0, 0.0
13.8, 13.8, 0.0, 1983-11-02 00:00:00, 3.5, 8.0, 0.0
21.6, 21.6, 0.0, 1983-11-03 00:00:00, 4.0, 7.5, 0.0
1.6, 1.6, 0.0, 1983-11-04 00:00:00, 2.0, 6.0, 0.0
6.2, 6.2, 0.0, 1983-11-05 00:00:00, -1.0, 4.0, 0.0
1.4, 1.4, 0.0, 1983-11-06 00:00:00, 0.0, 6.5, 0.0
0.6, 0.6, 0.0, 1983-11-07 00:00:00, 1.0, 5.0, 0.0
3.0, 0.0, 3.0, 1983-11-08 00:00:00, -1.0, 4.0, 0.0
3.4, 0.8, 2.6, 1983-11-09 00:00:00, -1.5, 2.0, 3.0
9.4, 9.2, 0.2, 1983-11-10 00:00:00, 0.0, 3.5, 0.0
2.0, 2.0, 0.0, 1983-11-11 00:00:00, 0.0, 8.0, 0.0
4.4, 4.4, 0.0, 1983-11-12 00:00:00, 0.5, 4.0, 0.0
3.6, 3.6, 0.0, 1983-11-13 00:00:00, 1.0, 4.0, 0.0
33.8, 33.8, 0.0, 1983-11-14 00:00:00, 1.5, 5.0, 0.0
34.6, 34.6, 0.0, 1983-11-15 00:00:00, 0.0, 3.0, 0.0
9.0, 9.0, 0.0, 1983-11-16 00:00:00, 1.5, 4.5, 0.0
2.8, 2.8, 0.0, 1983-11-17 00:00:00, 2.0, 5.0, 0.0
0.6, 0.6, 0.0, 1983-11-18 00:00:00, 1.5, 5.0, 0.0
0.0, 0.0, 0.0, 1983-11-19 00:00:00, -1.5, 3.0, 0.0
0.0, 0.0, 0.0, 1983-11-20 00:00:00, -1.0, 3.5, 0.0
0.2, 0.0, 0.2, 1983-11-21 00:00:00, -1.5, 3.0, 0.0
1.4, 0.0, 1.4, 1983-11-22 00:00:00, -3.0, 0.0, 0.0
3.0, 0.0, 3.0, 1983-11-23 00:00:00, -1.0, 2.0, 1.0
6.0, 0.0, 6.0, 1983-11-24 00:00:00, -1.5, 1.5, 3.0
0.0, 0.0, 0.0, 1983-11-25 00:00:00, -0.5, 1.5, 8.0
3.6, 0.0, 3.6, 1983-11-26 00:00:00, -0.5, 1.0, 3.0
0.0, 0.0, 0.0, 1983-11-27 00:00:00, -2.0, 0.0, 5.0
0.0, 0.0, 0.0, 1983-11-28 00:00:00, -4.0, 0.0, 4.0
0.0, 0.0, 0.0, 1983-11-29 00:00:00, -9.0, -2.0, 3.0
0.0, 0.0, 0.0, 1983-11-30 00:00:00, -10.0, -4.0, 3.0
0.0, 0.0, 0.0, 1983-12-01 00:00:00, -13.0, -6.0, None
0.2, 0.0, 0.2, 1983-12-02 00:00:00, -9.0, -4.5, 3.0
0.0, 0.0, 0.0, 1983-12-03 00:00:00, -8.5, -4.5, 3.0
0.0, 0.0, 0.0, 1983-12-04 00:00:00, -12.0, -4.5, 3.0
0.0, 0.0, 0.0, 1983-12-05 00:00:00, -11.0, -6.0, 3.0
0.0, 0.0, 0.0, 1983-12-06 00:00:00, -13.0, -6.5, 3.0
17.0, 0.0, 17.0, 1983-12-07 00:00:00, -11.5, -6.5, 3.0
2.0, 0.0, 2.0, 1983-12-08 00:00:00, -9.5, -4.0, 19.0
0.0, 0.0, 0.0, 1983-12-09 00:00:00, -6.5, -4.0, 19.0
3.6, 0.0, 3.6, 1983-12-10 00:00:00, -10.0, -3.5, 18.0
0.0, 0.0, 0.0, 1983-12-11 00:00:00, -6.0, 0.0, 18.0
7.0, 0.0, 7.0, 1983-12-12 00:00:00, -3.5, 0.5, 16.0
0.0, 0.0, 0.0, 1983-12-13 00:00:00, -1.0, 1.0, 23.0
0.0, 0.0, 0.0, 1983-12-14 00:00:00, -3.0, 1.0, 21.0
0.0, 0.0, 0.0, 1983-12-15 00:00:00, -12.0, -2.0, 21.0
0.0, 0.0, 0.0, 1983-12-16 00:00:00, -14.0, -9.0, 21.0
0.0, 0.0, 0.0, 1983-12-17 00:00:00, -17.5, -12.0, 21.0
0.0, 0.0, 0.0, 1983-12-18 00:00:00, -15.0, -12.0, 21.0
0.0, 0.0, 0.0, 1983-12-19 00:00:00, -18.0, -12.0, 21.0
0.0, 0.0, 0.0, 1983-12-20 00:00:00, -20.0, -14.5, 21.0
0.0, 0.0, 0.0, 1983-12-21 00:00:00, -27.0, -16.0, 21.0
0.0, 0.0, 0.0, 1983-12-22 00:00:00, -23.0, -15.5, 20.0
0.0, 0.0, 0.0, 1983-12-23 00:00:00, -25.0, -11.0, 19.0
0.0, 0.0, 0.0, 1983-12-24 00:00:00, -25.5, -14.5, 19.0
5.0, 0.0, 5.0, 1983-12-25 00:00:00, -21.5, -11.0, 18.0
1.6, 0.0, 1.6, 1983-12-26 00:00:00, -14.0, -8.5, 23.0
0.0, 0.0, 0.0, 1983-12-27 00:00:00, -16.0, -11.0, 24.0
0.0, 0.0, 0.0, 1983-12-28 00:00:00, -19.0, -12.0, 24.0
6.0, 0.0, 6.0, 1983-12-29 00:00:00, -16.5, -9.0, 24.0
2.2, 0.0, 2.2, 1983-12-30 00:00:00, -13.5, 0.5, 28.0
0.0, 0.0, 0.0, 1983-12-31 00:00:00, -2.5, 3.0, 30.0
14.0, 13.0, 1.0, 1984-01-01 00:00:00, -7.0, 3.0, 27.0
3.6, 3.0, 0.6, 1984-01-02 00:00:00, 0.0, 3.5, 20.0
40.6, 40.6, 0.0, 1984-01-03 00:00:00, -0.5, 5.0, 20.0
12.0, 12.0, 0.0, 1984-01-04 00:00:00, 2.0, 4.5, 13.0
0.0, 0.0, 0.0, 1984-01-05 00:00:00, -1.0, 2.0, 9.0
6.0, 6.0, 0.0, 1984-01-06 00:00:00, -0.5, 5.0, 9.0
4.6, 4.6, 0.0, 1984-01-07 00:00:00, 0.0, 4.5, 8.0
0.8, 0.8, 0.0, 1984-01-08 00:00:00, 0.0, 2.5, 7.0
5.4, 5.0, 0.4, 1984-01-09 00:00:00, 0.0, 2.5, 7.0
1.2, 1.2, 0.0, 1984-01-10 00:00:00, 0.0, 3.0, 6.0
0.0, 0.0, 0.0, 1984-01-11 00:00:00, 0.0, 2.5, 4.0
0.0, 0.0, 0.0, 1984-01-12 00:00:00, -2.5, 1.0, 4.0
0.0, 0.0, 0.0, 1984-01-13 00:00:00, -8.0, 0.5, 4.0
0.0, 0.0, 0.0, 1984-01-14 00:00:00, -11.0, -5.0, 3.0
0.0, 0.0, 0.0, 1984-01-15 00:00:00, -13.0, -6.0, 3.0
0.0, 0.0, 0.0, 1984-01-16 00:00:00, -11.0, -4.0, 3.0
0.0, 0.0, 0.0, 1984-01-17 00:00:00, -16.0, -8.0, 3.0
0.0, 0.0, 0.0, 1984-01-18 00:00:00, -17.0, -11.0, 3.0
0.0, 0.0, 0.0, 1984-01-19 00:00:00, -16.0, -11.0, 3.0
2.6, 0.0, 2.6, 1984-01-20 00:00:00, -15.5, -6.0, 3.0
20.0, 0.0, 20.0, 1984-01-21 00:00:00, -12.5, 0.0, 4.0
0.0, 0.0, 0.0, 1984-01-22 00:00:00, -2.5, 2.0, 22.0
0.6, 0.6, 0.0, 1984-01-23 00:00:00, -0.5, 3.0, 18.0
4.2, 4.2, 0.0, 1984-01-24 00:00:00, 1.0, 4.5, 10.0
0.0, 0.0, 0.0, 1984-01-25 00:00:00, 1.0, 6.0, 6.0
1.0, 1.0, 0.0, 1984-01-26 00:00:00, -1.5, 5.5, 3.0
1.8, 1.8, 0.0, 1984-01-27 00:00:00, 2.0, 7.0, 2.0
0.8, 0.8, 0.0, 1984-01-28 00:00:00, 2.0, 8.0, 2.0
0.0, 0.0, 0.0, 1984-01-29 00:00:00, -2.5, 4.0, 1.0
0.0, 0.0, 0.0, 1984-01-30 00:00:00, -4.0, 3.0, 0.0
0.0, 0.0, 0.0, 1984-01-31 00:00:00, -6.5, 4.0, 0.0
0.0, 0.0, 0.0, 1984-02-01 00:00:00, -2.5, 6.5, 0.0
0.0, 0.0, 0.0, 1984-02-02 00:00:00, 0.0, 7.0, 0.0
0.0, 0.0, 0.0, 1984-02-03 00:00:00, -3.5, 6.0, 0.0
0.0, 0.0, 0.0, 1984-02-04 00:00:00, -5.0, 4.0, 0.0
0.0, 0.0, 0.0, 1984-02-05 00:00:00, -5.5, 4.0, 0.0
0.0, 0.0, 0.0, 1984-02-06 00:00:00, -3.0, 8.0, 0.0
5.0, 5.0, 0.0, 1984-02-07 00:00:00, -0.5, 5.0, 0.0
8.8, 8.8, 0.0, 1984-02-08 00:00:00, 0.5, 5.0, 0.0
4.4, 4.4, 0.0, 1984-02-09 00:00:00, 0.5, 4.5, 0.0
4.2, 0.2, 4.0, 1984-02-10 00:00:00, 0.5, 4.0, 0.0
7.0, 0.0, 7.0, 1984-02-11 00:00:00, 0.0, 1.0, 4.0
4.6, 2.6, 2.0, 1984-02-12 00:00:00, 0.5, 4.5, 10.0
2.1, 1.5, 0.6, 1984-02-13 00:00:00, -0.5, 3.0, 6.0
1.6, 0.0, 1.6, 1984-02-14 00:00:00, 0.0, 4.5, 6.0
0.0, 0.0, 0.0, 1984-02-15 00:00:00, -0.5, 2.0, 8.0
0.0, 0.0, 0.0, 1984-02-16 00:00:00, -6.0, 4.5, 7.0
0.0, 0.0, 0.0, 1984-02-17 00:00:00, -7.5, 4.0, 7.0
1.0, 1.0, 0.0, 1984-02-18 00:00:00, -2.5, 3.0, 7.0
38.0, 38.0, 0.0, 1984-02-19 00:00:00, 0.0, 5.0, 6.0
3.8, 3.8, 0.0, 1984-02-20 00:00:00, 1.0, 3.0, 3.0
0.0, 0.0, 0.0, 1984-02-21 00:00:00, -0.5, 5.0, 1.0
5.4, 0.0, 5.4, 1984-02-22 00:00:00, -2.0, 2.0, 0.0
0.0, 0.0, 0.0, 1984-02-23 00:00:00, -3.5, 2.5, 5.0
3.0, 0.0, 3.0, 1984-02-24 00:00:00, -3.0, 4.0, 3.0
0.2, 0.0, 0.2, 1984-02-25 00:00:00, 0.0, 7.5, 3.0
3.0, 0.0, 3.0, 1984-02-26 00:00:00, -6.0, 4.0, 3.0
1.6, 1.0, 0.6, 1984-02-27 00:00:00, -3.0, 1.0, 4.0
2.0, 2.0, 0.0, 1984-02-28 00:00:00, -1.5, 2.0, 3.0
0.0, 0.0, 0.0, 1984-02-29 00:00:00, -0.5, 5.5, 2.0
0.4, 0.4, 0.0, 1984-03-01 00:00:00, 0.5, 7.0, 2.0
0.0, 0.0, 0.0, 1984-03-02 00:00:00, -1.5, 7.5, 1.0
0.0, 0.0, 0.0, 1984-03-03 00:00:00, -5.0, 8.0, 0.0
0.0, 0.0, 0.0, 1984-03-04 00:00:00, -5.0, 10.0, 0.0
0.0, 0.0, 0.0, 1984-03-05 00:00:00, -2.5, 13.0, 0.0
0.0, 0.0, 0.0, 1984-03-06 00:00:00, -3.0, 14.0, 0.0
0.0, 0.0, 0.0, 1984-03-07 00:00:00, -3.0, 14.5, 0.0
0.0, 0.0, 0.0, 1984-03-08 00:00:00, -2.5, 15.0, 0.0
1.0, 1.0, 0.0, 1984-03-09 00:00:00, -2.5, 13.0, 0.0
0.4, 0.4, 0.0, 1984-03-10 00:00:00, 1.0, 9.0, 0.0
1.0, 1.0, 0.0, 1984-03-11 00:00:00, -1.0, 8.5, 0.0
0.0, 0.0, 0.0, 1984-03-12 00:00:00, 0.0, 8.5, 0.0
0.0, 0.0, 0.0, 1984-03-13 00:00:00, -2.0, 11.5, 0.0
0.0, 0.0, 0.0, 1984-03-14 00:00:00, -0.5, 5.0, 0.0
0.0, 0.0, 0.0, 1984-03-15 00:00:00, -1.5, 9.0, 0.0
0.0, 0.0, 0.0, 1984-03-16 00:00:00, 1.5, 9.5, 0.0
0.8, 0.8, 0.0, 1984-03-17 00:00:00, -1.0, 8.5, 0.0
0.2, 0.2, 0.0, 1984-03-18 00:00:00, 1.5, 10.0, 0.0
3.6, 3.6, 0.0, 1984-03-19 00:00:00, -1.0, 11.5, 0.0
10.2, 10.2, 0.0, 1984-03-20 00:00:00, 0.0, 5.5, 0.0
0.2, 0.2, 0.0, 1984-03-21 00:00:00, 1.0, 7.5, 0.0
7.0, 7.0, 0.0, 1984-03-22 00:00:00, 2.0, 9.0, 0.0
0.2, 0.2, 0.0, 1984-03-23 00:00:00, 0.5, 9.5, 0.0
0.0, 0.0, 0.0, 1984-03-24 00:00:00, -3.0, 9.0, 0.0
0.0, 0.0, 0.0, 1984-03-25 00:00:00, 2.0, 6.0, 0.0
0.0, 0.0, 0.0, 1984-03-26 00:00:00, -4.5, 11.5, 0.0
0.4, 0.4, 0.0, 1984-03-27 00:00:00, -4.5, 11.0, 0.0
1.0, 1.0, 0.0, 1984-03-28 00:00:00, 1.5, 9.0, 0.0
0.0, 0.0, 0.0, 1984-03-29 00:00:00, -4.5, 13.0, 0.0
0.0, 0.0, 0.0, 1984-03-30 00:00:00, -5.0, 14.5, 0.0
0.0, 0.0, 0.0, 1984-03-31 00:00:00, -4.0, 15.0, 0.0
0.0, 0.0, 0.0, 1984-04-01 00:00:00, -4.0, 14.5, 0.0
0.4, 0.4, 0.0, 1984-04-02 00:00:00, -3.0, 12.0, 0.0
1.6, 1.6, 0.0, 1984-04-03 00:00:00, -2.0, 7.5, 0.0
0.4, 0.0, 0.4, 1984-04-04 00:00:00, -2.5, 11.0, 0.0
0.8, 0.2, 0.6, 1984-04-05 00:00:00, -1.0, 7.5, 0.0
0.6, 0.6, 0.0, 1984-04-06 00:00:00, -1.0, 7.0, 0.0
0.6, 0.6, 0.0, 1984-04-07 00:00:00, 0.0, 7.0, 0.0
0.8, 0.8, 0.0, 1984-04-08 00:00:00, -2.5, 9.0, 0.0
0.6, 0.0, 0.6, 1984-04-09 00:00:00, 0.0, 7.0, 0.0
0.8, 0.0, 0.8, 1984-04-10 00:00:00, 0.0, 9.0, 0.0
1.4, 1.4, 0.0, 1984-04-11 00:00:00, 0.0, 5.5, 0.0
0.2, 0.2, 0.0, 1984-04-12 00:00:00, -1.0, 8.0, 0.0
1.8, 1.8, 0.0, 1984-04-13 00:00:00, -2.0, 11.0, 0.0
0.0, 0.0, 0.0, 1984-04-14 00:00:00, 3.0, 19.0, 0.0
3.8, 3.8, 0.0, 1984-04-15 00:00:00, 1.0, 16.0, 0.0
0.0, 0.0, 0.0, 1984-04-16 00:00:00, 1.0, 10.0, 0.0
0.0, 0.0, 0.0, 1984-04-17 00:00:00, -0.5, 11.0, 0.0
0.0, 0.0, 0.0, 1984-04-18 00:00:00, -2.5, 12.0, 0.0
0.0, 0.0, 0.0, 1984-04-19 00:00:00, -2.0, 12.0, 0.0
0.6, 0.6, 0.0, 1984-04-20 00:00:00, 1.5, 14.0, 0.0
1.2, 1.2, 0.0, 1984-04-21 00:00:00, 4.0, 8.0, 0.0
0.8, 0.0, 0.8, 1984-04-22 00:00:00, 0.5, 6.5, 0.0
0.8, 0.0, 0.8, 1984-04-23 00:00:00, 0.5, 7.0, 0.0
0.0, 0.0, 0.0, 1984-04-24 00:00:00, -6.5, 9.0, 0.0
0.0, 0.0, 0.0, 1984-04-25 00:00:00, -4.0, 10.5, 0.0
0.0, 0.0, 0.0, 1984-04-26 00:00:00, -3.0, 14.0, 0.0
0.0, 0.0, 0.0, 1984-04-27 00:00:00, -4.5, 14.0, 0.0
0.0, 0.0, 0.0, 1984-04-28 00:00:00, 1.5, 12.0, 0.0
0.0, 0.0, 0.0, 1984-04-29 00:00:00, -3.0, 14.0, 0.0
1.2, 1.2, 0.0, 1984-04-30 00:00:00, 0.0, 10.0, 0.0
6.0, 6.0, 0.0, 1984-05-01 00:00:00, 1.0, 11.0, 0.0
1.4, 1.4, 0.0, 1984-05-02 00:00:00, 3.0, 10.0, 0.0
1.0, 1.0, 0.0, 1984-05-03 00:00:00, -1.5, 12.0, 0.0
0.0, 0.0, 0.0, 1984-05-04 00:00:00, 0.5, 12.0, 0.0
0.0, 0.0, 0.0, 1984-05-05 00:00:00, None, None, 0.0
0.0, 0.0, 0.0, 1984-05-06 00:00:00, None, 17.0, 0.0
1.0, 1.0, 0.0, 1984-05-07 00:00:00, None, 17.5, 0.0
4.0, 4.0, 0.0, 1984-05-08 00:00:00, None, 17.5, 0.0
0.6, 0.6, 0.0, 1984-05-09 00:00:00, 1.0, None, 0.0
0.0, 0.0, 0.0, 1984-05-10 00:00:00, -1.5, 12.0, 0.0
1.0, 1.0, 0.0, 1984-05-11 00:00:00, None, None, 0.0
0.0, 0.0, 0.0, 1984-05-12 00:00:00, None, None, 0.0
4.4, 4.4, 0.0, 1984-05-13 00:00:00, 0.5, 14.0, 0.0
0.0, 0.0, 0.0, 1984-05-14 00:00:00, 4.0, 13.0, 0.0
0.0, 0.0, 0.0, 1984-05-15 00:00:00, -2.0, 14.0, 0.0
0.0, 0.0, 0.0, 1984-05-16 00:00:00, 2.5, 12.0, 0.0
0.0, 0.0, 0.0, 1984-05-17 00:00:00, 0.5, 13.0, 0.0
2.4, 2.4, 0.0, 1984-05-18 00:00:00, 4.5, 13.0, 0.0
12.8, 12.8, 0.0, 1984-05-19 00:00:00, 5.0, 8.0, 0.0
4.2, 4.2, 0.0, 1984-05-20 00:00:00, 2.0, 9.5, 0.0
0.2, 0.2, 0.0, 1984-05-21 00:00:00, 1.5, 11.0, 0.0
5.6, 5.6, 0.0, 1984-05-22 00:00:00, -1.5, 7.5, 0.0
0.4, 0.4, 0.0, 1984-05-23 00:00:00, 2.5, 11.0, 0.0
0.0, 0.0, 0.0, 1984-05-24 00:00:00, 0.0, 13.0, 0.0
3.8, 3.8, 0.0, 1984-05-25 00:00:00, -2.0, 13.5, 0.0
0.4, 0.4, 0.0, 1984-05-26 00:00:00, 4.0, 17.0, 0.0
0.0, 0.0, 0.0, 1984-05-27 00:00:00, -0.5, 19.5, 0.0
0.0, 0.0, 0.0, 1984-05-28 00:00:00, 2.0, 20.0, 0.0
1.0, 1.0, 0.0, 1984-05-29 00:00:00, 10.5, 20.5, 0.0
0.4, 0.4, 0.0, 1984-05-30 00:00:00, 8.5, 13.0, 0.0
0.0, 0.0, 0.0, 1984-05-31 00:00:00, 4.0, 14.0, 0.0
0.0, 0.0, 0.0, 1984-06-01 00:00:00, -2.0, 17.0, 0.0
0.0, 0.0, 0.0, 1984-06-02 00:00:00, 1.0, 14.0, 0.0
4.2, 4.2, 0.0, 1984-06-03 00:00:00, 4.5, 13.0, 0.0
0.2, 0.2, 0.0, 1984-06-04 00:00:00, 5.0, 17.0, 0.0
4.0, 4.0, 0.0, 1984-06-05 00:00:00, 7.5, 16.5, 0.0
0.6, 0.6, 0.0, 1984-06-06 00:00:00, 4.5, 17.5, 0.0
0.4, 0.4, 0.0, 1984-06-07 00:00:00, 6.5, 15.5, 0.0
1.0, 1.0, 0.0, 1984-06-08 00:00:00, 8.0, 15.0, 0.0
0.4, 0.4, 0.0, 1984-06-09 00:00:00, 6.0, 16.5, 0.0
0.0, 0.0, 0.0, 1984-06-10 00:00:00, 7.5, 21.5, 0.0
2.4, 2.4, 0.0, 1984-06-11 00:00:00, 4.5, 25.0, 0.0
0.6, 0.6, 0.0, 1984-06-12 00:00:00, 4.5, 26.5, 0.0
0.0, 0.0, 0.0, 1984-06-13 00:00:00, 4.5, 27.0, 0.0
1.6, 1.6, 0.0, 1984-06-14 00:00:00, 7.0, 24.0, 0.0
1.2, 1.2, 0.0, 1984-06-15 00:00:00, 10.0, 22.0, 0.0
0.0, 0.0, 0.0, 1984-06-16 00:00:00, 8.0, 19.0, 0.0
0.0, 0.0, 0.0, 1984-06-17 00:00:00, 2.0, 18.0, 0.0
0.6, 0.6, 0.0, 1984-06-18 00:00:00, 8.0, 15.5, 0.0
0.0, 0.0, 0.0, 1984-06-19 00:00:00, 3.0, 21.0, 0.0
0.0, 0.0, 0.0, 1984-06-20 00:00:00, 2.5, 25.5, 0.0
0.0, 0.0, 0.0, 1984-06-21 00:00:00, 3.5, 27.5, 0.0
0.0, 0.0, 0.0, 1984-06-22 00:00:00, 10.5, 23.5, 0.0
0.8, 0.8, 0.0, 1984-06-23 00:00:00, 6.5, 25.5, 0.0
0.0, 0.0, 0.0, 1984-06-24 00:00:00, 10.0, 23.0, 0.0
1.4, 1.4, 0.0, 1984-06-25 00:00:00, 6.0, 23.0, 0.0
2.6, 2.6, 0.0, 1984-06-26 00:00:00, 10.0, 16.0, 0.0
19.0, 19.0, 0.0, 1984-06-27 00:00:00, 3.5, 17.0, 0.0
20.0, 20.0, 0.0, 1984-06-28 00:00:00, 8.5, 14.5, 0.0
5.0, 5.0, 0.0, 1984-06-29 00:00:00, 7.5, 11.0, 0.0
5.4, 5.4, 0.0, 1984-06-30 00:00:00, 5.0, 11.0, 0.0
0.2, 0.2, 0.0, 1984-07-01 00:00:00, 5.5, 14.5, 0.0
0.0, 0.0, 0.0, 1984-07-02 00:00:00, 4.5, 22.0, 0.0
0.0, 0.0, 0.0, 1984-07-03 00:00:00, 4.0, 23.0, 0.0
0.0, 0.0, 0.0, 1984-07-04 00:00:00, 12.5, 18.0, 0.0
0.4, 0.4, 0.0, 1984-07-05 00:00:00, 8.0, 18.0, 0.0
1.0, 1.0, 0.0, 1984-07-06 00:00:00, 1.5, 15.5, 0.0
0.0, 0.0, 0.0, 1984-07-07 00:00:00, 7.0, 18.0, 0.0
0.0, 0.0, 0.0, 1984-07-08 00:00:00, 5.0, 22.0, 0.0
0.0, 0.0, 0.0, 1984-07-09 00:00:00, 4.0, 24.0, 0.0
0.0, 0.0, 0.0, 1984-07-10 00:00:00, 4.5, 26.0, 0.0
0.0, 0.0, 0.0, 1984-07-11 00:00:00, 6.0, 25.0, 0.0
1.6, 1.6, 0.0, 1984-07-12 00:00:00, 6.5, 17.0, 0.0
0.0, 0.0, 0.0, 1984-07-13 00:00:00, 3.5, 22.0, 0.0
0.0, 0.0, 0.0, 1984-07-14 00:00:00, 3.5, 27.0, 0.0
0.0, 0.0, 0.0, 1984-07-15 00:00:00, 6.0, 31.0, 0.0
0.0, 0.0, 0.0, 1984-07-16 00:00:00, 7.5, 32.0, 0.0
0.0, 0.0, 0.0, 1984-07-17 00:00:00, 8.0, 28.0, 0.0
0.0, 0.0, 0.0, 1984-07-18 00:00:00, 9.5, 26.0, 0.0
0.0, 0.0, 0.0, 1984-07-19 00:00:00, 4.5, 23.5, 0.0
3.0, 3.0, 0.0, 1984-07-20 00:00:00, 8.5, 16.0, 0.0
0.0, 0.0, 0.0, 1984-07-21 00:00:00, 5.5, 24.0, 0.0
0.0, 0.0, 0.0, 1984-07-22 00:00:00, 4.0, 29.0, 0.0
0.0, 0.0, 0.0, 1984-07-23 00:00:00, 6.0, 30.0, 0.0
0.0, 0.0, 0.0, 1984-07-24 00:00:00, 6.5, 33.0, 0.0
4.0, 4.0, 0.0, 1984-07-25 00:00:00, 7.5, 35.5, 0.0
0.0, 0.0, 0.0, 1984-07-26 00:00:00, 14.0, 25.0, 0.0
0.0, 0.0, 0.0, 1984-07-27 00:00:00, 6.5, 26.5, 0.0
0.0, 0.0, 0.0, 1984-07-28 00:00:00, 8.0, 27.0, 0.0
0.0, 0.0, 0.0, 1984-07-29 00:00:00, 7.5, 31.0, 0.0
0.0, 0.0, 0.0, 1984-07-30 00:00:00, 9.5, 33.5, 0.0
0.0, 0.0, 0.0, 1984-07-31 00:00:00, 7.0, 33.0, 0.0
0.0, 0.0, 0.0, 1984-08-01 00:00:00, 12.0, 28.0, 0.0
0.0, 0.0, 0.0, 1984-08-02 00:00:00, 11.5, 28.0, 0.0
0.0, 0.0, 0.0, 1984-08-03 00:00:00, 12.5, 26.0, 0.0
2.0, 2.0, 0.0, 1984-08-04 00:00:00, 7.5, 26.5, 0.0
16.2, 16.2, 0.0, 1984-08-05 00:00:00, 10.5, 17.5, 0.0
0.0, 0.0, 0.0, 1984-08-06 00:00:00, 7.0, 18.0, 0.0
0.0, 0.0, 0.0, 1984-08-07 00:00:00, 9.5, 19.0, 0.0
0.0, 0.0, 0.0, 1984-08-08 00:00:00, 7.5, 30.5, 0.0
0.6, 0.6, 0.0, 1984-08-09 00:00:00, 9.5, 26.0, 0.0
0.0, 0.0, 0.0, 1984-08-10 00:00:00, 7.5, 28.0, 0.0
0.0, 0.0, 0.0, 1984-08-11 00:00:00, 7.5, 27.0, 0.0
0.0, 0.0, 0.0, 1984-08-12 00:00:00, 8.5, 21.5, 0.0
0.0, 0.0, 0.0, 1984-08-13 00:00:00, 12.0, 19.5, 0.0
0.0, 0.0, 0.0, 1984-08-14 00:00:00, 6.0, 19.5, 0.0
0.0, 0.0, 0.0, 1984-08-15 00:00:00, 4.5, 26.0, 0.0
0.0, 0.0, 0.0, 1984-08-16 00:00:00, 9.5, 26.5, 0.0
2.0, 2.0, 0.0, 1984-08-17 00:00:00, 12.0, 21.5, 0.0
0.8, 0.8, 0.0, 1984-08-18 00:00:00, 7.0, 18.0, 0.0
0.0, 0.0, 0.0, 1984-08-19 00:00:00, 3.0, 21.0, 0.0
0.0, 0.0, 0.0, 1984-08-20 00:00:00, 3.0, 26.0, 0.0
0.0, 0.0, 0.0, 1984-08-21 00:00:00, 5.0, 29.5, 0.0
0.0, 0.0, 0.0, 1984-08-22 00:00:00, 9.5, 25.5, 0.0
0.0, 0.0, 0.0, 1984-08-23 00:00:00, 6.5, 20.0, 0.0
0.0, 0.0, 0.0, 1984-08-24 00:00:00, 5.5, 23.0, 0.0
0.0, 0.0, 0.0, 1984-08-25 00:00:00, 6.0, 25.0, 0.0
2.8, 2.8, 0.0, 1984-08-26 00:00:00, 14.0, 17.0, 0.0
2.2, 2.2, 0.0, 1984-08-27 00:00:00, 7.5, 15.5, 0.0
0.0, 0.0, 0.0, 1984-08-28 00:00:00, 1.0, 12.5, 0.0
0.0, 0.0, 0.0, 1984-08-29 00:00:00, 5.0, 20.0, 0.0
0.0, 0.0, 0.0, 1984-08-30 00:00:00, 2.5, 17.0, 0.0
0.0, 0.0, 0.0, 1984-08-31 00:00:00, 3.0, 15.0, 0.0
0.0, 0.0, 0.0, 1984-09-01 00:00:00, 4.5, 19.0, 0.0
0.0, 0.0, 0.0, 1984-09-02 00:00:00, -1.0, 22.0, 0.0
0.0, 0.0, 0.0, 1984-09-03 00:00:00, 4.0, 24.0, 0.0
20.8, 20.8, 0.0, 1984-09-04 00:00:00, 5.5, 16.5, 0.0
13.6, 13.6, 0.0, 1984-09-05 00:00:00, 9.5, 10.5, 0.0
1.0, 1.0, 0.0, 1984-09-06 00:00:00, 4.0, 16.0, 0.0
0.6, 0.6, 0.0, 1984-09-07 00:00:00, 2.0, 16.0, 0.0
1.0, 1.0, 0.0, 1984-09-08 00:00:00, 8.0, 15.0, 0.0
0.0, 0.0, 0.0, 1984-09-09 00:00:00, 7.0, 16.5, 0.0
3.4, 3.4, 0.0, 1984-09-10 00:00:00, 5.5, 13.0, 0.0
2.6, 2.6, 0.0, 1984-09-11 00:00:00, 5.0, 11.0, 0.0
0.4, 0.4, 0.0, 1984-09-12 00:00:00, 4.5, 15.5, 0.0
0.0, 0.0, 0.0, 1984-09-13 00:00:00, -1.0, 19.0, 0.0
0.0, 0.0, 0.0, 1984-09-14 00:00:00, 0.0, 20.0, 0.0
4.4, 4.4, 0.0, 1984-09-15 00:00:00, 2.0, 21.5, 0.0
12.8, 12.8, 0.0, 1984-09-16 00:00:00, 9.5, 14.0, 0.0
1.0, 1.0, 0.0, 1984-09-17 00:00:00, 11.5, 16.5, 0.0
0.0, 0.0, 0.0, 1984-09-18 00:00:00, 10.0, 21.5, 0.0
8.0, 8.0, 0.0, 1984-09-19 00:00:00, 1.5, 20.0, 0.0
1.2, 1.2, 0.0, 1984-09-20 00:00:00, 7.5, 12.0, 0.0
0.0, 0.0, 0.0, 1984-09-21 00:00:00, 1.5, 12.0, 0.0
1.0, 1.0, 0.0, 1984-09-22 00:00:00, 0.5, 8.0, 0.0
0.0, 0.0, 0.0, 1984-09-23 00:00:00, 3.0, 11.0, 0.0
0.0, 0.0, 0.0, 1984-09-24 00:00:00, -4.0, 14.5, 0.0
0.0, 0.0, 0.0, 1984-09-25 00:00:00, -1.5, 14.5, 0.0
0.0, 0.0, 0.0, 1984-09-26 00:00:00, -2.0, 14.5, 0.0
0.0, 0.0, 0.0, 1984-09-27 00:00:00, -4.0, 15.0, 0.0
0.0, 0.0, 0.0, 1984-09-28 00:00:00, -3.5, 15.0, 0.0
0.0, 0.0, 0.0, 1984-09-29 00:00:00, -2.5, 17.0, 0.0
0.0, 0.0, 0.0, 1984-09-30 00:00:00, -1.5, 19.5, 0.0
0.0, 0.0, 0.0, 1984-10-01 00:00:00, -1.0, 15.5, 0.0
0.0, 0.0, 0.0, 1984-10-02 00:00:00, 8.5, 17.0, 0.0
3.8, 3.8, 0.0, 1984-10-03 00:00:00, 4.5, 19.5, 0.0
1.8, 1.8, 0.0, 1984-10-04 00:00:00, 5.0, 14.5, 0.0
0.0, 0.0, 0.0, 1984-10-05 00:00:00, 3.5, 13.5, 0.0
9.4, 9.4, 0.0, 1984-10-06 00:00:00, 1.5, 9.5, 0.0
65.2, 65.2, 0.0, 1984-10-07 00:00:00, 7.0, 12.5, 0.0
24.0, 24.0, 0.0, 1984-10-08 00:00:00, 10.5, 12.0, 0.0
24.8, 24.8, 0.0, 1984-10-09 00:00:00, 5.5, 9.5, 0.0
5.6, 5.6, 0.0, 1984-10-10 00:00:00, 4.5, 6.5, 0.0
9.4, 9.4, 0.0, 1984-10-11 00:00:00, 4.5, 8.5, 0.0
4.4, 4.4, 0.0, 1984-10-12 00:00:00, 3.0, 7.0, 0.0
1.8, 1.8, 0.0, 1984-10-13 00:00:00, 2.5, 7.0, 0.0
0.0, 0.0, 0.0, 1984-10-14 00:00:00, -1.0, 9.0, 0.0
0.0, 0.0, 0.0, 1984-10-15 00:00:00, -1.5, 10.0, 0.0
0.0, 0.0, 0.0, 1984-10-16 00:00:00, -3.5, 8.5, 0.0
0.0, 0.0, 0.0, 1984-10-17 00:00:00, -3.0, 4.5, 0.0
0.0, 0.0, 0.0, 1984-10-18 00:00:00, -6.5, 7.0, 0.0
0.0, 0.0, 0.0, 1984-10-19 00:00:00, -7.0, 6.0, 0.0
0.0, 0.0, 0.0, 1984-10-20 00:00:00, -4.5, 8.5, 0.0
0.0, 0.0, 0.0, 1984-10-21 00:00:00, -5.0, 8.5, 0.0
1.4, 1.4, 0.0, 1984-10-22 00:00:00, -5.0, 9.0, 0.0
0.6, 0.6, 0.0, 1984-10-23 00:00:00, -2.5, 6.0, 0.0
4.8, 4.8, 0.0, 1984-10-24 00:00:00, 0.0, 4.5, 0.0
0.6, 0.6, 0.0, 1984-10-25 00:00:00, 2.0, 9.0, 0.0
0.0, 0.0, 0.0, 1984-10-26 00:00:00, -5.0, 8.0, 0.0
8.0, 0.0, 8.0, 1984-10-27 00:00:00, -1.5, 1.5, 0.0
6.0, 0.0, 6.0, 1984-10-28 00:00:00, -6.5, -4.0, 6.0
9.0, 0.0, 9.0, 1984-10-29 00:00:00, -9.0, 0.5, 9.0
0.6, 0.0, 0.6, 1984-10-30 00:00:00, -10.0, -6.0, 12.0
4.0, 0.0, 4.0, 1984-10-31 00:00:00, -21.0, -7.0, 9.0
28.0, 0.0, 28.0, 1984-11-01 00:00:00, -13.0, -6.0, 10.0
24.4, 0.0, 24.4, 1984-11-02 00:00:00, -10.5, 0.0, 28.0
0.0, 0.0, 0.0, 1984-11-03 00:00:00, -4.5, 3.0, 45.0
0.6, 0.6, 0.0, 1984-11-04 00:00:00, -0.5, 4.0, 32.0
4.0, 0.0, 4.0, 1984-11-05 00:00:00, -2.5, 2.5, 23.0
8.6, 8.0, 0.6, 1984-11-06 00:00:00, -1.5, 2.0, 26.0
0.0, 0.0, 0.0, 1984-11-07 00:00:00, 0.5, 4.0, 20.0
0.0, 0.0, 0.0, 1984-11-08 00:00:00, -3.0, 1.5, 19.0
0.0, 0.0, 0.0, 1984-11-09 00:00:00, -4.0, 4.0, 18.0
5.6, 0.0, 5.6, 1984-11-10 00:00:00, -6.5, 0.5, 16.0
2.4, 0.0, 2.4, 1984-11-11 00:00:00, -2.5, 3.0, 22.0
30.0, 0.0, 30.0, 1984-11-12 00:00:00, -3.0, -1.5, 24.0
0.0, 0.0, 0.0, 1984-11-13 00:00:00, -5.5, -3.0, 44.0
0.0, 0.0, 0.0, 1984-11-14 00:00:00, -9.0, 1.0, 42.0
0.0, 0.0, 0.0, 1984-11-15 00:00:00, -8.5, -3.0, 38.0
0.0, 0.0, 0.0, 1984-11-16 00:00:00, -6.5, -1.0, 37.0
0.0, 0.0, 0.0, 1984-11-17 00:00:00, -5.5, -1.0, 35.0
2.0, 1.0, 1.0, 1984-11-18 00:00:00, -2.5, 2.0, 32.0
4.4, 2.0, 2.4, 1984-11-19 00:00:00, -0.5, 0.0, 29.0
0.0, 0.0, 0.0, 1984-11-20 00:00:00, -3.0, 0.0, 28.0
0.0, 0.0, 0.0, 1984-11-21 00:00:00, -10.5, -1.5, 28.0
20.0, 10.0, 10.0, 1984-11-22 00:00:00, -4.0, 2.0, 28.0
3.0, 0.0, 3.0, 1984-11-23 00:00:00, -0.5, 0.5, 34.0
1.0, 0.0, 1.0, 1984-11-24 00:00:00, -2.0, 0.0, 34.0
0.0, 0.0, 0.0, 1984-11-25 00:00:00, -5.0, -1.0, 35.0
10.0, 0.0, 10.0, 1984-11-26 00:00:00, -8.5, -4.5, 34.0
8.0, 0.0, 8.0, 1984-11-27 00:00:00, -6.5, -2.5, 43.0
0.0, 0.0, 0.0, 1984-11-28 00:00:00, -4.0, 0.0, 49.0
5.6, 0.0, 5.6, 1984-11-29 00:00:00, -7.0, -3.0, 47.0
2.0, 0.0, 2.0, 1984-11-30 00:00:00, -5.0, -1.5, 50.0
0.0, 0.0, 0.0, 1984-12-01 00:00:00, -12.5, -9.0, 50.0
0.0, 0.0, 0.0, 1984-12-02 00:00:00, -13.0, -6.5, 49.0
0.0, 0.0, 0.0, 1984-12-03 00:00:00, -12.0, -7.0, 49.0
0.0, 0.0, 0.0, 1984-12-04 00:00:00, -15.0, -8.0, 48.0
0.0, 0.0, 0.0, 1984-12-05 00:00:00, -15.5, 0.0, 47.0
14.6, 13.6, 1.0, 1984-12-06 00:00:00, -14.5, 3.0, 45.0
18.0, 0.0, 18.0, 1984-12-07 00:00:00, -0.5, 0.0, 45.0
0.0, 0.0, 0.0, 1984-12-08 00:00:00, -1.0, 2.0, 58.0
2.0, 0.0, 2.0, 1984-12-09 00:00:00, -3.5, 0.0, 58.0
1.0, 0.0, 1.0, 1984-12-10 00:00:00, None, None, None
1.0, 0.0, 1.0, 1984-12-11 00:00:00, None, None, None
1.0, 0.0, 1.0, 1984-12-12 00:00:00, None, None, None
15.0, 5.0, 10.0, 1984-12-13 00:00:00, None, None, None
6.6, 0.0, 6.6, 1984-12-14 00:00:00, -2.0, 1.0, None
0.0, 0.0, 0.0, 1984-12-15 00:00:00, -9.0, -2.0, 75.0
0.0, 0.0, 0.0, 1984-12-16 00:00:00, -14.0, -11.0, 75.0
0.0, 0.0, 0.0, 1984-12-17 00:00:00, -20.5, -14.5, 72.0
0.0, 0.0, 0.0, 1984-12-18 00:00:00, -20.0, -13.0, 72.0
2.0, 0.0, 2.0, 1984-12-19 00:00:00, -19.5, -6.5, 72.0
0.0, 0.0, 0.0, 1984-12-20 00:00:00, -15.0, -4.0, 74.0
1.0, 0.0, 1.0, 1984-12-21 00:00:00, -12.5, -1.0, 74.0
0.0, 0.0, 0.0, 1984-12-22 00:00:00, -7.0, -1.0, 74.0
0.0, 0.0, 0.0, 1984-12-23 00:00:00, -7.5, -3.0, 74.0
0.0, 0.0, 0.0, 1984-12-24 00:00:00, -15.0, -1.0, 74.0
2.0, 0.0, 2.0, 1984-12-25 00:00:00, -6.0, -0.5, 73.0
4.0, 0.0, 4.0, 1984-12-26 00:00:00, -8.0, -5.0, 73.0
1.0, 0.0, 1.0, 1984-12-27 00:00:00, -13.5, -10.0, 74.0
2.0, 0.0, 2.0, 1984-12-28 00:00:00, -17.0, -15.0, 75.0
3.0, 0.0, 3.0, 1984-12-29 00:00:00, -22.0, -21.0, None
0.0, 0.0, 0.0, 1984-12-30 00:00:00, -24.0, -21.0, None
0.0, 0.0, 0.0, 1984-12-31 00:00:00, -26.0, -18.0, None
0.0, 0.0, 0.0, 1985-01-01 00:00:00, -21.5, -14.0, 78.0
0.0, 0.0, 0.0, 1985-01-02 00:00:00, -17.0, -12.0, 77.0
0.0, 0.0, 0.0, 1985-01-03 00:00:00, -12.5, None, None
1.0, 0.0, 1.0, 1985-01-04 00:00:00, None, -2.0, None
0.0, 0.0, 0.0, 1985-01-05 00:00:00, -6.0, -1.0, 76.0
0.0, 0.0, 0.0, 1985-01-06 00:00:00, -4.5, -4.0, 76.0
0.0, 0.0, 0.0, 1985-01-07 00:00:00, -7.5, -4.5, 75.0
0.0, 0.0, 0.0, 1985-01-08 00:00:00, -9.0, -6.0, 75.0
0.0, 0.0, 0.0, 1985-01-09 00:00:00, -11.0, -8.5, 75.0
0.0, 0.0, 0.0, 1985-01-10 00:00:00, -13.5, -9.5, 74.0
0.0, 0.0, 0.0, 1985-01-11 00:00:00, -15.0, -6.5, 74.0
0.0, 0.0, 0.0, 1985-01-12 00:00:00, -9.0, -4.5, 73.0
0.0, 0.0, 0.0, 1985-01-13 00:00:00, -8.0, -3.0, 73.0
0.0, 0.0, 0.0, 1985-01-14 00:00:00, -6.5, 4.0, 73.0
0.0, 0.0, 0.0, 1985-01-15 00:00:00, 2.0, 5.0, 73.0
0.0, 0.0, 0.0, 1985-01-16 00:00:00, -1.5, 5.0, 73.0
4.0, 4.0, 0.0, 1985-01-17 00:00:00, 1.0, 4.0, 72.0
1.0, 1.0, 0.0, 1985-01-18 00:00:00, 0.0, 5.0, 71.0
0.4, 0.4, 0.0, 1985-01-19 00:00:00, 0.0, 4.0, 68.0
0.0, 0.0, 0.0, 1985-01-20 00:00:00, -1.0, 5.0, 67.0
0.0, 0.0, 0.0, 1985-01-21 00:00:00, -6.0, 0.0, 66.0
0.0, 0.0, 0.0, 1985-01-22 00:00:00, -4.0, 0.0, 65.0
0.0, 0.0, 0.0, 1985-01-23 00:00:00, -8.5, 0.0, 65.0
0.0, 0.0, 0.0, 1985-01-24 00:00:00, -8.5, -1.0, 64.0
0.0, 0.0, 0.0, 1985-01-25 00:00:00, -11.0, -1.0, 63.0
0.0, 0.0, 0.0, 1985-01-26 00:00:00, -11.0, -1.0, 62.0
0.0, 0.0, 0.0, 1985-01-27 00:00:00, -11.0, -2.0, 61.0
0.0, 0.0, 0.0, 1985-01-28 00:00:00, -13.0, -3.0, 60.0
0.0, 0.0, 0.0, 1985-01-29 00:00:00, -12.5, -1.0, 59.0
1.0, 0.0, 1.0, 1985-01-30 00:00:00, -14.5, -3.0, 58.0
2.0, 0.0, 2.0, 1985-01-31 00:00:00, -9.0, -3.0, 57.0
0.0, 0.0, 0.0, 1985-02-01 00:00:00, -9.0, -4.0, 59.0
0.0, 0.0, 0.0, 1985-02-02 00:00:00, -16.5, -5.0, 58.0
0.0, 0.0, 0.0, 1985-02-03 00:00:00, -19.5, -7.0, 57.0
1.0, 0.0, 1.0, 1985-02-04 00:00:00, -20.0, -5.0, 56.0
1.0, 0.0, 1.0, 1985-02-05 00:00:00, -12.0, -2.0, 55.0
9.0, 0.0, 9.0, 1985-02-06 00:00:00, -16.0, -4.0, 54.0
2.0, 0.0, 2.0, 1985-02-07 00:00:00, -10.0, -5.0, 62.0
1.0, 0.0, 1.0, 1985-02-08 00:00:00, -12.5, -10.0, 62.0
5.0, 0.0, 5.0, 1985-02-09 00:00:00, -14.5, -11.0, 62.0
13.0, 0.0, 13.0, 1985-02-10 00:00:00, -14.5, -9.0, 67.0
11.0, 0.0, 11.0, 1985-02-11 00:00:00, -11.5, 1.0, 79.0
0.0, 0.0, 0.0, 1985-02-12 00:00:00, -2.5, 2.0, 89.0
0.0, 0.0, 0.0, 1985-02-13 00:00:00, -3.0, 5.0, 87.0
1.0, 0.0, 1.0, 1985-02-14 00:00:00, -4.5, 3.0, 83.0
0.0, 0.0, 0.0, 1985-02-15 00:00:00, -1.5, 3.0, 80.0
0.0, 0.0, 0.0, 1985-02-16 00:00:00, -1.5, 5.0, 77.0
0.0, 0.0, 0.0, 1985-02-17 00:00:00, -3.0, 3.0, 75.0
0.0, 0.0, 0.0, 1985-02-18 00:00:00, -0.5, 5.0, 73.0
0.0, 0.0, 0.0, 1985-02-19 00:00:00, -1.0, 4.0, 72.0
0.0, 0.0, 0.0, 1985-02-20 00:00:00, -7.5, 4.0, 72.0
0.0, 0.0, 0.0, 1985-02-21 00:00:00, 1.0, 5.0, 71.0
0.0, 0.0, 0.0, 1985-02-22 00:00:00, -2.0, 7.0, 69.0
0.0, 0.0, 0.0, 1985-02-23 00:00:00, 2.0, 7.0, 68.0
0.0, 0.0, 0.0, 1985-02-24 00:00:00, 1.0, 7.0, 66.0
0.0, 0.0, 0.0, 1985-02-25 00:00:00, -5.5, 5.0, 64.0
0.0, 0.0, 0.0, 1985-02-26 00:00:00, -5.5, 6.5, 62.0
0.0, 0.0, 0.0, 1985-02-27 00:00:00, -6.5, 7.0, 60.0
0.0, 0.0, 0.0, 1985-02-28 00:00:00, -4.0, 9.0, 58.0
0.0, 0.0, 0.0, 1985-03-01 00:00:00, -6.5, 5.0, 56.0
0.0, 0.0, 0.0, 1985-03-02 00:00:00, -9.0, 6.5, 54.0
1.0, 0.0, 1.0, 1985-03-03 00:00:00, -8.0, 4.0, 52.0
0.0, 0.0, 0.0, 1985-03-04 00:00:00, -3.0, 2.0, 51.0
0.5, 0.5, 0.0, 1985-03-05 00:00:00, -7.5, 5.0, 50.0
0.0, 0.0, 0.0, 1985-03-06 00:00:00, -9.0, 6.0, 49.0
0.0, 0.0, 0.0, 1985-03-07 00:00:00, None, None, None
0.0, 0.0, 0.0, 1985-03-08 00:00:00, None, None, None
0.0, 0.0, 0.0, 1985-03-09 00:00:00, None, 8.0, None
0.0, 0.0, 0.0, 1985-03-10 00:00:00, -11.5, 8.0, 45.0
0.0, 0.0, 0.0, 1985-03-11 00:00:00, -9.0, 9.5, 44.0
0.0, 0.0, 0.0, 1985-03-12 00:00:00, -8.5, 8.0, 43.0
0.0, 0.0, 0.0, 1985-03-13 00:00:00, -4.0, 11.0, 42.0
0.0, 0.0, 0.0, 1985-03-14 00:00:00, -2.0, 10.0, 41.0
0.0, 0.0, 0.0, 1985-03-15 00:00:00, -3.5, 10.0, 40.0
0.0, 0.0, 0.0, 1985-03-16 00:00:00, None, None, None
0.0, 0.0, 0.0, 1985-03-17 00:00:00, None, None, None
0.0, 0.0, 0.0, 1985-03-18 00:00:00, -5.0, 12.0, None
0.0, 0.0, 0.0, 1985-03-19 00:00:00, -0.5, 7.0, 36.0
6.0, 0.0, 6.0, 1985-03-20 00:00:00, -1.0, 7.0, 35.0
1.0, 0.0, 1.0, 1985-03-21 00:00:00, -4.0, 6.0, 39.0
1.0, 0.0, 1.0, 1985-03-22 00:00:00, -2.0, 6.0, 35.0
16.0, 0.0, 16.0, 1985-03-23 00:00:00, -3.0, 2.0, 34.0
0.0, 0.0, 0.0, 1985-03-24 00:00:00, -3.0, 5.0, 48.0
0.0, 0.0, 0.0, 1985-03-25 00:00:00, -5.0, 5.0, 45.0
0.0, 0.0, 0.0, 1985-03-26 00:00:00, -6.5, 4.5, 44.0
0.0, 0.0, 0.0, 1985-03-27 00:00:00, -8.5, 6.0, 42.0
0.0, 0.0, 0.0, 1985-03-28 00:00:00, -7.5, 9.5, 41.0
3.0, 1.5, 1.5, 1985-03-29 00:00:00, -4.5, None, 40.0
2.0, 1.0, 1.0, 1985-03-30 00:00:00, None, None, None
0.0, 0.0, 0.0, 1985-03-31 00:00:00, -1.0, 9.0, 34.0
0.0, 0.0, 0.0, 1985-04-01 00:00:00, 2.0, 11.0, 30.0
0.2, 0.2, 0.0, 1985-04-02 00:00:00, 2.5, 7.0, 24.0
0.0, 0.0, 0.0, 1985-04-03 00:00:00, -2.5, 4.0, 20.0
0.0, 0.0, 0.0, 1985-04-04 00:00:00, -2.0, 9.0, 18.0
0.0, 0.0, 0.0, 1985-04-05 00:00:00, -0.5, 11.0, 16.0
0.0, 0.0, 0.0, 1985-04-06 00:00:00, -4.0, 15.0, 14.0
0.0, 0.0, 0.0, 1985-04-07 00:00:00, -3.0, 18.0, 12.0
0.0, 0.0, 0.0, 1985-04-08 00:00:00, -2.5, 20.0, 0.0
0.0, 0.0, 0.0, 1985-04-09 00:00:00, -2.5, 20.0, 0.0
0.0, 0.0, 0.0, 1985-04-10 00:00:00, -2.0, 18.0, 0.0
0.8, 0.8, 0.0, 1985-04-11 00:00:00, 3.0, 9.0, 0.0
1.0, 1.0, 0.0, 1985-04-12 00:00:00, 3.5, 14.5, 0.0
5.6, 5.6, 0.0, 1985-04-13 00:00:00, 4.0, 8.5, 0.0
0.0, 0.0, 0.0, 1985-04-14 00:00:00, 1.5, 14.0, 0.0
0.0, 0.0, 0.0, 1985-04-15 00:00:00, -2.5, 16.0, 0.0
0.0, 0.0, 0.0, 1985-04-16 00:00:00, 3.5, 12.5, 0.0
0.0, 0.0, 0.0, 1985-04-17 00:00:00, 3.0, 9.5, 0.0
0.0, 0.0, 0.0, 1985-04-18 00:00:00, 1.0, 6.0, 0.0
0.0, 0.0, 0.0, 1985-04-19 00:00:00, None, None, 0.0
0.0, 0.0, 0.0, 1985-04-20 00:00:00, None, None, 0.0
0.0, 0.0, 0.0, 1985-04-21 00:00:00, -5.0, 9.0, 0.0
2.0, 0.0, 2.0, 1985-04-22 00:00:00, None, 7.5, 0.0
0.0, 0.0, 0.0, 1985-04-23 00:00:00, -1.0, 6.0, 0.0
0.0, 0.0, 0.0, 1985-04-24 00:00:00, -1.0, 10.5, 0.0
0.0, 0.0, 0.0, 1985-04-25 00:00:00, -4.0, 7.5, 0.0
1.4, 1.4, 0.0, 1985-04-26 00:00:00, -1.0, 6.5, 0.0
0.4, 0.4, 0.0, 1985-04-27 00:00:00, 2.0, 8.5, 0.0
0.0, 0.0, 0.0, 1985-04-28 00:00:00, -1.0, 7.0, 0.0
0.0, 0.0, 0.0, 1985-04-29 00:00:00, -3.5, 10.0, 0.0
0.0, 0.0, 0.0, 1985-04-30 00:00:00, -5.0, 15.0, 0.0
0.0, 0.0, 0.0, 1985-05-01 00:00:00, -3.0, 19.0, 0.0
3.0, 3.0, 0.0, 1985-05-02 00:00:00, -0.5, 18.5, 0.0
0.0, 0.0, 0.0, 1985-05-03 00:00:00, 1.0, 11.0, 0.0
0.0, 0.0, 0.0, 1985-05-04 00:00:00, 2.5, 10.0, 0.0
0.0, 0.0, 0.0, 1985-05-05 00:00:00, -2.0, 11.0, 0.0
0.0, 0.0, 0.0, 1985-05-06 00:00:00, None, 11.0, 0.0
0.0, 0.0, 0.0, 1985-05-07 00:00:00, -1.0, 14.0, 0.0
0.0, 0.0, 0.0, 1985-05-08 00:00:00, -3.5, 13.0, 0.0
0.0, 0.0, 0.0, 1985-05-09 00:00:00, -4.0, 15.0, 0.0
2.8, 2.8, 0.0, 1985-05-10 00:00:00, 1.5, 10.0, 0.0
0.0, 0.0, 0.0, 1985-05-11 00:00:00, -2.0, 9.0, 0.0
0.0, 0.0, 0.0, 1985-05-12 00:00:00, -1.0, 12.5, 0.0
0.0, 0.0, 0.0, 1985-05-13 00:00:00, 3.5, 12.5, 0.0
0.0, 0.0, 0.0, 1985-05-14 00:00:00, 0.0, 16.5, 0.0
0.0, 0.0, 0.0, 1985-05-15 00:00:00, -2.0, 24.5, 0.0
0.0, 0.0, 0.0, 1985-05-16 00:00:00, 0.0, 29.0, 0.0
0.0, 0.0, 0.0, 1985-05-17 00:00:00, 2.5, 29.5, 0.0
0.0, 0.0, 0.0, 1985-05-18 00:00:00, 4.0, 25.0, 0.0
0.0, 0.0, 0.0, 1985-05-19 00:00:00, 5.0, 20.0, 0.0
0.0, 0.0, 0.0, 1985-05-20 00:00:00, 4.0, 18.5, 0.0
0.0, 0.0, 0.0, 1985-05-21 00:00:00, 1.5, 24.5, 0.0
0.0, 0.0, 0.0, 1985-05-22 00:00:00, 3.0, 25.0, 0.0
1.4, 1.4, 0.0, 1985-05-23 00:00:00, 5.5, 22.5, 0.0
4.4, 4.4, 0.0, 1985-05-24 00:00:00, 6.0, 19.5, 0.0
3.0, 3.0, 0.0, 1985-05-25 00:00:00, 8.0, 19.5, 0.0
0.0, 0.0, 0.0, 1985-05-26 00:00:00, 6.0, 19.0, 0.0
0.0, 0.0, 0.0, 1985-05-27 00:00:00, 4.5, 19.0, 0.0
7.2, 7.2, 0.0, 1985-05-28 00:00:00, 8.5, 15.5, 0.0
8.2, 8.2, 0.0, 1985-05-29 00:00:00, 6.5, 15.0, 0.0
0.0, 0.0, 0.0, 1985-05-30 00:00:00, 7.0, 19.5, 0.0
0.0, 0.0, 0.0, 1985-05-31 00:00:00, 2.5, 26.0, 0.0
0.0, 0.0, 0.0, 1985-06-01 00:00:00, 6.0, 27.0, 0.0
0.0, 0.0, 0.0, 1985-06-02 00:00:00, 7.0, 23.0, 0.0
1.8, 1.8, 0.0, 1985-06-03 00:00:00, 6.5, 20.5, 0.0
1.2, 1.2, 0.0, 1985-06-04 00:00:00, 8.0, 19.0, 0.0
0.0, 0.0, 0.0, 1985-06-05 00:00:00, 6.5, 14.0, 0.0
1.0, 1.0, 0.0, 1985-06-06 00:00:00, None, None, 0.0
2.0, 2.0, 0.0, 1985-06-07 00:00:00, None, None, 0.0
0.0, 0.0, 0.0, 1985-06-08 00:00:00, None, None, 0.0
0.0, 0.0, 0.0, 1985-06-09 00:00:00, -1.0, 20.0, 0.0
0.0, 0.0, 0.0, 1985-06-10 00:00:00, 0.0, 22.0, 0.0
1.0, 1.0, 0.0, 1985-06-11 00:00:00, 6.5, 15.0, 0.0
1.0, 1.0, 0.0, 1985-06-12 00:00:00, 3.0, 18.0, 0.0
2.8, 2.8, 0.0, 1985-06-13 00:00:00, 8.0, 18.5, 0.0
1.6, 1.6, 0.0, 1985-06-14 00:00:00, 8.5, 17.0, 0.0
0.0, 0.0, 0.0, 1985-06-15 00:00:00, 7.0, 19.0, 0.0
0.0, 0.0, 0.0, 1985-06-16 00:00:00, -0.5, 23.0, 0.0
0.0, 0.0, 0.0, 1985-06-17 00:00:00, 2.5, 29.5, 0.0
0.0, 0.0, 0.0, 1985-06-18 00:00:00, 6.0, 32.5, 0.0
0.0, 0.0, 0.0, 1985-06-19 00:00:00, 9.5, 29.0, 0.0
0.0, 0.0, 0.0, 1985-06-20 00:00:00, 7.0, 25.0, 0.0
1.8, 1.8, 0.0, 1985-06-21 00:00:00, 11.0, 23.5, 0.0
2.6, 2.6, 0.0, 1985-06-22 00:00:00, 3.5, 17.5, 0.0
1.0, 1.0, 0.0, 1985-06-23 00:00:00, 1.5, 11.5, 0.0
0.0, 0.0, 0.0, 1985-06-24 00:00:00, 4.0, 17.5, 0.0
0.0, 0.0, 0.0, 1985-06-25 00:00:00, 2.5, 25.0, 0.0
0.0, 0.0, 0.0, 1985-06-26 00:00:00, 6.0, 24.0, 0.0
0.0, 0.0, 0.0, 1985-06-27 00:00:00, 4.0, 21.5, 0.0
0.0, 0.0, 0.0, 1985-06-28 00:00:00, 7.5, 23.0, 0.0
0.0, 0.0, 0.0, 1985-06-29 00:00:00, 3.5, 22.5, 0.0
0.0, 0.0, 0.0, 1985-06-30 00:00:00, 5.0, 20.0, 0.0
0.0, 0.0, 0.0, 1985-07-01 00:00:00, 0.5, 30.5, 0.0
0.0, 0.0, 0.0, 1985-07-02 00:00:00, None, None, 0.0
0.0, 0.0, 0.0, 1985-07-03 00:00:00, None, 30.0, 0.0
0.0, 0.0, 0.0, 1985-07-04 00:00:00, 5.0, 28.5, 0.0
0.0, 0.0, 0.0, 1985-07-05 00:00:00, 8.5, 19.5, 0.0
0.0, 0.0, 0.0, 1985-07-06 00:00:00, 3.5, 26.0, 0.0
0.0, 0.0, 0.0, 1985-07-07 00:00:00, 5.5, 30.0, 0.0
0.0, 0.0, 0.0, 1985-07-08 00:00:00, 8.0, 31.5, 0.0
0.0, 0.0, 0.0, 1985-07-09 00:00:00, 9.0, 33.5, 0.0
0.0, 0.0, 0.0, 1985-07-10 00:00:00, 11.5, 26.0, 0.0
0.0, 0.0, 0.0, 1985-07-11 00:00:00, 7.0, 26.0, 0.0
0.0, 0.0, 0.0, 1985-07-12 00:00:00, 8.5, 24.5, 0.0
0.0, 0.0, 0.0, 1985-07-13 00:00:00, 5.0, 26.5, 0.0
0.0, 0.0, 0.0, 1985-07-14 00:00:00, 6.0, 30.0, 0.0
0.0, 0.0, 0.0, 1985-07-15 00:00:00, 8.0, 28.5, 0.0
4.4, 4.4, 0.0, 1985-07-16 00:00:00, 9.0, 26.0, 0.0
0.0, 0.0, 0.0, 1985-07-17 00:00:00, 6.5, 30.0, 0.0
0.0, 0.0, 0.0, 1985-07-18 00:00:00, 7.5, 32.0, 0.0
0.0, 0.0, 0.0, 1985-07-19 00:00:00, 8.5, 33.5, 0.0
0.0, 0.0, 0.0, 1985-07-20 00:00:00, 9.0, 34.5, 0.0
0.0, 0.0, 0.0, 1985-07-21 00:00:00, 10.0, 33.0, 0.0
0.0, 0.0, 0.0, 1985-07-22 00:00:00, 13.0, 28.5, 0.0
0.0, 0.0, 0.0, 1985-07-23 00:00:00, 12.0, 27.5, 0.0
0.0, 0.0, 0.0, 1985-07-24 00:00:00, 8.0, 27.0, 0.0
0.0, 0.0, 0.0, 1985-07-25 00:00:00, 7.5, 29.0, 0.0
0.0, 0.0, 0.0, 1985-07-26 00:00:00, 5.5, 29.5, 0.0
0.0, 0.0, 0.0, 1985-07-27 00:00:00, 6.0, 31.5, 0.0
0.0, 0.0, 0.0, 1985-07-28 00:00:00, 7.5, 34.0, 0.0
0.0, 0.0, 0.0, 1985-07-29 00:00:00, 9.0, 34.5, 0.0
0.0, 0.0, 0.0, 1985-07-30 00:00:00, 11.0, 36.0, 0.0
0.0, 0.0, 0.0, 1985-07-31 00:00:00, 14.0, 29.0, 0.0
