station_observations
ONE_DAY_PRECIPITATION, ONE_DAY_RAIN, ONE_DAY_SNOW, time, MIN_TEMP, MAX_TEMP, SNOW_ON_THE_GROUND
3.0, 3.0, 0.0, 1984-08-01 00:00:00, 18.0, 26.5, 0.0
0.0, 0.0, 0.0, 1984-08-02 00:00:00, 17.0, 30.0, 0.0
0.0, 0.0, 0.0, 1984-08-03 00:00:00, 18.0, 29.0, 0.0
2.8, 2.8, 0.0, 1984-08-04 00:00:00, 17.5, 30.5, 0.0
1.4, 1.4, 0.0, 1984-08-05 00:00:00, 17.0, 29.0, 0.0
0.0, 0.0, 0.0, 1984-08-06 00:00:00, 15.5, 26.0, 0.0
0.0, 0.0, 0.0, 1984-08-07 00:00:00, 15.0, 26.5, 0.0
0.0, 0.0, 0.0, 1984-08-08 00:00:00, 15.0, 30.0, 0.0
0.0, 0.0, 0.0, 1984-08-09 00:00:00, 17.5, 34.5, 0.0
0.0, 0.0, 0.0, 1984-08-10 00:00:00, 18.0, 31.0, 0.0
0.0, 0.0, 0.0, 1984-08-11 00:00:00, 15.0, 30.0, 0.0
14.8, 14.8, 0.0, 1984-08-12 00:00:00, 15.5, 25.0, 0.0
0.0, 0.0, 0.0, 1984-08-13 00:00:00, 11.0, 22.0, 0.0
0.0, 0.0, 0.0, 1984-08-14 00:00:00, 11.5, 25.0, 0.0
0.0, 0.0, 0.0, 1984-08-15 00:00:00, 13.0, 26.0, 0.0
0.3, 0.3, 0.0, 1984-08-16 00:00:00, 14.5, 30.0, 0.0
0.0, 0.0, 0.0, 1984-08-17 00:00:00, 17.0, 28.0, 0.0
0.0, 0.0, 0.0, 1984-08-18 00:00:00, 16.5, 26.0, 0.0
0.0, 0.0, 0.0, 1984-08-19 00:00:00, 13.5, 25.0, 0.0
0.0, 0.0, 0.0, 1984-08-20 00:00:00, 11.0, 25.5, 0.0
0.0, 0.0, 0.0, 1984-08-21 00:00:00, 12.0, 29.5, 0.0
0.0, 0.0, 0.0, 1984-08-22 00:00:00, 16.0, 25.5, 0.0
0.0, 0.0, 0.0, 1984-08-23 00:00:00, 15.5, 27.0, 0.0
0.0, 0.0, 0.0, 1984-08-24 00:00:00, 13.5, 26.0, 0.0
0.0, 0.0, 0.0, 1984-08-25 00:00:00, 14.0, 26.0, 0.0
2.1, 2.1, 0.0, 1984-08-26 00:00:00, 18.0, 23.5, 0.0
1.0, 1.0, 0.0, 1984-08-27 00:00:00, 15.0, 21.0, 0.0
0.0, 0.0, 0.0, 1984-08-28 00:00:00, 7.0, 19.0, 0.0
0.0, 0.0, 0.0, 1984-08-29 00:00:00, 7.0, 21.0, 0.0
0.0, 0.0, 0.0, 1984-08-30 00:00:00, 8.5, 22.0, 0.0
0.0, 0.0, 0.0, 1984-08-31 00:00:00, 12.5, 23.5, 0.0
0.0, 0.0, 0.0, 1984-09-01 00:00:00, 14.5, 19.5, 0.0
0.0, 0.0, 0.0, 1984-09-02 00:00:00, 9.5, 21.5, 0.0
0.0, 0.0, 0.0, 1984-09-03 00:00:00, 11.0, 25.5, 0.0
0.0, 0.0, 0.0, 1984-09-04 00:00:00, 11.5, 21.0, 0.0
4.2, 4.2, 0.0, 1984-09-05 00:00:00, 13.5, 19.5, 0.0
1.6, 1.6, 0.0, 1984-09-06 00:00:00, 10.0, 17.5, 0.0
0.6, 0.6, 0.0, 1984-09-07 00:00:00, 9.0, 19.0, 0.0
0.0, 0.0, 0.0, 1984-09-08 00:00:00, 12.0, 23.0, 0.0
6.6, 6.6, 0.0, 1984-09-09 00:00:00, 12.0, 16.0, 0.0
0.0, 0.0, 0.0, 1984-09-10 00:00:00, 9.0, 17.0, 0.0
4.0, 4.0, 0.0, 1984-09-11 00:00:00, 7.5, 18.0, 0.0
3.0, 3.0, 0.0, 1984-09-12 00:00:00, 6.5, 15.5, 0.0
0.0, 0.0, 0.0, 1984-09-13 00:00:00, 7.5, 18.0, 0.0
0.0, 0.0, 0.0, 1984-09-14 00:00:00, 6.5, 18.0, 0.0
0.0, 0.0, 0.0, 1984-09-15 00:00:00, 7.0, 18.5, 0.0
0.0, 0.0, 0.0, 1984-09-16 00:00:00, 12.0, 16.0, 0.0
0.0, 0.0, 0.0, 1984-09-17 00:00:00, 10.5, 23.0, 0.0
0.0, 0.0, 0.0, 1984-09-18 00:00:00, 12.0, 28.0, 0.0
0.0, 0.0, 0.0, 1984-09-19 00:00:00, 11.0, 22.0, 0.0
1.8, 1.8, 0.0, 1984-09-20 00:00:00, 10.5, 12.0, 0.0
0.0, 0.0, 0.0, 1984-09-21 00:00:00, 9.5, 13.0, 0.0
0.0, 0.0, 0.0, 1984-09-22 00:00:00, 6.5, 12.0, 0.0
0.0, 0.0, 0.0, 1984-09-23 00:00:00, 8.0, 15.0, 0.0
0.0, 0.0, 0.0, 1984-09-24 00:00:00, 2.0, 14.0, 0.0
0.0, 0.0, 0.0, 1984-09-25 00:00:00, 3.0, 14.0, 0.0
0.0, 0.0, 0.0, 1984-09-26 00:00:00, 5.5, 15.0, 0.0
0.0, 0.0, 0.0, 1984-09-27 00:00:00, 2.0, 14.5, 0.0
0.0, 0.0, 0.0, 1984-09-28 00:00:00, 1.0, 13.0, 0.0
0.0, 0.0, 0.0, 1984-09-29 00:00:00, 1.5, 15.0, 0.0
0.0, 0.0, 0.0, 1984-09-30 00:00:00, 3.5, 16.0, 0.0
0.0, 0.0, 0.0, 1984-10-01 00:00:00, 4.5, 16.5, 0.0
0.0, 0.0, 0.0, 1984-10-02 00:00:00, 5.0, 17.5, 0.0
0.0, 0.0, 0.0, 1984-10-03 00:00:00, 7.5, 18.0, 0.0
0.0, 0.0, 0.0, 1984-10-04 00:00:00, 9.5, 22.0, 0.0
0.0, 0.0, 0.0, 1984-10-05 00:00:00, 8.0, 19.0, 0.0
0.0, 0.0, 0.0, 1984-10-06 00:00:00, 7.0, 17.5, 0.0
0.0, 0.0, 0.0, 1984-10-07 00:00:00, 10.0, 18.5, 0.0
0.0, 0.0, 0.0, 1984-10-08 00:00:00, 10.5, 26.0, 0.0
0.0, 0.0, 0.0, 1984-10-09 00:00:00, 12.0, 20.5, 0.0
18.0, 18.0, 0.0, 1984-10-10 00:00:00, 14.0, 18.0, 0.0
1.6, 1.6, 0.0, 1984-10-11 00:00:00, 9.0, 12.5, 0.0
0.8, 0.8, 0.0, 1984-10-12 00:00:00, 4.0, 11.0, 0.0
3.4, 3.4, 0.0, 1984-10-13 00:00:00, 7.0, 11.0, 0.0
0.4, 0.4, 0.0, 1984-10-14 00:00:00, 3.5, 10.0, 0.0
0.0, 0.0, 0.0, 1984-10-15 00:00:00, 1.5, 10.0, 0.0
0.0, 0.0, 0.0, 1984-10-16 00:00:00, 2.5, 10.0, 0.0
0.0, 0.0, 0.0, 1984-10-17 00:00:00, 2.5, 6.0, 0.0
0.0, 0.0, 0.0, 1984-10-18 00:00:00, -1.0, 6.5, 0.0
0.0, 0.0, 0.0, 1984-10-19 00:00:00, -2.0, 7.0, 0.0
0.0, 0.0, 0.0, 1984-10-20 00:00:00, -1.5, 8.0, 0.0
0.0, 0.0, 0.0, 1984-10-21 00:00:00, -2.0, 8.0, 0.0
0.0, 0.0, 0.0, 1984-10-22 00:00:00, -0.5, 8.5, 0.0
3.8, 3.8, 0.0, 1984-10-23 00:00:00, 0.5, 4.5, 0.0
6.2, 6.2, 0.0, 1984-10-24 00:00:00, 2.0, 7.5, 0.0
0.0, 0.0, 0.0, 1984-10-25 00:00:00, 4.5, 11.0, 0.0
0.0, 0.0, 0.0, 1984-10-26 00:00:00, 1.0, 6.5, 0.0
3.4, 3.4, 0.0, 1984-10-27 00:00:00, -0.5, 7.0, 0.0
0.0, 0.0, 0.0, 1984-10-28 00:00:00, -2.0, 3.0, 0.0
0.0, 0.0, 0.0, 1984-10-29 00:00:00, -5.5, 3.5, 0.0
0.0, 0.0, 0.0, 1984-10-30 00:00:00, -11.5, 4.0, 0.0
2.0, 0.0, 2.0, 1984-10-31 00:00:00, -14.0, -7.5, None
25.2, 0.0, 25.2, 1984-11-01 00:00:00, -13.0, -4.0, None
9.7, 0.0, 9.7, 1984-11-02 00:00:00, -6.0, 3.0, None
0.0, 0.0, 0.0, 1984-11-03 00:00:00, 0.5, 8.5, None
0.0, 0.0, 0.0, 1984-11-04 00:00:00, 4.5, 9.0, None
0.2, 0.2, 0.0, 1984-11-05 00:00:00, 0.5, 7.0, None
0.0, 0.0, 0.0, 1984-11-06 00:00:00, 2.0, 8.0, None
0.0, 0.0, 0.0, 1984-11-07 00:00:00, 3.0, 12.0, None
0.5, 0.5, 0.0, 1984-11-08 00:00:00, 1.0, 7.0, None
0.0, 0.0, 0.0, 1984-11-09 00:00:00, 1.0, 10.5, None
3.6, 3.6, 0.0, 1984-11-10 00:00:00, 1.0, 5.0, None
6.6, 6.6, 0.0, 1984-11-11 00:00:00, 1.5, 5.0, None
8.4, 8.4, 0.0, 1984-11-12 00:00:00, 3.0, 4.5, None
3.0, 3.0, 0.0, 1984-11-13 00:00:00, 3.0, 5.0, None
0.0, 0.0, 0.0, 1984-11-14 00:00:00, -1.5, 3.5, None
0.0, 0.0, 0.0, 1984-11-15 00:00:00, -3.0, -0.5, None
0.0, 0.0, 0.0, 1984-11-16 00:00:00, -2.5, 1.0, None
0.0, 0.0, 0.0, 1984-11-17 00:00:00, -2.5, 2.0, None
1.4, 1.4, 0.0, 1984-11-18 00:00:00, 0.5, 6.0, None
1.8, 1.8, 0.0, 1984-11-19 00:00:00, 3.5, 8.5, None
0.0, 0.0, 0.0, 1984-11-20 00:00:00, 2.5, 5.0, None
0.0, 0.0, 0.0, 1984-11-21 00:00:00, -1.0, 4.0, None
0.0, 0.0, 0.0, 1984-11-22 00:00:00, -1.0, 5.0, None
0.2, 0.2, 0.0, 1984-11-23 00:00:00, 3.5, 5.0, None
0.6, 0.0, 0.6, 1984-11-24 00:00:00, -0.5, 4.5, None
0.0, 0.0, 0.0, 1984-11-25 00:00:00, -2.0, 4.0, None
1.4, 0.0, 1.4, 1984-11-26 00:00:00, 0.0, 4.0, None
8.2, 0.0, 8.2, 1984-11-27 00:00:00, -1.0, 1.0, None
0.8, 0.8, 0.0, 1984-11-28 00:00:00, -1.0, 4.0, None
6.6, 0.0, 6.6, 1984-11-29 00:00:00, -1.0, 4.0, None
0.0, 0.0, 0.0, 1984-11-30 00:00:00, -0.5, 2.0, None
0.0, 0.0, 0.0, 1984-12-01 00:00:00, -1.5, 1.0, None
0.0, 0.0, 0.0, 1984-12-02 00:00:00, -4.0, 0.5, None
0.0, 0.0, 0.0, 1984-12-03 00:00:00, -6.0, -3.5, None
0.0, 0.0, 0.0, 1984-12-04 00:00:00, -6.5, -5.0, None
0.0, 0.0, 0.0, 1984-12-05 00:00:00, -6.5, -3.0, None
0.0, 0.0, 0.0, 1984-12-06 00:00:00, -5.0, -2.5, None
6.2, 0.0, 6.2, 1984-12-07 00:00:00, -5.0, 0.0, None
6.2, 0.0, 6.2, 1984-12-08 00:00:00, -2.5, 0.5, None
0.0, 0.0, 0.0, 1984-12-09 00:00:00, -3.5, -1.0, None
0.0, 0.0, 0.0, 1984-12-10 00:00:00, -3.5, 2.5, None
1.4, 0.0, 1.4, 1984-12-11 00:00:00, -5.5, -2.5, None
0.2, 0.0, 0.2, 1984-12-12 00:00:00, -5.5, -1.0, 8.0
1.0, 0.0, 1.0, 1984-12-13 00:00:00, -3.5, 0.5, None
0.0, 0.0, 0.0, 1984-12-14 00:00:00, -4.0, 4.0, None
0.0, 0.0, 0.0, 1984-12-15 00:00:00, -5.0, None, None
0.0, 0.0, 0.0, 1984-12-16 00:00:00, -10.5, -8.5, None
0.0, 0.0, 0.0, 1984-12-17 00:00:00, -16.0, -12.5, None
0.0, 0.0, 0.0, 1984-12-18 00:00:00, -18.5, -10.0, None
1.0, 0.0, 1.0, 1984-12-19 00:00:00, -13.5, -8.5, None
0.0, 0.0, 0.0, 1984-12-20 00:00:00, -10.5, -7.0, None
4.2, 0.0, 4.2, 1984-12-21 00:00:00, -8.5, -5.0, None
2.6, 0.0, 2.6, 1984-12-22 00:00:00, -7.5, -1.0, None
0.0, 0.0, 0.0, 1984-12-23 00:00:00, -8.0, 0.0, 3.0
0.0, 0.0, 0.0, 1984-12-24 00:00:00, -9.0, -3.5, None
1.4, 0.0, 1.4, 1984-12-25 00:00:00, -7.0, 0.0, None
5.4, 0.0, 5.4, 1984-12-26 00:00:00, -5.0, -2.0, None
6.0, 0.0, 6.0, 1984-12-27 00:00:00, -6.0, -3.5, 10.0
1.2, 0.0, 1.2, 1984-12-28 00:00:00, -17.0, -10.5, 16.0
6.6, 0.0, 6.6, 1984-12-29 00:00:00, -18.5, -16.0, 15.0
0.0, 0.0, 0.0, 1984-12-30 00:00:00, -19.0, -15.5, 19.0
0.0, 0.0, 0.0, 1984-12-31 00:00:00, -21.5, -12.0, None
0.0, 0.0, 0.0, 1985-01-01 00:00:00, -16.5, -9.0, 19.0
0.0, 0.0, 0.0, 1985-01-02 00:00:00, -11.5, -7.0, 19.0
0.0, 0.0, 0.0, 1985-01-03 00:00:00, -10.5, -5.0, 18.0
0.0, 0.0, 0.0, 1985-01-04 00:00:00, -8.5, -1.0, 18.0
0.0, 0.0, 0.0, 1985-01-05 00:00:00, -5.0, 0.0, 17.0
0.0, 0.0, 0.0, 1985-01-06 00:00:00, -4.5, -3.0, 17.0
0.0, 0.0, 0.0, 1985-01-07 00:00:00, -5.5, -2.5, 17.0
0.0, 0.0, 0.0, 1985-01-08 00:00:00, -7.0, -3.0, 17.0
0.0, 0.0, 0.0, 1985-01-09 00:00:00, -5.0, -3.5, 16.0
0.0, 0.0, 0.0, 1985-01-10 00:00:00, -4.5, -3.0, 16.0
1.0, 0.0, 1.0, 1985-01-11 00:00:00, -5.0, -2.0, 15.0
0.0, 0.0, 0.0, 1985-01-12 00:00:00, -4.0, -0.5, 15.0
0.0, 0.0, 0.0, 1985-01-13 00:00:00, -3.5, -2.0, 15.0
0.0, 0.0, 0.0, 1985-01-14 00:00:00, -3.5, 0.0, 15.0
0.0, 0.0, 0.0, 1985-01-15 00:00:00, -3.5, -2.0, 15.0
0.0, 0.0, 0.0, 1985-01-16 00:00:00, -4.5, 0.0, 15.0
0.0, 0.0, 0.0, 1985-01-17 00:00:00, -2.5, 1.0, 15.0
0.0, 0.0, 0.0, 1985-01-18 00:00:00, -2.0, 1.0, 15.0
4.8, 3.8, 1.0, 1985-01-19 00:00:00, -3.0, 0.5, 13.0
0.2, 0.2, 0.0, 1985-01-20 00:00:00, -1.0, 2.0, 14.0
0.0, 0.0, 0.0, 1985-01-21 00:00:00, 0.0, 2.0, 13.0
0.0, 0.0, 0.0, 1985-01-22 00:00:00, 0.5, 2.0, 11.0
0.0, 0.0, 0.0, 1985-01-23 00:00:00, 0.0, 2.0, 11.0
0.0, 0.0, 0.0, 1985-01-24 00:00:00, -0.5, 1.0, 11.0
0.0, 0.0, 0.0, 1985-01-25 00:00:00, -1.0, 1.0, 11.0
0.0, 0.0, 0.0, 1985-01-26 00:00:00, -2.0, 0.0, 10.0
0.0, 0.0, 0.0, 1985-01-27 00:00:00, -2.5, -0.5, 10.0
0.8, 0.0, 0.8, 1985-01-28 00:00:00, -4.0, -2.5, 10.0
0.0, 0.0, 0.0, 1985-01-29 00:00:00, -9.5, -2.0, 11.0
0.0, 0.0, 0.0, 1985-01-30 00:00:00, -11.0, -7.0, 11.0
1.2, 0.0, 1.2, 1985-01-31 00:00:00, -12.0, -5.0, 11.0
0.0, 0.0, 0.0, 1985-02-01 00:00:00, -12.0, -5.0, 11.0
0.0, 0.0, 0.0, 1985-02-02 00:00:00, -12.0, -5.0, 11.0
0.0, 0.0, 0.0, 1985-02-03 00:00:00, -14.0, -6.0, 10.0
1.6, 0.0, 1.6, 1985-02-04 00:00:00, -14.0, -6.5, 10.0
0.2, 0.0, 0.2, 1985-02-05 00:00:00, -10.5, -6.0, 11.0
5.8, 0.0, 5.8, 1985-02-06 00:00:00, -9.0, -6.0, 11.0
0.0, 0.0, 0.0, 1985-02-07 00:00:00, -8.0, -1.0, 16.0
0.4, 0.0, 0.4, 1985-02-08 00:00:00, -10.5, -7.0, 13.0
6.6, 0.0, 6.6, 1985-02-09 00:00:00, -12.0, -2.0, 13.0
6.6, 0.0, 6.6, 1985-02-10 00:00:00, -10.0, -2.0, 20.0
0.0, 0.0, 0.0, 1985-02-11 00:00:00, None, 5.0, 21.0
0.0, 0.0, 0.0, 1985-02-12 00:00:00, -1.0, 7.0, 13.0
0.0, 0.0, 0.0, 1985-02-13 00:00:00, -2.0, 2.5, 10.0
0.0, 0.0, 0.0, 1985-02-14 00:00:00, -1.0, 7.0, None
0.0, 0.0, 0.0, 1985-02-15 00:00:00, -2.0, 7.5, None
0.0, 0.0, 0.0, 1985-02-16 00:00:00, -2.5, 8.0, None
0.0, 0.0, 0.0, 1985-02-17 00:00:00, -1.0, 3.5, None
0.0, 0.0, 0.0, 1985-02-18 00:00:00, -2.5, 5.0, 10.0
0.8, 0.0, 0.8, 1985-02-19 00:00:00, 0.0, 3.0, 10.0
0.0, 0.0, 0.0, 1985-02-20 00:00:00, -3.0, 6.5, 10.0
0.8, 0.8, 0.0, 1985-02-21 00:00:00, -1.5, 5.5, None
0.0, 0.0, 0.0, 1985-02-22 00:00:00, -0.5, 6.0, None
0.0, 0.0, 0.0, 1985-02-23 00:00:00, -0.5, 7.0, None
0.0, 0.0, 0.0, 1985-02-24 00:00:00, 1.0, 7.0, 8.0
0.0, 0.0, 0.0, 1985-02-25 00:00:00, 0.5, 6.5, 8.0
0.0, 0.0, 0.0, 1985-02-26 00:00:00, -1.5, 6.5, 8.0
0.0, 0.0, 0.0, 1985-02-27 00:00:00, -2.5, 5.0, 8.0
2.8, 2.5, 0.3, 1985-02-28 00:00:00, 0.0, 4.5, 8.0
0.0, 0.0, 0.0, 1985-03-01 00:00:00, -1.0, 5.5, 5.0
0.0, 0.0, 0.0, 1985-03-02 00:00:00, -4.0, 4.5, None
0.0, 0.0, 0.0, 1985-03-03 00:00:00, -4.0, 2.0, None
0.0, 0.0, 0.0, 1985-03-04 00:00:00, -1.5, 4.5, None
0.0, 0.0, 0.0, 1985-03-05 00:00:00, 0.0, 4.5, 0.0
0.0, 0.0, 0.0, 1985-03-06 00:00:00, -2.0, 5.0, 0.0
0.0, 0.0, 0.0, 1985-03-07 00:00:00, -3.5, 4.0, 0.0
0.0, 0.0, 0.0, 1985-03-08 00:00:00, -3.5, 7.5, 0.0
0.0, 0.0, 0.0, 1985-03-09 00:00:00, -3.5, 6.0, 0.0
0.0, 0.0, 0.0, 1985-03-10 00:00:00, -3.5, 8.0, 0.0
0.0, 0.0, 0.0, 1985-03-11 00:00:00, -4.0, 7.0, 0.0
0.0, 0.0, 0.0, 1985-03-12 00:00:00, -3.0, 8.0, 0.0
0.0, 0.0, 0.0, 1985-03-13 00:00:00, -2.5, 11.5, 0.0
0.0, 0.0, 0.0, 1985-03-14 00:00:00, 1.0, 14.0, 0.0
0.0, 0.0, 0.0, 1985-03-15 00:00:00, -1.0, 10.5, 0.0
0.0, 0.0, 0.0, 1985-03-16 00:00:00, -1.5, 12.0, 0.0
0.0, 0.0, 0.0, 1985-03-17 00:00:00, -0.5, 12.0, 0.0
0.0, 0.0, 0.0, 1985-03-18 00:00:00, -0.5, 12.0, 0.0
0.0, 0.0, 0.0, 1985-03-19 00:00:00, 0.0, 11.5, 0.0
4.6, 3.0, 1.6, 1985-03-20 00:00:00, 1.0, 13.0, 0.0
0.4, 0.0, 0.4, 1985-03-21 00:00:00, 0.5, 9.0, 0.0
0.0, 0.0, 0.0, 1985-03-22 00:00:00, -1.5, 6.5, None
0.0, 0.0, 0.0, 1985-03-23 00:00:00, -1.5, 8.5, None
0.0, 0.0, 0.0, 1985-03-24 00:00:00, -2.0, 6.5, 0.0
0.0, 0.0, 0.0, 1985-03-25 00:00:00, -1.0, 7.0, 0.0
0.0, 0.0, 0.0, 1985-03-26 00:00:00, -3.0, 7.0, 0.0
0.4, 0.4, 0.0, 1985-03-27 00:00:00, 1.0, 7.0, 0.0
0.2, 0.2, 0.0, 1985-03-28 00:00:00, 1.0, 10.0, 0.0
7.4, 5.5, 1.9, 1985-03-29 00:00:00, 1.5, 9.5, 0.0
0.0, 0.0, 0.0, 1985-03-30 00:00:00, 0.5, 11.5, 0.0
0.0, 0.0, 0.0, 1985-03-31 00:00:00, 1.0, 11.5, 0.0
0.0, 0.0, 0.0, 1985-04-01 00:00:00, 4.0, 18.0, 0.0
2.6, 2.6, 0.0, 1985-04-02 00:00:00, 7.5, 13.5, 0.0
0.0, 0.0, 0.0, 1985-04-03 00:00:00, 1.5, 9.0, 0.0
0.0, 0.0, 0.0, 1985-04-04 00:00:00, 2.5, 12.5, 0.0
0.0, 0.0, 0.0, 1985-04-05 00:00:00, 4.0, 15.0, 0.0
0.0, 0.0, 0.0, 1985-04-06 00:00:00, -0.5, 14.5, 0.0
0.0, 0.0, 0.0, 1985-04-07 00:00:00, 0.0, 14.5, 0.0
0.0, 0.0, 0.0, 1985-04-08 00:00:00, 1.5, 17.5, 0.0
0.0, 0.0, 0.0, 1985-04-09 00:00:00, 3.0, 17.0, 0.0
0.0, 0.0, 0.0, 1985-04-10 00:00:00, 4.5, 17.5, 0.0
0.0, 0.0, 0.0, 1985-04-11 00:00:00, 5.5, 18.0, 0.0
0.0, 0.0, 0.0, 1985-04-12 00:00:00, 4.0, 22.0, 0.0
0.0, 0.0, 0.0, 1985-04-13 00:00:00, 9.0, 17.0, 0.0
0.0, 0.0, 0.0, 1985-04-14 00:00:00, 7.0, 12.5, 0.0
0.0, 0.0, 0.0, 1985-04-15 00:00:00, 3.5, 15.0, 0.0
0.0, 0.0, 0.0, 1985-04-16 00:00:00, 6.5, 13.5, 0.0
0.0, 0.0, 0.0, 1985-04-17 00:00:00, 5.5, 15.0, 0.0
0.0, 0.0, 0.0, 1985-04-18 00:00:00, 5.0, 13.5, 0.0
0.0, 0.0, 0.0, 1985-04-19 00:00:00, 3.5, 13.0, 0.0
0.0, 0.0, 0.0, 1985-04-20 00:00:00, 3.0, 12.0, 0.0
0.0, 0.0, 0.0, 1985-04-21 00:00:00, 2.5, 14.0, 0.0
3.4, 3.4, 0.0, 1985-04-22 00:00:00, 1.0, 11.5, 0.0
0.0, 0.0, 0.0, 1985-04-23 00:00:00, 2.0, 12.0, 0.0
0.0, 0.0, 0.0, 1985-04-24 00:00:00, 3.5, 11.5, 0.0
4.0, 4.0, 0.0, 1985-04-25 00:00:00, 0.0, 13.0, 0.0
1.2, 1.2, 0.0, 1985-04-26 00:00:00, 2.0, 12.0, 0.0
0.4, 0.4, 0.0, 1985-04-27 00:00:00, 3.5, 15.5, 0.0
0.0, 0.0, 0.0, 1985-04-28 00:00:00, 1.5, 16.5, 0.0
0.0, 0.0, 0.0, 1985-04-29 00:00:00, 2.0, 14.5, 0.0
0.0, 0.0, 0.0, 1985-04-30 00:00:00, 1.5, 14.5, 0.0
0.0, 0.0, 0.0, 1985-05-01 00:00:00, 3.0, 19.5, 0.0
5.4, 5.4, 0.0, 1985-05-02 00:00:00, 6.0, 23.0, 0.0
0.0, 0.0, 0.0, 1985-05-03 00:00:00, 7.5, 16.0, 0.0
0.0, 0.0, 0.0, 1985-05-04 00:00:00, 6.5, 15.0, 0.0
0.0, 0.0, 0.0, 1985-05-05 00:00:00, 3.0, 16.0, 0.0
0.0, 0.0, 0.0, 1985-05-06 00:00:00, 7.0, 18.5, 0.0
2.0, 2.0, 0.0, 1985-05-07 00:00:00, 6.0, 13.5, 0.0
0.0, 0.0, 0.0, 1985-05-08 00:00:00, 2.0, 14.0, 0.0
0.0, 0.0, 0.0, 1985-05-09 00:00:00, 2.5, 18.0, 0.0
2.2, 2.2, 0.0, 1985-05-10 00:00:00, 5.0, 13.0, 0.0
0.0, 0.0, 0.0, 1985-05-11 00:00:00, 2.5, 11.5, 0.0
0.0, 0.0, 0.0, 1985-05-12 00:00:00, 0.0, 11.5, 0.0
5.0, 5.0, 0.0, 1985-05-13 00:00:00, 4.0, 10.5, 0.0
0.0, 0.0, 0.0, 1985-05-14 00:00:00, 7.5, 17.5, 0.0
0.0, 0.0, 0.0, 1985-05-15 00:00:00, 4.5, 22.0, 0.0
0.0, 0.0, 0.0, 1985-05-16 00:00:00, 7.0, 26.0, 0.0
0.0, 0.0, 0.0, 1985-05-17 00:00:00, 10.0, 29.5, 0.0
0.0, 0.0, 0.0, 1985-05-18 00:00:00, 11.0, 29.0, 0.0
0.0, 0.0, 0.0, 1985-05-19 00:00:00, 11.0, 26.0, 0.0
0.0, 0.0, 0.0, 1985-05-20 00:00:00, 11.5, 26.5, 0.0
0.0, 0.0, 0.0, 1985-05-21 00:00:00, 11.5, 27.0, 0.0
0.0, 0.0, 0.0, 1985-05-22 00:00:00, 15.5, 27.0, 0.0
7.6, 7.6, 0.0, 1985-05-23 00:00:00, 14.0, 26.0, 0.0
0.6, 0.6, 0.0, 1985-05-24 00:00:00, 13.0, 21.0, 0.0
4.0, 4.0, 0.0, 1985-05-25 00:00:00, 9.5, 18.0, 0.0
0.6, 0.6, 0.0, 1985-05-26 00:00:00, 8.0, 20.0, 0.0
0.0, 0.0, 0.0, 1985-05-27 00:00:00, 9.0, 22.0, 0.0
0.8, 0.8, 0.0, 1985-05-28 00:00:00, 12.0, 18.0, 0.0
0.2, 0.2, 0.0, 1985-05-29 00:00:00, 10.5, 18.5, 0.0
0.0, 0.0, 0.0, 1985-05-30 00:00:00, 11.5, 22.5, 0.0
0.0, 0.0, 0.0, 1985-05-31 00:00:00, 10.5, 25.0, 0.0
0.0, 0.0, 0.0, 1985-06-01 00:00:00, 12.0, 26.0, 0.0
0.0, 0.0, 0.0, 1985-06-02 00:00:00, 15.0, 26.0, 0.0
0.6, 0.6, 0.0, 1985-06-03 00:00:00, 14.5, 20.0, 0.0
1.8, 1.8, 0.0, 1985-06-04 00:00:00, 10.5, 23.0, 0.0
2.2, 2.2, 0.0, 1985-06-05 00:00:00, 11.0, 19.5, 0.0
4.2, 4.2, 0.0, 1985-06-06 00:00:00, 7.0, 17.5, 0.0
13.0, 13.0, 0.0, 1985-06-07 00:00:00, 7.0, 18.5, 0.0
0.0, 0.0, 0.0, 1985-06-08 00:00:00, 10.0, 19.0, 0.0
0.0, 0.0, 0.0, 1985-06-09 00:00:00, 10.0, 20.0, 0.0
0.0, 0.0, 0.0, 1985-06-10 00:00:00, 9.5, 22.0, 0.0
0.0, 0.0, 0.0, 1985-06-11 00:00:00, 8.5, 26.0, 0.0
0.0, 0.0, 0.0, 1985-06-12 00:00:00, 13.5, 24.5, 0.0
1.0, 1.0, 0.0, 1985-06-13 00:00:00, 13.5, 19.5, 0.0
1.0, 1.0, 0.0, 1985-06-14 00:00:00, 12.5, 21.0, 0.0
0.0, 0.0, 0.0, 1985-06-15 00:00:00, 12.0, 24.0, 0.0
0.0, 0.0, 0.0, 1985-06-16 00:00:00, 10.5, 19.0, 0.0
0.0, 0.0, 0.0, 1985-06-17 00:00:00, 8.0, 27.0, 0.0
0.0, 0.0, 0.0, 1985-06-18 00:00:00, 13.0, 31.5, 0.0
0.0, 0.0, 0.0, 1985-06-19 00:00:00, 16.0, 33.0, 0.0
0.0, 0.0, 0.0, 1985-06-20 00:00:00, 16.5, 26.0, 0.0
0.0, 0.0, 0.0, 1985-06-21 00:00:00, 15.0, 29.0, 0.0
0.0, 0.0, 0.0, 1985-06-22 00:00:00, 15.0, 28.5, 0.0
2.6, 2.6, 0.0, 1985-06-23 00:00:00, 10.5, 13.0, 0.0
0.0, 0.0, 0.0, 1985-06-24 00:00:00, 7.5, 15.0, 0.0
0.0, 0.0, 0.0, 1985-06-25 00:00:00, 8.5, 23.0, 0.0
0.0, 0.0, 0.0, 1985-06-26 00:00:00, 10.5, 29.0, 0.0
0.0, 0.0, 0.0, 1985-06-27 00:00:00, 14.5, 29.0, 0.0
0.0, 0.0, 0.0, 1985-06-28 00:00:00, 12.5, 31.0, 0.0
0.0, 0.0, 0.0, 1985-06-29 00:00:00, 14.0, 31.0, 0.0
0.0, 0.0, 0.0, 1985-06-30 00:00:00, 13.0, 24.0, 0.0
0.0, 0.0, 0.0, 1985-07-01 00:00:00, 12.0, 30.0, 0.0
0.0, 0.0, 0.0, 1985-07-02 00:00:00, 13.5, 31.5, 0.0
0.0, 0.0, 0.0, 1985-07-03 00:00:00, 14.5, 32.5, 0.0
0.0, 0.0, 0.0, 1985-07-04 00:00:00, 18.5, 34.0, 0.0
0.0, 0.0, 0.0, 1985-07-05 00:00:00, 17.0, 29.0, 0.0
0.0, 0.0, 0.0, 1985-07-06 00:00:00, 12.0, 27.0, 0.0
0.0, 0.0, 0.0, 1985-07-07 00:00:00, 16.0, 34.0, 0.0
0.0, 0.0, 0.0, 1985-07-08 00:00:00, 19.0, 34.0, 0.0
0.0, 0.0, 0.0, 1985-07-09 00:00:00, 18.5, 34.5, 0.0
0.0, 0.0, 0.0, 1985-07-10 00:00:00, 19.0, 32.0, 0.0
0.0, 0.0, 0.0, 1985-07-11 00:00:00, 17.5, 32.0, 0.0
0.0, 0.0, 0.0, 1985-07-12 00:00:00, 18.5, 28.0, 0.0
0.0, 0.0, 0.0, 1985-07-13 00:00:00, 16.5, 26.5, 0.0
0.0, 0.0, 0.0, 1985-07-14 00:00:00, 13.0, 31.0, 0.0
0.0, 0.0, 0.0, 1985-07-15 00:00:00, 19.0, 31.0, 0.0
0.0, 0.0, 0.0, 1985-07-16 00:00:00, 18.5, 28.0, 0.0
0.0, 0.0, 0.0, 1985-07-17 00:00:00, 15.5, 31.0, 0.0
0.0, 0.0, 0.0, 1985-07-18 00:00:00, 14.5, 32.5, 0.0
0.0, 0.0, 0.0, 1985-07-19 00:00:00, 17.0, 33.5, 0.0
0.0, 0.0, 0.0, 1985-07-20 00:00:00, 18.0, 34.0, 0.0
0.0, 0.0, 0.0, 1985-07-21 00:00:00, 17.5, 36.0, 0.0
0.0, 0.0, 0.0, 1985-07-22 00:00:00, 22.0, 32.0, 0.0
0.0, 0.0, 0.0, 1985-07-23 00:00:00, 19.0, 28.0, 0.0
0.0, 0.0, 0.0, 1985-07-24 00:00:00, 15.5, 26.0, 0.0
0.0, 0.0, 0.0, 1985-07-25 00:00:00, 14.0, 32.5, 0.0
0.0, 0.0, 0.0, 1985-07-26 00:00:00, 17.5, 28.0, 0.0
0.0, 0.0, 0.0, 1985-07-27 00:00:00, 12.5, 30.0, 0.0
0.0, 0.0, 0.0, 1985-07-28 00:00:00, 15.0, 33.5, 0.0
0.0, 0.0, 0.0, 1985-07-29 00:00:00, 17.0, 34.0, 0.0
0.0, 0.0, 0.0, 1985-07-30 00:00:00, 15.0, 34.5, 0.0
0.0, 0.0, 0.0, 1985-07-31 00:00:00, 20.0, 33.0, 0.0
3.8, 3.8, 0.0, 1985-08-01 00:00:00, 17.0, 22.0, 0.0
0.0, 0.0, 0.0, 1985-08-02 00:00:00, 15.5, 26.0, 0.0
0.0, 0.0, 0.0, 1985-08-03 00:00:00, 16.0, 30.5, 0.0
0.0, 0.0, 0.0, 1985-08-04 00:00:00, 15.0, 26.5, 0.0
0.0, 0.0, 0.0, 1985-08-05 00:00:00, 14.0, 28.0, 0.0
0.0, 0.0, 0.0, 1985-08-06 00:00:00, 14.5, 32.0, 0.0
9.4, 9.4, 0.0, 1985-08-07 00:00:00, 13.0, 22.5, 0.0
8.0, 8.0, 0.0, 1985-08-08 00:00:00, 10.5, 21.5, 0.0
0.0, 0.0, 0.0, 1985-08-09 00:00:00, 10.5, 19.0, 0.0
8.0, 8.0, 0.0, 1985-08-10 00:00:00, None, None, 0.0
0.0, 0.0, 0.0, 1985-08-11 00:00:00, 11.0, None, 0.0
0.0, 0.0, 0.0, 1985-08-12 00:00:00, 10.0, 26.5, 0.0
0.0, 0.0, 0.0, 1985-08-13 00:00:00, 10.0, 23.5, 0.0
0.0, 0.0, 0.0, 1985-08-14 00:00:00, 13.5, 27.5, 0.0
0.0, 0.0, 0.0, 1985-08-15 00:00:00, 15.0, 26.0, 0.0
0.0, 0.0, 0.0, 1985-08-16 00:00:00, None, None, 0.0
0.0, 0.0, 0.0, 1985-08-17 00:00:00, None, None, 0.0
0.0, 0.0, 0.0, 1985-08-18 00:00:00, 10.0, 30.0, 0.0
2.0, 2.0, 0.0, 1985-08-19 00:00:00, 16.0, 26.0, 0.0
5.0, 5.0, 0.0, 1985-08-20 00:00:00, 12.0, 15.5, 0.0
0.0, 0.0, 0.0, 1985-08-21 00:00:00, 10.5, 23.0, 0.0
0.0, 0.0, 0.0, 1985-08-22 00:00:00, 10.0, 26.0, 0.0
0.0, 0.0, 0.0, 1985-08-23 00:00:00, None, None, 0.0
0.0, 0.0, 0.0, 1985-08-24 00:00:00, 12.0, 32.0, 0.0
0.0, 0.0, 0.0, 1985-08-25 00:00:00, None, None, 0.0
0.0, 0.0, 0.0, 1985-08-26 00:00:00, 10.5, 26.0, 0.0
0.0, 0.0, 0.0, 1985-08-27 00:00:00, 11.0, 30.0, 0.0
0.0, 0.0, 0.0, 1985-08-28 00:00:00, 13.5, 28.0, 0.0
0.0, 0.0, 0.0, 1985-08-29 00:00:00, 11.5, 27.0, 0.0
0.0, 0.0, 0.0, 1985-08-30 00:00:00, None, None, 0.0
0.0, 0.0, 0.0, 1985-08-31 00:00:00, 12.0, 26.0, 0.0
0.0, 0.0, 0.0, 1985-09-01 00:00:00, 10.5, 24.0, 0.0
0.0, 0.0, 0.0, 1985-09-02 00:00:00, 10.0, 23.0, 0.0
0.0, 0.0, 0.0, 1985-09-03 00:00:00, 13.0, 25.0, 0.0
0.0, 0.0, 0.0, 1985-09-04 00:00:00, None, None, 0.0
0.0, 0.0, 0.0, 1985-09-05 00:00:00, None, None, 0.0
34.6, 34.6, 0.0, 1985-09-06 00:00:00, None, None, 0.0
0.0, 0.0, 0.0, 1985-09-07 00:00:00, 5.5, 13.0, 0.0
0.0, 0.0, 0.0, 1985-09-08 00:00:00, None, None, 0.0
0.0, 0.0, 0.0, 1985-09-09 00:00:00, None, None, 0.0
5.0, 5.0, 0.0, 1985-09-10 00:00:00, None, None, 0.0
8.2, 8.2, 0.0, 1985-09-11 00:00:00, 10.0, 16.5, 0.0
0.0, 0.0, 0.0, 1985-09-12 00:00:00, 12.0, 19.0, 0.0
1.0, 1.0, 0.0, 1985-09-13 00:00:00, 8.0, 16.0, 0.0
0.0, 0.0, 0.0, 1985-09-14 00:00:00, 10.0, 18.0, 0.0
1.4, 1.4, 0.0, 1985-09-15 00:00:00, 7.5, 19.5, 0.0
1.4, 1.4, 0.0, 1985-09-16 00:00:00, 11.5, 20.5, 0.0
1.4, 1.4, 0.0, 1985-09-17 00:00:00, 9.0, 13.5, 0.0
1.6, 1.6, 0.0, 1985-09-18 00:00:00, 9.5, 17.5, 0.0
0.0, 0.0, 0.0, 1985-09-19 00:00:00, 6.5, 16.0, 0.0
2.0, 2.0, 0.0, 1985-09-20 00:00:00, 5.0, 13.5, 0.0
0.0, 0.0, 0.0, 1985-09-21 00:00:00, 5.5, 16.0, 0.0
0.0, 0.0, 0.0, 1985-09-22 00:00:00, 4.0, 16.0, 0.0
0.0, 0.0, 0.0, 1985-09-23 00:00:00, 4.0, 14.5, 0.0
0.0, 0.0, 0.0, 1985-09-24 00:00:00, 8.0, 18.0, 0.0
0.0, 0.0, 0.0, 1985-09-25 00:00:00, 5.5, 17.0, 0.0
0.0, 0.0, 0.0, 1985-09-26 00:00:00, 8.5, 18.5, 0.0
0.0, 0.0, 0.0, 1985-09-27 00:00:00, 5.5, 16.5, 0.0
0.0, 0.0, 0.0, 1985-09-28 00:00:00, 2.0, 14.0, 0.0
0.0, 0.0, 0.0, 1985-09-29 00:00:00, 2.0, 14.0, 0.0
0.0, 0.0, 0.0, 1985-09-30 00:00:00, 3.0, 11.5, 0.0
0.0, 0.0, 0.0, 1985-10-01 00:00:00, 6.0, 13.5, 0.0
1.8, 1.8, 0.0, 1985-10-02 00:00:00, 7.0, 20.0, 0.0
0.0, 0.0, 0.0, 1985-10-03 00:00:00, 5.5, 15.0, 0.0
0.0, 0.0, 0.0, 1985-10-04 00:00:00, 2.5, 12.0, 0.0
3.6, 3.6, 0.0, 1985-10-05 00:00:00, 3.0, 12.0, 0.0
4.4, 4.4, 0.0, 1985-10-06 00:00:00, 6.5, 10.5, 0.0
0.0, 0.0, 0.0, 1985-10-07 00:00:00, 3.5, 11.0, 0.0
0.0, 0.0, 0.0, 1985-10-08 00:00:00, 0.0, 9.5, 0.0
0.0, 0.0, 0.0, 1985-10-09 00:00:00, 4.0, 10.0, 0.0
0.8, 0.8, 0.0, 1985-10-10 00:00:00, 3.0, 11.5, 0.0
1.2, 1.2, 0.0, 1985-10-11 00:00:00, 4.5, 15.0, 0.0
0.0, 0.0, 0.0, 1985-10-12 00:00:00, 4.0, None, 0.0
5.8, 5.8, 0.0, 1985-10-13 00:00:00, None, 14.5, 0.0
0.0, 0.0, 0.0, 1985-10-14 00:00:00, 5.5, 17.5, 0.0
0.4, 0.4, 0.0, 1985-10-15 00:00:00, 8.0, 17.0, 0.0
0.8, 0.8, 0.0, 1985-10-16 00:00:00, 7.5, 15.5, 0.0
0.0, 0.0, 0.0, 1985-10-17 00:00:00, 8.0, 15.0, 0.0
0.0, 0.0, 0.0, 1985-10-18 00:00:00, 5.0, 16.5, 0.0
4.4, 4.4, 0.0, 1985-10-19 00:00:00, 5.5, 16.5, 0.0
0.0, 0.0, 0.0, 1985-10-20 00:00:00, 7.5, 10.5, 0.0
5.0, 5.0, 0.0, 1985-10-21 00:00:00, 7.0, 9.5, 0.0
0.4, 0.4, 0.0, 1985-10-22 00:00:00, 4.5, 11.5, 0.0
0.0, 0.0, 0.0, 1985-10-23 00:00:00, 4.5, 13.0, 0.0
3.6, 3.6, 0.0, 1985-10-24 00:00:00, 6.0, 8.5, 0.0
1.4, 1.4, 0.0, 1985-10-25 00:00:00, 5.0, 13.0, 0.0
5.2, 5.2, 0.0, 1985-10-26 00:00:00, 1.5, 8.5, 0.0
5.4, 5.4, 0.0, 1985-10-27 00:00:00, 2.5, 7.5, 0.0
0.0, 0.0, 0.0, 1985-10-28 00:00:00, 4.0, 11.0, 0.0
0.0, 0.0, 0.0, 1985-10-29 00:00:00, -0.5, 7.5, 0.0
0.6, 0.6, 0.0, 1985-10-30 00:00:00, 2.5, 9.0, 0.0
18.6, 16.4, 2.2, 1985-10-31 00:00:00, 1.5, 4.5, 0.0
1.4, 1.4, 0.0, 1985-11-01 00:00:00, 1.0, 8.0, 0.0
4.0, 4.0, 0.0, 1985-11-02 00:00:00, 3.0, 8.0, 0.0
0.0, 0.0, 0.0, 1985-11-03 00:00:00, 4.5, 11.0, 0.0
0.0, 0.0, 0.0, 1985-11-04 00:00:00, 5.5, 8.0, 0.0
0.0, 0.0, 0.0, 1985-11-05 00:00:00, 3.0, 6.0, 0.0
0.0, 0.0, 0.0, 1985-11-06 00:00:00, 1.5, 4.5, 0.0
2.6, 1.6, 1.0, 1985-11-07 00:00:00, 1.0, 2.5, 0.0
0.0, 0.0, 0.0, 1985-11-08 00:00:00, 0.0, 4.0, 1.0
0.0, 0.0, 0.0, 1985-11-09 00:00:00, 0.0, 3.5, 0.0
0.0, 0.0, 0.0, 1985-11-10 00:00:00, -4.5, -1.5, 0.0
0.0, 0.0, 0.0, 1985-11-11 00:00:00, -10.0, -5.5, 0.0
0.0, 0.0, 0.0, 1985-11-12 00:00:00, -9.5, -2.5, 0.0
0.0, 0.0, 0.0, 1985-11-13 00:00:00, -8.5, -2.0, 0.0
0.0, 0.0, 0.0, 1985-11-14 00:00:00, -4.0, 1.5, 0.0
0.0, 0.0, 0.0, 1985-11-15 00:00:00, -3.0, 5.5, 0.0
6.8, 0.0, 6.8, 1985-11-16 00:00:00, 0.0, 6.5, 0.0
0.0, 0.0, 0.0, 1985-11-17 00:00:00, -1.5, -0.5, 7.0
0.0, 0.0, 0.0, 1985-11-18 00:00:00, -10.0, -5.5, 6.0
0.0, 0.0, 0.0, 1985-11-19 00:00:00, -14.0, -7.5, 5.0
0.0, 0.0, 0.0, 1985-11-20 00:00:00, -12.0, -9.5, 5.0
0.0, 0.0, 0.0, 1985-11-21 00:00:00, -15.0, -10.0, 5.0
0.0, 0.0, 0.0, 1985-11-22 00:00:00, -17.5, -13.5, 4.0
0.8, 0.0, 0.8, 1985-11-23 00:00:00, -17.5, -12.0, 4.0
0.0, 0.0, 0.0, 1985-11-24 00:00:00, -15.5, -11.0, 5.0
1.0, 0.0, 1.0, 1985-11-25 00:00:00, -16.5, -10.5, 5.0
0.0, 0.0, 0.0, 1985-11-26 00:00:00, -19.0, -17.5, 6.0
0.0, 0.0, 0.0, 1985-11-27 00:00:00, -26.5, -17.5, 6.0
0.0, 0.0, 0.0, 1985-11-28 00:00:00, -25.0, -15.5, 6.0
0.2, 0.0, 0.2, 1985-11-29 00:00:00, -24.0, -17.5, 6.0
0.0, 0.0, 0.0, 1985-11-30 00:00:00, -18.0, -14.0, 6.0
1.4, 0.0, 1.4, 1985-12-01 00:00:00, -17.0, -10.5, 6.0
8.2, 0.0, 8.2, 1985-12-02 00:00:00, -12.0, -4.5, 7.0
0.0, 0.0, 0.0, 1985-12-03 00:00:00, -10.0, -1.5, 15.0
0.0, 0.0, 0.0, 1985-12-04 00:00:00, -4.5, -0.5, 15.0
0.0, 0.0, 0.0, 1985-12-05 00:00:00, -1.0, 3.0, 15.0
1.2, 0.0, 1.2, 1985-12-06 00:00:00, -0.5, 3.0, 11.0
6.6, 0.0, 6.6, 1985-12-07 00:00:00, 0.0, 1.0, 11.0
0.0, 0.0, 0.0, 1985-12-08 00:00:00, -0.5, None, 18.0
0.0, 0.0, 0.0, 1985-12-09 00:00:00, None, None, None
0.0, 0.0, 0.0, 1985-12-10 00:00:00, None, None, None
0.2, 0.0, 0.2, 1985-12-11 00:00:00, None, None, None
0.0, 0.0, 0.0, 1985-12-12 00:00:00, None, 1.5, None
0.0, 0.0, 0.0, 1985-12-13 00:00:00, -8.0, -2.5, 17.0
0.0, 0.0, 0.0, 1985-12-14 00:00:00, -5.5, -1.5, 17.0
0.0, 0.0, 0.0, 1985-12-15 00:00:00, -6.5, -3.0, 17.0
0.6, 0.0, 0.6, 1985-12-16 00:00:00, -6.0, -3.0, 17.0
0.0, 0.0, 0.0, 1985-12-17 00:00:00, -6.0, -2.0, 17.0
0.4, 0.0, 0.4, 1985-12-18 00:00:00, -8.0, -0.5, 17.0
0.0, 0.0, 0.0, 1985-12-19 00:00:00, -2.5, 1.0, 16.0
0.0, 0.0, 0.0, 1985-12-20 00:00:00, -2.0, None, 16.0
0.0, 0.0, 0.0, 1985-12-21 00:00:00, None, None, None
0.0, 0.0, 0.0, 1985-12-22 00:00:00, None, None, None
0.0, 0.0, 0.0, 1985-12-23 00:00:00, None, None, None
0.0, 0.0, 0.0, 1985-12-24 00:00:00, None, None, None
0.0, 0.0, 0.0, 1985-12-25 00:00:00, None, None, None
0.0, 0.0, 0.0, 1985-12-26 00:00:00, None, None, None
0.0, 0.0, 0.0, 1985-12-27 00:00:00, None, None, None
1.0, 0.0, 1.0, 1985-12-28 00:00:00, None, None, None
0.0, 0.0, 0.0, 1985-12-29 00:00:00, None, None, None
0.0, 0.0, 0.0, 1985-12-30 00:00:00, None, None, None
3.0, 0.0, 3.0, 1985-12-31 00:00:00, None, None, None
None, None, None, 1986-01-01 00:00:00, -6.0, -3.0, None
None, None, None, 1986-01-05 00:00:00, -8.0, -0.5, None
None, None, None, 1986-01-06 00:00:00, None, 0.5, 23.0
None, None, None, 1986-01-07 00:00:00, -3.5, 1.5, None
None, None, None, 1986-01-08 00:00:00, -4.0, 6.0, None
None, None, None, 1986-01-09 00:00:00, -2.5, 2.5, 22.0
None, None, None, 1986-01-10 00:00:00, 1.0, 6.0, 20.0
None, None, None, 1986-01-11 00:00:00, 1.0, 9.0, 19.0
None, None, None, 1986-01-12 00:00:00, -2.0, 1.5, 18.0
None, None, None, 1986-01-13 00:00:00, -4.0, 2.0, 17.0
None, None, None, 1986-01-14 00:00:00, -0.5, 3.0, 17.0
None, None, None, 1986-01-15 00:00:00, -4.0, 5.0, 16.0
None, None, None, 1986-01-16 00:00:00, -1.0, 5.5, 16.0
None, None, None, 1986-01-17 00:00:00, 0.5, 6.5, 14.0
None, None, None, 1986-01-18 00:00:00, 2.0, 4.5, 13.0
None, None, None, 1986-01-19 00:00:00, 3.0, 8.5, 8.0
None, None, None, 1986-01-20 00:00:00, 1.0, 7.5, 3.0
None, None, None, 1986-01-21 00:00:00, -2.0, 1.5, 3.0
None, None, None, 1986-01-22 00:00:00, -2.0, 1.0, 3.0
None, None, None, 1986-01-23 00:00:00, -1.5, 4.0, 7.0
None, None, None, 1986-01-24 00:00:00, -1.0, 2.5, 7.0
None, None, None, 1986-01-25 00:00:00, -3.5, -0.5, 7.0
None, None, None, 1986-01-26 00:00:00, -5.0, -2.0, 7.0
None, None, None, 1986-01-27 00:00:00, -3.5, 4.0, 7.0
None, None, None, 1986-01-28 00:00:00, -1.5, 4.0, 6.0
None, None, None, 1986-01-29 00:00:00, -0.5, 1.0, 10.0
None, None, None, 1986-01-30 00:00:00, -1.0, 1.5, 12.0
None, None, None, 1986-01-31 00:00:00, -0.5, 3.0, 7.0
0.0, 0.0, 0.0, 1986-02-01 00:00:00, -2.5, 2.5, 4.0
0.0, 0.0, 0.0, 1986-02-02 00:00:00, -2.0, 2.0, 2.0
0.4, 0.0, 0.4, 1986-02-03 00:00:00, -1.5, 2.5, 1.0
4.2, 0.0, 4.2, 1986-02-04 00:00:00, -1.0, 2.0, 1.0
0.0, 0.0, 0.0, 1986-02-05 00:00:00, -1.0, 2.5, 5.0
0.0, 0.0, 0.0, 1986-02-06 00:00:00, -1.0, 1.5, 3.0
0.0, 0.0, 0.0, 1986-02-07 00:00:00, -4.5, 1.5, 2.0
0.0, 0.0, 0.0, 1986-02-08 00:00:00, -5.0, 2.0, 2.0
0.0, 0.0, 0.0, 1986-02-09 00:00:00, -6.0, 1.0, 1.0
0.8, 0.0, 0.8, 1986-02-10 00:00:00, -8.0, -1.5, 0.0
0.0, 0.0, 0.0, 1986-02-11 00:00:00, -3.5, 1.5, 1.0
0.0, 0.0, 0.0, 1986-02-12 00:00:00, -3.5, 2.5, 1.0
0.0, 0.0, 0.0, 1986-02-13 00:00:00, -4.0, -0.5, 1.0
4.6, 0.0, 4.6, 1986-02-14 00:00:00, -11.0, -2.0, 1.0
13.0, 0.0, 13.0, 1986-02-15 00:00:00, -9.5, -5.5, 5.0
0.0, 0.0, 0.0, 1986-02-16 00:00:00, -11.5, -3.5, 18.0
1.4, 0.0, 1.4, 1986-02-17 00:00:00, -15.0, -9.5, 18.0
0.0, 0.0, 0.0, 1986-02-18 00:00:00, -14.5, -8.5, 18.0
0.0, 0.0, 0.0, 1986-02-19 00:00:00, -16.5, -6.5, 18.0
0.0, 0.0, 0.0, 1986-02-20 00:00:00, -13.5, None, 17.0
0.0, 0.0, 0.0, 1986-02-21 00:00:00, None, None, 14.0
10.2, 0.0, 10.2, 1986-02-22 00:00:00, -6.5, 0.0, 11.0
2.8, 0.0, 2.8, 1986-02-23 00:00:00, -2.0, 5.5, 18.0
0.0, 0.0, 0.0, 1986-02-24 00:00:00, -2.5, 7.5, 21.0
3.0, 3.0, 0.0, 1986-02-25 00:00:00, 2.0, 14.0, 7.0
0.0, 0.0, 0.0, 1986-02-26 00:00:00, 2.5, 13.0, 0.0
0.0, 0.0, 0.0, 1986-02-27 00:00:00, 0.0, 8.5, 0.0
0.0, 0.0, 0.0, 1986-02-28 00:00:00, -2.5, 6.5, 0.0
0.6, 0.6, 0.0, 1986-06-01 00:00:00, 17.0, 34.0, 0.0
0.0, 0.0, 0.0, 1986-06-02 00:00:00, 16.0, 29.0, 0.0
0.0, 0.0, 0.0, 1986-06-03 00:00:00, 11.0, 28.0, 0.0
7.4, 7.4, 0.0, 1986-06-04 00:00:00, 14.0, 28.0, 0.0
0.8, 0.8, 0.0, 1986-06-05 00:00:00, 13.5, 25.0, 0.0
0.2, 0.2, 0.0, 1986-06-06 00:00:00, 14.0, 25.5, 0.0
0.4, 0.4, 0.0, 1986-06-07 00:00:00, 14.5, 22.5, 0.0
0.0, 0.0, 0.0, 1986-06-08 00:00:00, 11.5, 24.5, 0.0
0.0, 0.0, 0.0, 1986-06-09 00:00:00, 11.5, 26.5, 0.0
0.0, 0.0, 0.0, 1986-06-10 00:00:00, 13.5, 30.5, 0.0
0.0, 0.0, 0.0, 1986-06-11 00:00:00, 19.0, 27.5, 0.0
0.0, 0.0, 0.0, 1986-06-12 00:00:00, 11.0, 24.0, 0.0
0.0, 0.0, 0.0, 1986-06-13 00:00:00, 11.0, 29.5, 0.0
3.2, 3.2, 0.0, 1986-06-14 00:00:00, 14.5, 23.0, 0.0
0.0, 0.0, 0.0, 1986-06-15 00:00:00, 9.0, 22.0, 0.0
0.0, 0.0, 0.0, 1986-06-16 00:00:00, 9.5, 24.0, 0.0
9.6, 9.6, 0.0, 1986-06-17 00:00:00, 13.5, 22.0, 0.0
1.4, 1.4, 0.0, 1986-06-18 00:00:00, 12.0, 20.5, 0.0
0.4, 0.4, 0.0, 1986-06-19 00:00:00, 11.0, 20.5, 0.0
1.0, 1.0, 0.0, 1986-06-20 00:00:00, 10.0, 18.5, 0.0
0.0, 0.0, 0.0, 1986-06-21 00:00:00, 8.0, 22.0, 0.0
0.0, 0.0, 0.0, 1986-06-22 00:00:00, 15.0, 25.5, 0.0
0.0, 0.0, 0.0, 1986-06-23 00:00:00, 14.0, 29.0, 0.0
0.0, 0.0, 0.0, 1986-06-24 00:00:00, 19.5, 27.5, 0.0
0.0, 0.0, 0.0, 1986-06-25 00:00:00, 13.0, 27.0, 0.0
0.0, 0.0, 0.0, 1986-06-26 00:00:00, 14.0, 26.0, 0.0
0.2, 0.2, 0.0, 1986-06-27 00:00:00, 14.5, 29.5, 0.0
23.6, 23.6, 0.0, 1986-06-28 00:00:00, 17.0, 26.0, 0.0
10.2, 10.2, 0.0, 1986-06-29 00:00:00, 13.0, 14.5, 0.0
0.2, 0.2, 0.0, 1986-06-30 00:00:00, 11.0, 23.5, 0.0
1.0, 1.0, 0.0, 1986-07-01 00:00:00, 15.5, 21.5, 0.0
3.2, 3.2, 0.0, 1986-07-02 00:00:00, 13.5, 18.0, 0.0
1.8, 1.8, 0.0, 1986-07-03 00:00:00, 10.5, 20.0, 0.0
1.8, 1.8, 0.0, 1986-07-04 00:00:00, 8.5, 20.5, 0.0
0.0, 0.0, 0.0, 1986-07-05 00:00:00, 11.0, 22.0, 0.0
0.0, 0.0, 0.0, 1986-07-06 00:00:00, 11.0, 25.5, 0.0
0.0, 0.0, 0.0, 1986-07-07 00:00:00, 13.5, 28.5, 0.0
0.2, 0.2, 0.0, 1986-07-08 00:00:00, 16.5, 23.5, 0.0
0.0, 0.0, 0.0, 1986-07-09 00:00:00, 14.0, 24.0, 0.0
3.2, 3.2, 0.0, 1986-07-10 00:00:00, 14.0, 20.5, 0.0
0.0, 0.0, 0.0, 1986-07-11 00:00:00, 15.0, 25.0, 0.0
2.2, 2.2, 0.0, 1986-07-12 00:00:00, 14.0, 20.0, 0.0
0.0, 0.0, 0.0, 1986-07-13 00:00:00, 12.0, 23.5, 0.0
0.0, 0.0, 0.0, 1986-07-14 00:00:00, 13.0, 23.0, 0.0
0.4, 0.4, 0.0, 1986-07-15 00:00:00, 12.0, 21.5, 0.0
1.4, 1.4, 0.0, 1986-07-16 00:00:00, 11.5, 19.0, 0.0
0.0, 0.0, 0.0, 1986-07-17 00:00:00, 11.5, 21.0, 0.0
0.0, 0.0, 0.0, 1986-07-18 00:00:00, 9.5, 25.0, 0.0
0.0, 0.0, 0.0, 1986-07-19 00:00:00, 13.0, 28.5, 0.0
0.0, 0.0, 0.0, 1986-07-20 00:00:00, 14.5, 30.0, 0.0
0.0, 0.0, 0.0, 1986-07-21 00:00:00, 15.0, 30.5, 0.0
2.8, 2.8, 0.0, 1986-07-22 00:00:00, 15.5, 26.0, 0.0
0.0, 0.0, 0.0, 1986-07-23 00:00:00, 14.5, 26.0, 0.0
0.6, 0.6, 0.0, 1986-07-24 00:00:00, 13.5, 27.5, 0.0
0.0, 0.0, 0.0, 1986-07-25 00:00:00, 13.5, 25.5, 0.0
3.8, 3.8, 0.0, 1986-07-26 00:00:00, None, None, 0.0
0.0, 0.0, 0.0, 1986-07-27 00:00:00, 12.5, 26.0, 0.0
0.0, 0.0, 0.0, 1986-07-28 00:00:00, 13.0, 25.5, 0.0
0.2, 0.2, 0.0, 1986-07-29 00:00:00, 10.5, 23.5, 0.0
0.0, 0.0, 0.0, 1986-07-30 00:00:00, 10.5, 22.0, 0.0
0.0, 0.0, 0.0, 1986-07-31 00:00:00, 11.0, 24.5, 0.0
0.0, 0.0, 0.0, 1986-08-01 00:00:00, 13.5, 29.5, 0.0
0.0, 0.0, 0.0, 1986-08-02 00:00:00, 15.5, 29.5, 0.0
0.0, 0.0, 0.0, 1986-08-03 00:00:00, 16.5, 33.0, 0.0
0.0, 0.0, 0.0, 1986-08-04 00:00:00, 17.0, 29.0, 0.0
0.0, 0.0, 0.0, 1986-08-05 00:00:00, 19.5, 26.0, 0.0
0.0, 0.0, 0.0, 1986-08-06 00:00:00, 13.0, 28.0, 0.0
0.0, 0.0, 0.0, 1986-08-07 00:00:00, 15.0, 31.5, 0.0
0.0, 0.0, 0.0, 1986-08-08 00:00:00, 16.5, 32.5, 0.0
0.0, 0.0, 0.0, 1986-08-09 00:00:00, 16.5, 31.0, 0.0
0.0, 0.0, 0.0, 1986-08-10 00:00:00, 16.0, 31.5, 0.0
0.0, 0.0, 0.0, 1986-08-11 00:00:00, 16.5, 28.5, 0.0
0.0, 0.0, 0.0, 1986-08-12 00:00:00, 15.5, 29.0, 0.0
0.0, 0.0, 0.0, 1986-08-13 00:00:00, 16.5, 30.0, 0.0
0.0, 0.0, 0.0, 1986-08-14 00:00:00, 16.5, 30.5, 0.0
0.0, 0.0, 0.0, 1986-08-15 00:00:00, 14.5, 26.5, 0.0
0.0, 0.0, 0.0, 1986-08-16 00:00:00, None, None, 0.0
0.0, 0.0, 0.0, 1986-08-17 00:00:00, None, None, 0.0
0.0, 0.0, 0.0, 1986-08-18 00:00:00, 11.5, 31.5, 0.0
0.0, 0.0, 0.0, 1986-08-19 00:00:00, 12.0, 31.0, 0.0
0.0, 0.0, 0.0, 1986-08-20 00:00:00, 12.0, 26.5, 0.0
0.0, 0.0, 0.0, 1986-08-21 00:00:00, 11.0, 26.0, 0.0
0.0, 0.0, 0.0, 1986-08-22 00:00:00, 12.0, 29.5, 0.0
0.0, 0.0, 0.0, 1986-08-23 00:00:00, 13.0, 29.0, 0.0
0.0, 0.0, 0.0, 1986-08-24 00:00:00, 16.5, 26.0, 0.0
0.0, 0.0, 0.0, 1986-08-25 00:00:00, 12.5, 27.5, 0.0
0.0, 0.0, 0.0, 1986-08-26 00:00:00, 14.0, 29.5, 0.0
0.0, 0.0, 0.0, 1986-08-27 00:00:00, 15.0, 32.0, 0.0
0.0, 0.0, 0.0, 1986-08-28 00:00:00, 16.0, 28.5, 0.0
41.0, 41.0, 0.0, 1986-08-29 00:00:00, 16.0, 26.5, 0.0
1.0, 1.0, 0.0, 1986-08-30 00:00:00, 15.0, 19.5, 0.0
1.8, 1.8, 0.0, 1986-08-31 00:00:00, 14.0, 25.5, 0.0
0.0, 0.0, 0.0, 1986-09-01 00:00:00, 15.0, 23.0, 0.0
0.0, 0.0, 0.0, 1986-09-02 00:00:00, 14.5, 25.5, 0.0
0.0, 0.0, 0.0, 1986-09-03 00:00:00, 14.5, 26.0, 0.0
0.0, 0.0, 0.0, 1986-09-04 00:00:00, 12.5, 25.0, 0.0
0.0, 0.0, 0.0, 1986-09-05 00:00:00, 13.5, 24.0, 0.0
0.0, 0.0, 0.0, 1986-09-06 00:00:00, 11.0, 22.0, 0.0
0.0, 0.0, 0.0, 1986-09-07 00:00:00, 9.5, 23.0, 0.0
0.0, 0.0, 0.0, 1986-09-08 00:00:00, 10.5, 23.0, 0.0
0.8, 0.8, 0.0, 1986-09-09 00:00:00, 10.5, 22.5, 0.0
0.0, 0.0, 0.0, 1986-09-10 00:00:00, 13.0, 22.0, 0.0
0.0, 0.0, 0.0, 1986-09-11 00:00:00, 6.5, 16.0, 0.0
0.0, 0.0, 0.0, 1986-09-12 00:00:00, 5.5, 18.5, 0.0
4.4, 4.4, 0.0, 1986-09-13 00:00:00, 7.5, 18.0, 0.0
0.0, 0.0, 0.0, 1986-09-14 00:00:00, 8.5, 17.5, 0.0
1.6, 1.6, 0.0, 1986-09-15 00:00:00, 7.5, 17.0, 0.0
0.0, 0.0, 0.0, 1986-09-16 00:00:00, 8.5, None, 0.0
0.0, 0.0, 0.0, 1986-09-17 00:00:00, 6.5, 19.0, 0.0
0.0, 0.0, 0.0, 1986-09-18 00:00:00, None, None, 0.0
0.0, 0.0, 0.0, 1986-09-19 00:00:00, None, None, 0.0
1.8, 1.8, 0.0, 1986-09-20 00:00:00, 7.5, 18.5, 0.0
0.0, 0.0, 0.0, 1986-09-21 00:00:00, 7.5, 18.5, 0.0
11.6, 11.6, 0.0, 1986-09-22 00:00:00, 10.5, 20.0, 0.0
12.0, 12.0, 0.0, 1986-09-23 00:00:00, 7.0, 13.5, 0.0
2.6, 2.6, 0.0, 1986-09-24 00:00:00, 7.5, 17.0, 0.0
0.0, 0.0, 0.0, 1986-09-25 00:00:00, 7.0, 16.5, 0.0
3.8, 3.8, 0.0, 1986-09-26 00:00:00, 7.5, 16.0, 0.0
2.4, 2.4, 0.0, 1986-09-27 00:00:00, 8.0, 15.5, 0.0
0.0, 0.0, 0.0, 1986-09-28 00:00:00, 5.0, None, 0.0
0.0, 0.0, 0.0, 1986-09-29 00:00:00, None, None, 0.0
5.8, 5.8, 0.0, 1986-09-30 00:00:00, 8.5, 14.0, 0.0
0.0, 0.0, 0.0, 1986-10-01 00:00:00, 6.0, 14.5, 0.0
0.3, 0.3, 0.0, 1986-10-02 00:00:00, 5.0, None, 0.0
0.0, 0.0, 0.0, 1986-10-03 00:00:00, None, 13.0, 0.0
0.0, 0.0, 0.0, 1986-10-04 00:00:00, 8.0, 19.0, 0.0
0.0, 0.0, 0.0, 1986-10-05 00:00:00, 5.5, 19.5, 0.0
0.0, 0.0, 0.0, 1986-10-06 00:00:00, 8.0, 18.0, 0.0
0.0, 0.0, 0.0, 1986-10-07 00:00:00, 8.0, 20.0, 0.0
0.0, 0.0, 0.0, 1986-10-08 00:00:00, 7.0, 18.5, 0.0
0.0, 0.0, 0.0, 1986-10-09 00:00:00, 7.0, 14.0, 0.0
0.0, 0.0, 0.0, 1986-10-10 00:00:00, 4.0, 14.5, 0.0
0.0, 0.0, 0.0, 1986-10-11 00:00:00, 2.0, 12.5, 0.0
0.0, 0.0, 0.0, 1986-10-12 00:00:00, 2.0, 11.0, 0.0
0.0, 0.0, 0.0, 1986-10-13 00:00:00, 2.5, 11.5, 0.0
0.0, 0.0, 0.0, 1986-10-14 00:00:00, 2.0, 12.0, 0.0
0.0, 0.0, 0.0, 1986-10-15 00:00:00, 3.5, 12.5, 0.0
0.0, 0.0, 0.0, 1986-10-16 00:00:00, 3.5, 11.0, 0.0
0.0, 0.0, 0.0, 1986-10-17 00:00:00, 3.0, 11.0, 0.0
0.0, 0.0, 0.0, 1986-10-18 00:00:00, 4.0, 10.0, 0.0
0.0, 0.0, 0.0, 1986-10-19 00:00:00, 4.0, 7.5, 0.0
0.0, 0.0, 0.0, 1986-10-20 00:00:00, 4.0, 10.5, 0.0
0.0, 0.0, 0.0, 1986-10-21 00:00:00, 3.5, 11.0, 0.0
0.0, 0.0, 0.0, 1986-10-22 00:00:00, 3.5, 12.0, 0.0
0.0, 0.0, 0.0, 1986-10-23 00:00:00, 3.0, 9.0, 0.0
1.8, 1.8, 0.0, 1986-10-24 00:00:00, 3.0, 9.0, 0.0
3.4, 3.4, 0.0, 1986-10-25 00:00:00, 3.5, 12.0, 0.0
5.4, 5.4, 0.0, 1986-10-26 00:00:00, 6.5, 13.0, 0.0
0.0, 0.0, 0.0, 1986-10-27 00:00:00, 9.0, 15.5, 0.0
0.0, 0.0, 0.0, 1986-10-28 00:00:00, 7.5, 15.5, 0.0
5.8, 5.8, 0.0, 1986-10-29 00:00:00, 2.0, 11.5, 0.0
0.6, 0.6, 0.0, 1986-10-30 00:00:00, 4.0, 12.5, 0.0
0.0, 0.0, 0.0, 1986-10-31 00:00:00, 4.5, 10.0, 0.0
0.0, 0.0, 0.0, 1986-11-01 00:00:00, -1.0, 6.5, 0.0
0.0, 0.0, 0.0, 1986-11-02 00:00:00, 1.0, None, 0.0
0.0, 0.0, 0.0, 1986-11-03 00:00:00, 6.0, 8.5, 0.0
1.0, 1.0, 0.0, 1986-11-04 00:00:00, 6.0, 9.5, 0.0
0.0, 0.0, 0.0, 1986-11-05 00:00:00, 4.5, 9.5, 0.0
2.0, 2.0, 0.0, 1986-11-06 00:00:00, 3.0, 10.0, 0.0
0.0, 0.0, 0.0, 1986-11-07 00:00:00, -4.0, 6.5, 0.0
0.0, 0.0, 0.0, 1986-11-08 00:00:00, -8.5, -4.0, 0.0
0.0, 0.0, 0.0, 1986-11-09 00:00:00, -11.5, -7.0, 0.0
4.6, 0.0, 4.6, 1986-11-10 00:00:00, -10.0, -4.0, 0.0
0.0, 0.0, 0.0, 1986-11-11 00:00:00, -6.0, -1.0, 5.0
1.0, 0.0, 1.0, 1986-11-12 00:00:00, -6.0, 0.5, 2.0
5.2, 0.0, 5.2, 1986-11-13 00:00:00, -4.5, 0.0, 3.0
0.2, 0.0, 0.2, 1986-11-14 00:00:00, -2.0, 2.0, 8.0
0.4, 0.4, 0.0, 1986-11-15 00:00:00, -3.0, 5.0, 6.0
11.0, 8.4, 2.6, 1986-11-16 00:00:00, -1.0, 3.0, 6.0
2.0, 0.0, 2.0, 1986-11-17 00:00:00, -2.0, 4.0, 5.0
7.0, 7.0, 0.0, 1986-11-18 00:00:00, -1.0, 8.0, 6.0
6.8, 6.8, 0.0, 1986-11-19 00:00:00, 2.0, 9.0, 3.0
0.0, 0.0, 0.0, 1986-11-20 00:00:00, 3.5, 11.5, 0.0
2.2, 2.2, 0.0, 1986-11-21 00:00:00, 2.5, 10.0, 0.0
4.8, 4.8, 0.0, 1986-11-22 00:00:00, 1.5, 8.5, 0.0
0.0, 0.0, 0.0, 1986-11-23 00:00:00, 2.5, 13.0, 0.0
0.2, 0.2, 0.0, 1986-11-24 00:00:00, 6.5, 9.5, 0.0
0.0, 0.0, 0.0, 1986-11-25 00:00:00, 1.0, 8.0, 0.0
3.8, 3.8, 0.0, 1986-11-26 00:00:00, 3.0, 7.5, 0.0
0.0, 0.0, 0.0, 1986-11-27 00:00:00, 0.5, 7.5, 0.0
0.0, 0.0, 0.0, 1986-11-28 00:00:00, -1.5, 3.5, 0.0
0.0, 0.0, 0.0, 1986-11-29 00:00:00, -2.0, 6.0, 0.0
0.0, 0.0, 0.0, 1986-11-30 00:00:00, -5.0, 4.0, 0.0
0.0, 0.0, 0.0, 1986-12-01 00:00:00, -3.0, 6.0, 0.0
0.0, 0.0, 0.0, 1986-12-02 00:00:00, -5.0, 0.5, 0.0
0.0, 0.0, 0.0, 1986-12-03 00:00:00, -4.5, 0.5, 0.0
2.6, 0.0, 2.6, 1986-12-04 00:00:00, -6.5, -3.0, 0.0
0.2, 0.0, 0.2, 1986-12-05 00:00:00, -5.0, -0.5, 3.0
0.0, 0.0, 0.0, 1986-12-06 00:00:00, -6.0, -1.0, 2.0
0.0, 0.0, 0.0, 1986-12-07 00:00:00, -5.0, 1.0, 1.0
0.0, 0.0, 0.0, 1986-12-08 00:00:00, -5.0, -1.0, 1.0
0.0, 0.0, 0.0, 1986-12-09 00:00:00, -6.5, -1.5, 1.0
0.0, 0.0, 0.0, 1986-12-10 00:00:00, -5.0, -3.0, 1.0
2.8, 0.0, 2.8, 1986-12-11 00:00:00, -5.0, -3.0, 1.0
0.0, 0.0, 0.0, 1986-12-12 00:00:00, -4.5, -1.0, 3.0
2.6, 0.0, 2.6, 1986-12-13 00:00:00, -4.0, 0.0, 2.0
0.6, 0.0, 0.6, 1986-12-14 00:00:00, -3.5, 0.5, 5.0
0.0, 0.0, 0.0, 1986-12-15 00:00:00, -2.5, 4.5, 4.0
0.0, 0.0, 0.0, 1986-12-16 00:00:00, -4.5, 2.5, 3.0
0.0, 0.0, 0.0, 1986-12-17 00:00:00, 0.0, 3.0, 2.0
0.0, 0.0, 0.0, 1986-12-18 00:00:00, -2.0, 1.5, 2.0
0.8, 0.0, 0.8, 1986-12-19 00:00:00, -3.5, 2.0, 2.0
0.0, 0.0, 0.0, 1986-12-20 00:00:00, -1.5, 1.5, 3.0
0.0, 0.0, 0.0, 1986-12-21 00:00:00, -2.0, 2.5, 2.0
0.0, 0.0, 0.0, 1986-12-22 00:00:00, -3.5, 4.0, 2.0
0.6, 0.6, 0.0, 1986-12-23 00:00:00, 0.0, 5.5, 1.0
0.0, 0.0, 0.0, 1986-12-24 00:00:00, 2.0, 6.5, 0.0
0.0, 0.0, 0.0, 1986-12-25 00:00:00, 1.0, 6.0, 0.0
0.0, 0.0, 0.0, 1986-12-26 00:00:00, 1.5, 6.5, 0.0
0.0, 0.0, 0.0, 1986-12-27 00:00:00, 0.5, 5.0, 0.0
8.8, 8.8, 0.0, 1986-12-28 00:00:00, 0.5, 3.5, 0.0
3.2, 3.2, 0.0, 1986-12-29 00:00:00, 0.0, 4.5, 0.0
0.0, 0.0, 0.0, 1986-12-30 00:00:00, -0.5, 3.5, 0.0
5.6, 0.0, 5.6, 1986-12-31 00:00:00, -4.0, 3.0, 0.0
0.0, 0.0, 0.0, 1987-01-01 00:00:00, -2.5, 5.0, 6.0
4.8, 0.0, 4.8, 1987-01-02 00:00:00, -3.0, 2.0, 4.0
0.0, 0.0, 0.0, 1987-01-03 00:00:00, -0.5, 5.5, 9.0
0.0, 0.0, 0.0, 1987-01-04 00:00:00, 0.5, 5.5, 2.0
0.0, 0.0, 0.0, 1987-01-05 00:00:00, 1.0, 2.5, 1.0
0.0, 0.0, 0.0, 1987-01-06 00:00:00, 0.0, 2.5, 0.0
0.0, 0.0, 0.0, 1987-01-07 00:00:00, -2.0, -1.0, 0.0
0.0, 0.0, 0.0, 1987-01-08 00:00:00, -2.0, 0.0, 0.0
0.0, 0.0, 0.0, 1987-01-09 00:00:00, -3.5, 0.0, 0.0
0.0, 0.0, 0.0, 1987-01-10 00:00:00, -2.0, 1.0, 0.0
0.2, 0.0, 0.2, 1987-01-11 00:00:00, -0.5, 4.5, 0.0
0.0, 0.0, 0.0, 1987-01-12 00:00:00, -0.5, 4.5, 0.0
0.0, 0.0, 0.0, 1987-01-13 00:00:00, 0.0, 5.0, 0.0
0.0, 0.0, 0.0, 1987-01-14 00:00:00, -5.0, -0.5, 0.0
0.0, 0.0, 0.0, 1987-01-15 00:00:00, -9.5, -4.5, 0.0
0.0, 0.0, 0.0, 1987-01-16 00:00:00, -7.0, -3.0, 0.0
0.0, 0.0, 0.0, 1987-01-17 00:00:00, -6.0, -3.0, 0.0
0.0, 0.0, 0.0, 1987-01-18 00:00:00, -7.0, -0.5, 0.0
0.0, 0.0, 0.0, 1987-01-19 00:00:00, -7.0, -1.5, 0.0
0.0, 0.0, 0.0, 1987-01-20 00:00:00, -7.0, -1.5, 0.0
0.0, 0.0, 0.0, 1987-01-21 00:00:00, -6.0, -2.0, 0.0
0.0, 0.0, 0.0, 1987-01-22 00:00:00, None, None, None
0.0, 0.0, 0.0, 1987-01-23 00:00:00, -6.0, -1.5, None
0.0, 0.0, 0.0, 1987-01-24 00:00:00, None, None, None
1.0, 0.0, 1.0, 1987-01-25 00:00:00, None, None, None
0.0, 0.0, 0.0, 1987-01-26 00:00:00, None, None, None
10.0, 0.0, 10.0, 1987-01-27 00:00:00, -3.0, 3.0, None
0.0, 0.0, 0.0, 1987-01-28 00:00:00, None, None, None
0.0, 0.0, 0.0, 1987-01-29 00:00:00, None, None, None
0.0, 0.0, 0.0, 1987-01-30 00:00:00, None, 7.0, None
12.8, 2.8, 10.0, 1987-01-31 00:00:00, 0.0, 7.0, None
None, None, None, 1987-02-01 00:00:00, -1.0, 9.0, 10.0
None, None, None, 1987-02-02 00:00:00, -4.0, 1.5, 5.0
None, None, None, 1987-02-03 00:00:00, -3.5, 1.5, 5.0
None, None, None, 1987-02-04 00:00:00, -2.0, 8.5, 4.0
None, None, None, 1987-02-07 00:00:00, -3.5, 1.0, 1.0
None, None, None, 1987-02-08 00:00:00, -1.0, 5.0, 1.0
None, None, None, 1987-02-09 00:00:00, -0.5, 5.0, 1.0
None, None, None, 1987-02-10 00:00:00, -1.0, 3.5, 1.0
None, None, None, 1987-02-11 00:00:00, -0.5, 5.0, None
None, None, None, 1987-02-12 00:00:00, -1.0, 4.5, None
None, None, None, 1987-02-13 00:00:00, 1.0, 5.5, None
None, None, None, 1987-02-14 00:00:00, 2.0, 11.0, None
None, None, None, 1987-02-15 00:00:00, 1.5, None, None
None, None, None, 1987-02-25 00:00:00, -6.0, 5.0, None
None, None, None, 1987-02-26 00:00:00, -3.0, 4.0, None
None, None, None, 1987-02-27 00:00:00, -3.0, 3.5, None
None, None, None, 1987-02-28 00:00:00, -1.0, 5.5, None
2.0, 0.0, 2.0, 1987-03-01 00:00:00, -2.5, 7.0, None
0.0, 0.0, 0.0, 1987-03-02 00:00:00, -1.0, None, None
8.0, 8.0, 0.0, 1987-03-03 00:00:00, None, None, None
1.6, 1.6, 0.0, 1987-03-04 00:00:00, None, 13.0, 0.0
5.2, 5.2, 0.0, 1987-03-05 00:00:00, 3.0, 10.0, 0.0
0.0, 0.0, 0.0, 1987-03-06 00:00:00, 2.5, 12.0, 0.0
0.0, 0.0, 0.0, 1987-03-07 00:00:00, -0.5, 11.0, 0.0
0.0, 0.0, 0.0, 1987-03-08 00:00:00, -1.0, 8.5, 0.0
2.0, 2.0, 0.0, 1987-03-09 00:00:00, 1.0, None, 0.0
3.6, 3.6, 0.0, 1987-03-10 00:00:00, 3.5, 5.5, 0.0
0.2, 0.2, 0.0, 1987-03-11 00:00:00, 4.0, 7.5, 0.0
2.4, 2.4, 0.0, 1987-03-12 00:00:00, 4.0, 8.5, 0.0
1.8, 1.8, 0.0, 1987-03-13 00:00:00, 5.0, 10.0, 0.0
0.0, 0.0, 0.0, 1987-03-14 00:00:00, 0.5, None, 0.0
0.0, 0.0, 0.0, 1987-03-15 00:00:00, -1.0, 10.5, 0.0
3.6, 3.6, 0.0, 1987-03-16 00:00:00, 3.0, 10.5, 0.0
0.2, 0.2, 0.0, 1987-03-17 00:00:00, 3.0, 9.5, 0.0
0.0, 0.0, 0.0, 1987-03-18 00:00:00, 3.0, 9.5, 0.0
0.0, 0.0, 0.0, 1987-03-19 00:00:00, 1.5, 8.0, 0.0
0.0, 0.0, 0.0, 1987-03-20 00:00:00, 3.0, 12.0, 0.0
0.0, 0.0, 0.0, 1987-03-21 00:00:00, -0.5, 10.5, 0.0
0.0, 0.0, 0.0, 1987-03-22 00:00:00, -0.5, None, 0.0
0.0, 0.0, 0.0, 1987-03-23 00:00:00, None, None, 0.0
0.0, 0.0, 0.0, 1987-03-24 00:00:00, 0.5, 11.5, 0.0
0.0, 0.0, 0.0, 1987-03-25 00:00:00, 1.0, 8.0, 0.0
0.0, 0.0, 0.0, 1987-03-26 00:00:00, 3.0, 10.5, 0.0
0.0, 0.0, 0.0, 1987-03-27 00:00:00, 1.5, 10.0, 0.0
0.0, 0.0, 0.0, 1987-03-28 00:00:00, -3.0, 7.5, 0.0
0.0, 0.0, 0.0, 1987-03-29 00:00:00, -2.0, None, 0.0
0.0, 0.0, 0.0, 1987-03-30 00:00:00, -1.5, 12.0, 0.0
0.0, 0.0, 0.0, 1987-03-31 00:00:00, -1.0, 16.0, 0.0
0.0, 0.0, 0.0, 1987-04-01 00:00:00, 0.0, 17.0, 0.0
0.0, 0.0, 0.0, 1987-04-02 00:00:00, None, 19.0, 0.0
0.0, 0.0, 0.0, 1987-04-03 00:00:00, 2.0, 19.0, 0.0
0.0, 0.0, 0.0, 1987-04-04 00:00:00, None, None, 0.0
1.0, 1.0, 0.0, 1987-04-05 00:00:00, None, None, 0.0
0.0, 0.0, 0.0, 1987-04-06 00:00:00, 4.5, 17.0, 0.0
1.0, 1.0, 0.0, 1987-04-07 00:00:00, 6.0, 17.0, 0.0
0.0, 0.0, 0.0, 1987-04-08 00:00:00, 3.0, None, 0.0
0.0, 0.0, 0.0, 1987-04-09 00:00:00, 3.0, 13.5, 0.0
0.4, 0.4, 0.0, 1987-04-10 00:00:00, None, 14.5, 0.0
0.0, 0.0, 0.0, 1987-04-11 00:00:00, 4.5, 14.0, 0.0
0.0, 0.0, 0.0, 1987-04-12 00:00:00, 5.5, 14.5, 0.0
0.0, 0.0, 0.0, 1987-04-13 00:00:00, 4.5, 12.5, 0.0
0.0, 0.0, 0.0, 1987-04-14 00:00:00, 3.5, 20.5, 0.0
0.0, 0.0, 0.0, 1987-04-15 00:00:00, 11.0, 15.0, 0.0
0.0, 0.0, 0.0, 1987-04-16 00:00:00, 8.5, 19.5, 0.0
0.0, 0.0, 0.0, 1987-04-17 00:00:00, 3.0, 12.0, 0.0
0.0, 0.0, 0.0, 1987-04-18 00:00:00, 3.0, 11.0, 0.0
0.0, 0.0, 0.0, 1987-04-19 00:00:00, 3.0, 13.5, 0.0
0.0, 0.0, 0.0, 1987-04-20 00:00:00, 0.5, 16.5, 0.0
0.0, 0.0, 0.0, 1987-04-21 00:00:00, 3.5, 16.0, 0.0
0.0, 0.0, 0.0, 1987-04-22 00:00:00, 5.0, 16.0, 0.0
0.0, 0.0, 0.0, 1987-04-23 00:00:00, 5.0, None, 0.0
0.0, 0.0, 0.0, 1987-04-24 00:00:00, 3.0, 17.5, 0.0
0.0, 0.0, 0.0, 1987-04-25 00:00:00, 3.5, 20.5, 0.0
0.0, 0.0, 0.0, 1987-04-26 00:00:00, 5.0, 22.5, 0.0
0.0, 0.0, 0.0, 1987-04-27 00:00:00, 3.0, 23.5, 0.0
0.2, 0.2, 0.0, 1987-04-28 00:00:00, None, 21.5, 0.0
9.6, 9.6, 0.0, 1987-04-29 00:00:00, 12.5, 20.5, 0.0
27.4, 27.4, 0.0, 1987-04-30 00:00:00, 11.5, 14.0, 0.0
0.6, 0.6, 0.0, 1987-05-01 00:00:00, 9.0, 15.5, 0.0
4.4, 4.4, 0.0, 1987-05-02 00:00:00, 5.0, 15.0, 0.0
0.0, 0.0, 0.0, 1987-05-03 00:00:00, 3.0, 14.5, 0.0
0.0, 0.0, 0.0, 1987-05-04 00:00:00, 6.5, 22.0, 0.0
0.0, 0.0, 0.0, 1987-05-05 00:00:00, 6.5, 21.5, 0.0
0.0, 0.0, 0.0, 1987-05-06 00:00:00, 8.5, 25.5, 0.0
0.0, 0.0, 0.0, 1987-05-07 00:00:00, 11.0, 27.5, 0.0
0.0, 0.0, 0.0, 1987-05-08 00:00:00, 12.5, 31.5, 0.0
0.0, 0.0, 0.0, 1987-05-09 00:00:00, 13.5, 30.5, 0.0
0.0, 0.0, 0.0, 1987-05-10 00:00:00, 14.0, 26.5, 0.0
0.2, 0.2, 0.0, 1987-05-11 00:00:00, 12.0, 26.0, 0.0
0.0, 0.0, 0.0, 1987-05-12 00:00:00, 13.0, 20.0, 0.0
0.0, 0.0, 0.0, 1987-05-13 00:00:00, 5.5, 21.0, 0.0
0.0, 0.0, 0.0, 1987-05-14 00:00:00, 13.0, 25.0, 0.0
0.0, 0.0, 0.0, 1987-05-15 00:00:00, 7.5, 22.0, 0.0
0.0, 0.0, 0.0, 1987-05-16 00:00:00, 5.5, 20.5, 0.0
0.0, 0.0, 0.0, 1987-05-17 00:00:00, 5.5, 23.0, 0.0
0.4, 0.4, 0.0, 1987-05-18 00:00:00, 10.0, 13.5, 0.0
1.6, 1.6, 0.0, 1987-05-19 00:00:00, 4.5, 13.5, 0.0
1.0, 1.0, 0.0, 1987-05-20 00:00:00, 3.5, 18.5, 0.0
0.0, 0.0, 0.0, 1987-05-21 00:00:00, 6.0, 16.5, 0.0
0.4, 0.4, 0.0, 1987-05-22 00:00:00, 5.0, 19.0, 0.0
0.0, 0.0, 0.0, 1987-05-23 00:00:00, 6.0, 20.5, 0.0
0.0, 0.0, 0.0, 1987-05-24 00:00:00, 8.5, 20.5, 0.0
0.0, 0.0, 0.0, 1987-05-25 00:00:00, 7.0, 25.0, 0.0
0.0, 0.0, 0.0, 1987-05-26 00:00:00, 11.0, 24.0, 0.0
2.0, 2.0, 0.0, 1987-05-27 00:00:00, 11.0, 25.5, 0.0
0.4, 0.4, 0.0, 1987-05-28 00:00:00, 9.0, 16.5, 0.0
6.0, 6.0, 0.0, 1987-05-29 00:00:00, 6.0, 22.0, 0.0
8.0, 8.0, 0.0, 1987-05-30 00:00:00, 9.5, 21.5, 0.0
1.0, 1.0, 0.0, 1987-05-31 00:00:00, 7.5, 19.0, 0.0
0.0, 0.0, 0.0, 1987-06-01 00:00:00, 9.0, 18.5, 0.0
0.0, 0.0, 0.0, 1987-06-02 00:00:00, 7.5, 20.0, 0.0
0.0, 0.0, 0.0, 1987-06-03 00:00:00, 8.0, 24.0, 0.0
0.0, 0.0, 0.0, 1987-06-04 00:00:00, 11.0, 27.0, 0.0
0.4, 0.4, 0.0, 1987-06-05 00:00:00, 15.0, 26.5, 0.0
0.0, 0.0, 0.0, 1987-06-06 00:00:00, 10.5, 23.5, 0.0
0.0, 0.0, 0.0, 1987-06-07 00:00:00, 10.5, 28.5, 0.0
10.4, 10.4, 0.0, 1987-06-08 00:00:00, 14.5, 20.5, 0.0
0.6, 0.6, 0.0, 1987-06-09 00:00:00, 13.5, 25.5, 0.0
0.0, 0.0, 0.0, 1987-06-10 00:00:00, 11.0, 23.0, 0.0
0.0, 0.0, 0.0, 1987-06-11 00:00:00, 12.0, 26.5, 0.0
0.0, 0.0, 0.0, 1987-06-12 00:00:00, 14.5, 28.5, 0.0
0.0, 0.0, 0.0, 1987-06-13 00:00:00, 17.0, 29.0, 0.0
0.4, 0.4, 0.0, 1987-06-14 00:00:00, 13.5, 31.5, 0.0
0.0, 0.0, 0.0, 1987-06-15 00:00:00, 18.5, 27.0, 0.0
1.6, 1.6, 0.0, 1987-06-16 00:00:00, 10.5, 16.5, 0.0
0.0, 0.0, 0.0, 1987-06-17 00:00:00, 11.0, 23.5, 0.0
0.0, 0.0, 0.0, 1987-06-18 00:00:00, 11.0, 29.5, 0.0
0.0, 0.0, 0.0, 1987-06-19 00:00:00, 14.0, 30.0, 0.0
2.0, 2.0, 0.0, 1987-06-20 00:00:00, 14.5, 27.0, 0.0
0.2, 0.2, 0.0, 1987-06-21 00:00:00, 11.5, 21.5, 0.0
0.0, 0.0, 0.0, 1987-06-22 00:00:00, 11.5, 22.0, 0.0
0.0, 0.0, 0.0, 1987-06-23 00:00:00, 7.5, None, 0.0
0.0, 0.0, 0.0, 1987-06-24 00:00:00, 8.5, 27.0, 0.0
0.0, 0.0, 0.0, 1987-06-25 00:00:00, 13.0, 32.0, 0.0
0.0, 0.0, 0.0, 1987-06-26 00:00:00, 16.0, 35.0, 0.0
0.0, 0.0, 0.0, 1987-06-27 00:00:00, 18.5, 33.0, 0.0
0.0, 0.0, 0.0, 1987-06-28 00:00:00, 17.5, 33.0, 0.0
0.0, 0.0, 0.0, 1987-06-29 00:00:00, 17.0, 34.0, 0.0
0.0, 0.0, 0.0, 1987-06-30 00:00:00, 18.5, 34.5, 0.0
0.0, 0.0, 0.0, 1987-07-01 00:00:00, 19.5, 37.0, 0.0
8.4, 8.4, 0.0, 1987-07-02 00:00:00, 18.5, 34.0, 0.0
7.0, 7.0, 0.0, 1987-07-03 00:00:00, 16.0, 18.0, 0.0
9.2, 9.2, 0.0, 1987-07-04 00:00:00, 12.0, 27.0, 0.0
0.0, 0.0, 0.0, 1987-07-05 00:00:00, 12.0, 25.0, 0.0
0.0, 0.0, 0.0, 1987-07-06 00:00:00, None, None, 0.0
10.0, 10.0, 0.0, 1987-07-07 00:00:00, None, None, 0.0
0.0, 0.0, 0.0, 1987-07-08 00:00:00, 14.0, 23.0, 0.0
0.0, 0.0, 0.0, 1987-07-09 00:00:00, None, None, 0.0
0.0, 0.0, 0.0, 1987-07-10 00:00:00, 13.5, 25.5, 0.0
0.0, 0.0, 0.0, 1987-07-11 00:00:00, 13.5, None, 0.0
0.0, 0.0, 0.0, 1987-07-12 00:00:00, None, 29.0, 0.0
0.0, 0.0, 0.0, 1987-07-13 00:00:00, 16.5, 31.5, 0.0
0.0, 0.0, 0.0, 1987-07-14 00:00:00, 19.0, 33.5, 0.0
0.0, 0.0, 0.0, 1987-07-15 00:00:00, 13.0, 25.0, 0.0
0.0, 0.0, 0.0, 1987-07-16 00:00:00, 13.5, 24.5, 0.0
0.2, 0.2, 0.0, 1987-07-17 00:00:00, 13.5, 26.0, 0.0
0.0, 0.0, 0.0, 1987-07-18 00:00:00, 14.5, 23.0, 0.0
0.4, 0.4, 0.0, 1987-07-19 00:00:00, 13.5, 21.0, 0.0
1.0, 1.0, 0.0, 1987-07-20 00:00:00, 14.0, 22.5, 0.0
0.0, 0.0, 0.0, 1987-07-21 00:00:00, 12.0, 28.5, 0.0
0.0, 0.0, 0.0, 1987-07-22 00:00:00, 14.0, 32.0, 0.0
0.0, 0.0, 0.0, 1987-07-23 00:00:00, 17.0, 30.5, 0.0
0.4, 0.4, 0.0, 1987-07-24 00:00:00, 18.0, 30.5, 0.0
5.6, 5.6, 0.0, 1987-07-25 00:00:00, 15.5, 21.5, 0.0
0.4, 0.4, 0.0, 1987-07-26 00:00:00, 12.5, 29.0, 0.0
0.0, 0.0, 0.0, 1987-07-27 00:00:00, 17.0, 32.0, 0.0
0.0, 0.0, 0.0, 1987-07-28 00:00:00, 16.5, 32.5, 0.0
0.0, 0.0, 0.0, 1987-07-29 00:00:00, 17.5, 32.5, 0.0
0.0, 0.0, 0.0, 1987-07-30 00:00:00, 16.5, 32.5, 0.0
5.0, 5.0, 0.0, 1987-07-31 00:00:00, 15.0, 21.0, 0.0
0.0, 0.0, 0.0, 1987-08-01 00:00:00, 12.5, 27.5, 0.0
0.0, 0.0, 0.0, 1987-08-02 00:00:00, 13.5, 25.5, 0.0
0.0, 0.0, 0.0, 1987-08-03 00:00:00, 11.0, 27.0, 0.0
0.2, 0.2, 0.0, 1987-08-04 00:00:00, 14.0, 29.5, 0.0
0.0, 0.0, 0.0, 1987-08-05 00:00:00, 14.5, 24.5, 0.0
0.0, 0.0, 0.0, 1987-08-06 00:00:00, None, None, 0.0
0.0, 0.0, 0.0, 1987-08-07 00:00:00, None, None, 0.0
0.0, 0.0, 0.0, 1987-08-08 00:00:00, None, None, 0.0
0.0, 0.0, 0.0, 1987-08-09 00:00:00, 15.0, 35.5, 0.0
0.0, 0.0, 0.0, 1987-08-10 00:00:00, None, None, 0.0
0.0, 0.0, 0.0, 1987-08-11 00:00:00, None, None, 0.0
1.6, 1.6, 0.0, 1987-08-12 00:00:00, 11.0, 22.0, 0.0
28.2, 28.2, 0.0, 1987-08-13 00:00:00, 13.0, 19.0, 0.0
0.6, 0.6, 0.0, 1987-08-14 00:00:00, 12.5, 21.5, 0.0
8.8, 8.8, 0.0, 1987-08-15 00:00:00, 12.0, 22.0, 0.0
0.4, 0.4, 0.0, 1987-08-16 00:00:00, 11.0, 16.5, 0.0
0.0, 0.0, 0.0, 1987-08-17 00:00:00, 8.0, 21.0, 0.0
0.0, 0.0, 0.0, 1987-08-18 00:00:00, 9.0, 25.0, 0.0
0.0, 0.0, 0.0, 1987-08-19 00:00:00, 11.0, 26.0, 0.0
0.0, 0.0, 0.0, 1987-08-20 00:00:00, 10.0, 19.0, 0.0
0.0, 0.0, 0.0, 1987-08-21 00:00:00, 9.0, 23.0, 0.0
0.0, 0.0, 0.0, 1987-08-22 00:00:00, 10.0, 25.5, 0.0
0.0, 0.0, 0.0, 1987-08-23 00:00:00, 11.0, 27.5, 0.0
0.0, 0.0, 0.0, 1987-08-24 00:00:00, 13.0, 27.0, 0.0
0.0, 0.0, 0.0, 1987-08-25 00:00:00, None, 27.5, 0.0
0.0, 0.0, 0.0, 1987-08-26 00:00:00, 12.5, 25.5, 0.0
0.0, 0.0, 0.0, 1987-08-27 00:00:00, 14.0, 28.0, 0.0
0.0, 0.0, 0.0, 1987-08-28 00:00:00, 14.0, 26.5, 0.0
0.0, 0.0, 0.0, 1987-08-29 00:00:00, 14.0, 26.5, 0.0
0.0, 0.0, 0.0, 1987-08-30 00:00:00, None, 27.5, 0.0
0.0, 0.0, 0.0, 1987-08-31 00:00:00, 11.0, 31.0, 0.0
0.0, 0.0, 0.0, 1987-09-01 00:00:00, 13.0, 32.0, 0.0
0.0, 0.0, 0.0, 1987-09-02 00:00:00, 18.0, 21.5, 0.0
0.0, 0.0, 0.0, 1987-09-03 00:00:00, 9.0, 22.0, 0.0
0.0, 0.0, 0.0, 1987-09-04 00:00:00, 9.5, 25.0, 0.0
0.0, 0.0, 0.0, 1987-09-05 00:00:00, 11.0, 27.0, 0.0
0.0, 0.0, 0.0, 1987-09-06 00:00:00, 13.0, 26.5, 0.0
0.0, 0.0, 0.0, 1987-09-07 00:00:00, 10.5, 25.5, 0.0
0.0, 0.0, 0.0, 1987-09-08 00:00:00, 10.5, 25.5, 0.0
0.0, 0.0, 0.0, 1987-09-09 00:00:00, 11.5, None, 0.0
0.0, 0.0, 0.0, 1987-09-10 00:00:00, None, None, 0.0
0.0, 0.0, 0.0, 1987-09-11 00:00:00, 12.0, 28.0, 0.0
0.0, 0.0, 0.0, 1987-09-12 00:00:00, 12.0, 29.5, 0.0
0.0, 0.0, 0.0, 1987-09-13 00:00:00, 13.0, 25.0, 0.0
5.0, 5.0, 0.0, 1987-09-14 00:00:00, 10.5, 21.5, 0.0
0.0, 0.0, 0.0, 1987-09-15 00:00:00, 10.0, 19.0, 0.0
0.0, 0.0, 0.0, 1987-09-16 00:00:00, 10.0, 18.5, 0.0
0.0, 0.0, 0.0, 1987-09-17 00:00:00, 5.0, 21.0, 0.0
0.0, 0.0, 0.0, 1987-09-18 00:00:00, 7.5, 21.5, 0.0
0.0, 0.0, 0.0, 1987-09-19 00:00:00, 8.5, 23.0, 0.0
0.0, 0.0, 0.0, 1987-09-20 00:00:00, 9.5, 23.0, 0.0
0.0, 0.0, 0.0, 1987-09-21 00:00:00, 10.0, 25.0, 0.0
0.0, 0.0, 0.0, 1987-09-22 00:00:00, 10.5, 26.0, 0.0
0.0, 0.0, 0.0, 1987-09-23 00:00:00, 10.5, 25.5, 0.0
0.0, 0.0, 0.0, 1987-09-24 00:00:00, 10.5, 25.0, 0.0
1.2, 1.2, 0.0, 1987-09-25 00:00:00, 10.0, 21.0, 0.0
0.0, 0.0, 0.0, 1987-09-26 00:00:00, 10.0, 19.5, 0.0
0.0, 0.0, 0.0, 1987-09-27 00:00:00, 5.0, 17.0, 0.0
0.0, 0.0, 0.0, 1987-09-28 00:00:00, 6.0, 19.5, 0.0
0.0, 0.0, 0.0, 1987-09-29 00:00:00, 6.5, 21.0, 0.0
0.0, 0.0, 0.0, 1987-09-30 00:00:00, 7.0, 21.0, 0.0
2.0, 2.0, 0.0, 1987-11-01 00:00:00, 6.0, 10.5, 0.0
0.2, 0.2, 0.0, 1987-11-02 00:00:00, 6.5, 13.0, 0.0
0.0, 0.0, 0.0, 1987-11-03 00:00:00, 5.0, 17.5, 0.0
0.0, 0.0, 0.0, 1987-11-04 00:00:00, 4.5, 11.5, 0.0
0.0, 0.0, 0.0, 1987-11-05 00:00:00, 5.0, 10.0, 0.0
0.0, 0.0, 0.0, 1987-11-06 00:00:00, 3.5, 8.5, 0.0
0.0, 0.0, 0.0, 1987-11-07 00:00:00, None, None, 0.0
0.0, 0.0, 0.0, 1987-11-08 00:00:00, 4.0, 9.5, 0.0
1.2, 1.2, 0.0, 1987-11-09 00:00:00, 4.0, 9.5, 0.0
0.2, 0.2, 0.0, 1987-11-10 00:00:00, 3.0, 11.0, 0.0
1.4, 1.4, 0.0, 1987-11-11 00:00:00, 5.0, 11.5, 0.0
6.0, 6.0, 0.0, 1987-11-12 00:00:00, 7.0, 9.5, 0.0
1.0, 1.0, 0.0, 1987-11-13 00:00:00, 5.5, None, 0.0
0.0, 0.0, 0.0, 1987-11-14 00:00:00, 2.5, 9.5, 0.0
5.2, 5.2, 0.0, 1987-11-15 00:00:00, None, None, 0.0
0.0, 0.0, 0.0, 1987-11-16 00:00:00, 1.0, 4.5, 0.0
0.0, 0.0, 0.0, 1987-11-17 00:00:00, -2.0, 4.0, 0.0
1.6, 1.6, 0.0, 1987-11-18 00:00:00, 0.0, 3.5, 0.0
0.0, 0.0, 0.0, 1987-11-19 00:00:00, 0.5, 5.0, 0.0
0.0, 0.0, 0.0, 1987-11-20 00:00:00, 0.5, 6.5, 0.0
0.0, 0.0, 0.0, 1987-11-21 00:00:00, 1.0, 10.0, 0.0
0.4, 0.4, 0.0, 1987-11-22 00:00:00, 1.5, 6.5, 0.0
2.0, 2.0, 0.0, 1987-11-23 00:00:00, 2.5, 6.5, 0.0
2.2, 2.2, 0.0, 1987-11-24 00:00:00, 2.5, None, 0.0
0.0, 0.0, 0.0, 1987-11-25 00:00:00, 0.0, 7.5, 0.0
0.0, 0.0, 0.0, 1987-11-26 00:00:00, -1.0, 4.5, 0.0
0.0, 0.0, 0.0, 1987-11-27 00:00:00, -1.0, 5.5, 0.0
0.0, 0.0, 0.0, 1987-11-28 00:00:00, -2.0, None, 0.0
0.0, 0.0, 0.0, 1987-11-29 00:00:00, None, None, 0.0
2.6, 1.4, 1.2, 1987-11-30 00:00:00, -0.5, 3.0, 0.0
0.8, 0.8, 0.0, 1987-12-01 00:00:00, -0.5, 7.0, 1.0
1.4, 1.4, 0.0, 1987-12-02 00:00:00, 2.0, 7.5, 0.0
2.0, 2.0, 0.0, 1987-12-03 00:00:00, 2.0, 9.0, 0.0
0.0, 0.0, 0.0, 1987-12-04 00:00:00, 3.5, None, 0.0
0.0, 0.0, 0.0, 1987-12-05 00:00:00, -0.5, None, None
13.0, 13.0, 0.0, 1987-12-06 00:00:00, None, 8.5, None
0.0, 0.0, 0.0, 1987-12-07 00:00:00, 5.0, 9.5, 0.0
2.2, 2.2, 0.0, 1987-12-08 00:00:00, 0.0, 5.5, 0.0
14.0, 12.0, 2.0, 1987-12-09 00:00:00, 1.0, 6.5, 0.0
0.0, 0.0, 0.0, 1987-12-10 00:00:00, -0.5, 8.5, 0.0
0.0, 0.0, 0.0, 1987-12-11 00:00:00, 1.5, 4.5, 0.0
0.0, 0.0, 0.0, 1987-12-12 00:00:00, 0.0, 3.5, 0.0
0.8, 0.0, 0.8, 1987-12-13 00:00:00, -5.5, -0.5, 0.0
1.0, 0.0, 1.0, 1987-12-14 00:00:00, -4.5, -1.5, 1.0
0.0, 0.0, 0.0, 1987-12-15 00:00:00, -4.0, 0.5, 1.0
0.0, 0.0, 0.0, 1987-12-16 00:00:00, -5.5, -2.5, 1.0
2.6, 0.0, 2.6, 1987-12-17 00:00:00, -7.5, -2.5, 1.0
0.0, 0.0, 0.0, 1987-12-18 00:00:00, -6.5, 1.0, 3.0
3.0, 0.0, 3.0, 1987-12-19 00:00:00, -5.0, 0.0, 3.0
7.0, 0.0, 7.0, 1987-12-20 00:00:00, -7.0, -3.5, 5.0
0.0, 0.0, 0.0, 1987-12-21 00:00:00, -6.5, -0.5, 12.0
0.0, 0.0, 0.0, 1987-12-22 00:00:00, -6.5, -2.5, 10.0
1.8, 0.0, 1.8, 1987-12-23 00:00:00, -7.5, 0.0, 10.0
0.0, 0.0, 0.0, 1987-12-24 00:00:00, -7.0, None, 11.0
0.0, 0.0, 0.0, 1987-12-25 00:00:00, None, -2.0, None
0.0, 0.0, 0.0, 1987-12-26 00:00:00, -7.0, -5.5, 9.0
0.0, 0.0, 0.0, 1987-12-27 00:00:00, -8.0, -3.0, 9.0
2.8, 0.0, 2.8, 1987-12-28 00:00:00, -8.5, -3.5, 8.0
2.2, 0.0, 2.2, 1987-12-29 00:00:00, -6.5, -1.5, 11.0
0.0, 0.0, 0.0, 1987-12-30 00:00:00, -4.5, -1.5, 13.0
0.0, 0.0, 0.0, 1987-12-31 00:00:00, -6.0, -2.0, 12.0
0.0, 0.0, 0.0, 1988-01-01 00:00:00, -8.5, -3.5, None
0.0, 0.0, 0.0, 1988-01-02 00:00:00, -9.0, -6.0, 10.0
0.0, 0.0, 0.0, 1988-01-03 00:00:00, -9.5, -7.0, 10.0
0.4, 0.0, 0.4, 1988-01-04 00:00:00, -10.5, -8.5, 10.0
0.0, 0.0, 0.0, 1988-01-05 00:00:00, -13.0, -6.5, 10.0
1.0, 0.0, 1.0, 1988-01-06 00:00:00, -12.0, -5.0, 10.0
0.0, 0.0, 0.0, 1988-01-07 00:00:00, -8.0, -3.5, 11.0
0.0, 0.0, 0.0, 1988-01-08 00:00:00, -9.0, None, 11.0
0.0, 0.0, 0.0, 1988-01-09 00:00:00, None, None, None
2.8, 0.0, 2.8, 1988-01-10 00:00:00, None, None, None
0.0, 0.0, 0.0, 1988-01-11 00:00:00, None, 1.0, None
8.2, 0.0, 8.2, 1988-01-12 00:00:00, -3.5, 1.0, 14.0
4.0, 0.0, 4.0, 1988-01-13 00:00:00, -5.0, 0.0, 19.0
0.2, 0.0, 0.2, 1988-01-14 00:00:00, -5.0, 3.0, 22.0
2.4, 2.4, 0.0, 1988-01-15 00:00:00, -1.0, 7.0, 21.0
0.0, 0.0, 0.0, 1988-01-16 00:00:00, 0.0, 3.5, 16.0
0.2, 0.0, 0.2, 1988-01-17 00:00:00, -3.5, None, None
0.2, 0.0, 0.2, 1988-01-18 00:00:00, -4.0, 0.0, 15.0
0.0, 0.0, 0.0, 1988-01-19 00:00:00, -5.0, 0.0, 15.0
1.0, 0.0, 1.0, 1988-01-20 00:00:00, -3.0, 5.0, 15.0
0.0, 0.0, 0.0, 1988-01-21 00:00:00, -3.5, 2.5, 16.0
0.0, 0.0, 0.0, 1988-01-22 00:00:00, -4.0, None, 15.0
0.0, 0.0, 0.0, 1988-01-23 00:00:00, None, 6.5, None
0.0, 0.0, 0.0, 1988-01-24 00:00:00, -4.5, 1.5, 13.0
0.0, 0.0, 0.0, 1988-01-25 00:00:00, -3.0, 1.0, 13.0
0.0, 0.0, 0.0, 1988-01-26 00:00:00, -4.5, 2.0, 13.0
0.0, 0.0, 0.0, 1988-01-27 00:00:00, -3.0, 4.0, 12.0
1.6, 1.4, 0.2, 1988-01-28 00:00:00, -2.5, 6.0, 12.0
0.0, 0.0, 0.0, 1988-01-29 00:00:00, -2.5, 6.5, 10.0
0.0, 0.0, 0.0, 1988-01-30 00:00:00, -9.5, -6.5, 8.0
0.0, 0.0, 0.0, 1988-01-31 00:00:00, -16.5, -10.0, 8.0
0.4, 0.0, 0.4, 1988-02-01 00:00:00, -18.0, -11.0, 8.0
3.8, 0.0, 3.8, 1988-02-02 00:00:00, -14.0, -7.0, 8.0
2.0, 0.0, 2.0, 1988-02-03 00:00:00, -12.0, -4.5, 12.0
0.0, 0.0, 0.0, 1988-02-04 00:00:00, -8.0, -4.0, 14.0
0.8, 0.0, 0.8, 1988-02-05 00:00:00, -11.0, -2.0, 13.0
1.6, 0.0, 1.6, 1988-02-06 00:00:00, -9.0, 1.5, 13.0
2.4, 2.4, 0.0, 1988-02-07 00:00:00, -3.5, 5.5, 14.0
4.8, 0.0, 4.8, 1988-02-08 00:00:00, -1.5, 5.5, 12.0
0.0, 0.0, 0.0, 1988-02-09 00:00:00, -2.0, 2.0, 16.0
3.4, 3.4, 0.0, 1988-02-10 00:00:00, -2.0, 5.0, 16.0
0.0, 0.0, 0.0, 1988-02-11 00:00:00, 0.0, 9.5, 10.0
0.2, 0.2, 0.0, 1988-02-12 00:00:00, 4.5, 9.5, 1.0
0.0, 0.0, 0.0, 1988-02-13 00:00:00, 3.5, 8.5, 0.0
1.6, 1.6, 0.0, 1988-02-14 00:00:00, 0.0, 4.5, 0.0
0.0, 0.0, 0.0, 1988-02-15 00:00:00, 2.0, 9.0, 0.0
0.0, 0.0, 0.0, 1988-02-16 00:00:00, 1.0, 9.0, 0.0
0.2, 0.2, 0.0, 1988-02-17 00:00:00, 2.5, 7.0, 0.0
0.0, 0.0, 0.0, 1988-02-18 00:00:00, 0.5, 7.5, 0.0
0.0, 0.0, 0.0, 1988-02-19 00:00:00, -0.5, 8.5, 0.0
0.0, 0.0, 0.0, 1988-02-20 00:00:00, -2.0, 10.0, 0.0
0.0, 0.0, 0.0, 1988-02-21 00:00:00, -1.0, 14.0, 0.0
0.0, 0.0, 0.0, 1988-02-22 00:00:00, -1.0, 7.5, 0.0
0.0, 0.0, 0.0, 1988-02-23 00:00:00, None, None, 0.0
0.0, 0.0, 0.0, 1988-02-24 00:00:00, -5.0, 8.0, 0.0
0.0, 0.0, 0.0, 1988-02-25 00:00:00, -4.5, 10.0, 0.0
0.0, 0.0, 0.0, 1988-02-26 00:00:00, -2.0, 10.0, 0.0
0.0, 0.0, 0.0, 1988-02-27 00:00:00, 0.5, 8.0, 0.0
0.0, 0.0, 0.0, 1988-02-28 00:00:00, -1.0, 6.5, 0.0
0.0, 0.0, 0.0, 1988-02-29 00:00:00, -2.0, 7.0, 0.0
0.0, 0.0, 0.0, 1988-03-01 00:00:00, 1.5, 7.0, 0.0
1.0, 1.0, 0.0, 1988-03-02 00:00:00, None, None, 0.0
0.0, 0.0, 0.0, 1988-03-03 00:00:00, None, None, 0.0
0.0, 0.0, 0.0, 1988-03-04 00:00:00, None, None, 0.0
1.0, 1.0, 0.0, 1988-03-05 00:00:00, None, None, 0.0
0.0, 0.0, 0.0, 1988-03-06 00:00:00, None, 8.0, 0.0
0.0, 0.0, 0.0, 1988-03-07 00:00:00, -1.0, 9.0, 0.0
5.1, 5.1, 0.0, 1988-03-08 00:00:00, 2.5, 11.0, 0.0
0.0, 0.0, 0.0, 1988-03-09 00:00:00, 0.0, 9.5, 0.0
0.0, 0.0, 0.0, 1988-03-10 00:00:00, -3.0, 7.5, 0.0
0.0, 0.0, 0.0, 1988-03-11 00:00:00, -3.5, 8.0, 0.0
0.0, 0.0, 0.0, 1988-03-12 00:00:00, -3.0, None, 0.0
4.6, 4.6, 0.0, 1988-03-13 00:00:00, None, None, 0.0
0.0, 0.0, 0.0, 1988-03-14 00:00:00, 2.0, 8.0, 0.0
0.0, 0.0, 0.0, 1988-03-15 00:00:00, -1.0, 10.5, 0.0
0.0, 0.0, 0.0, 1988-03-16 00:00:00, -2.0, 10.5, 0.0
0.0, 0.0, 0.0, 1988-03-17 00:00:00, -1.0, 7.0, 0.0
0.0, 0.0, 0.0, 1988-03-18 00:00:00, -0.5, 14.5, 0.0
0.0, 0.0, 0.0, 1988-03-19 00:00:00, None, 16.0, 0.0
0.0, 0.0, 0.0, 1988-03-20 00:00:00, 4.5, 16.5, 0.0
0.0, 0.0, 0.0, 1988-03-21 00:00:00, 2.5, 11.0, 0.0
0.4, 0.4, 0.0, 1988-03-22 00:00:00, 1.5, 6.5, 0.0
0.0, 0.0, 0.0, 1988-03-23 00:00:00, 2.0, 10.0, 0.0
0.0, 0.0, 0.0, 1988-03-24 00:00:00, 2.5, 12.0, 0.0
4.6, 4.6, 0.0, 1988-03-25 00:00:00, 2.5, 7.5, 0.0
0.0, 0.0, 0.0, 1988-03-26 00:00:00, 1.5, 10.5, 0.0
0.0, 0.0, 0.0, 1988-03-27 00:00:00, 2.0, 8.5, 0.0
1.6, 1.6, 0.0, 1988-03-28 00:00:00, -2.5, 9.0, 0.0
1.0, 1.0, 0.0, 1988-03-29 00:00:00, 0.5, 7.0, 0.0
0.0, 0.0, 0.0, 1988-03-30 00:00:00, 0.5, 11.0, 0.0
0.0, 0.0, 0.0, 1988-03-31 00:00:00, 4.0, 15.5, 0.0
0.0, 0.0, 0.0, 1988-04-01 00:00:00, 9.5, 15.5, 0.0
6.2, 6.2, 0.0, 1988-04-02 00:00:00, 6.0, 10.5, 0.0
0.0, 0.0, 0.0, 1988-04-03 00:00:00, 6.0, 13.0, 0.0
0.0, 0.0, 0.0, 1988-04-04 00:00:00, 1.5, 11.0, 0.0
2.8, 2.8, 0.0, 1988-04-05 00:00:00, 2.5, 10.0, 0.0
0.6, 0.6, 0.0, 1988-04-06 00:00:00, 3.5, 10.5, 0.0
0.0, 0.0, 0.0, 1988-04-07 00:00:00, 1.5, 11.5, 0.0
0.0, 0.0, 0.0, 1988-04-08 00:00:00, -1.0, None, 0.0
0.0, 0.0, 0.0, 1988-04-09 00:00:00, -2.0, 12.0, 0.0
0.0, 0.0, 0.0, 1988-04-10 00:00:00, None, 16.0, 0.0
0.0, 0.0, 0.0, 1988-04-11 00:00:00, 4.0, 18.0, 0.0
0.0, 0.0, 0.0, 1988-04-12 00:00:00, 6.5, 20.0, 0.0
0.0, 0.0, 0.0, 1988-04-13 00:00:00, 6.5, 20.0, 0.0
0.0, 0.0, 0.0, 1988-04-14 00:00:00, 7.5, 23.0, 0.0
0.2, 0.2, 0.0, 1988-04-15 00:00:00, 8.5, 22.5, 0.0
0.0, 0.0, 0.0, 1988-04-16 00:00:00, 9.0, 20.5, 0.0
10.0, 10.0, 0.0, 1988-04-17 00:00:00, 10.0, 17.5, 0.0
1.8, 1.8, 0.0, 1988-04-18 00:00:00, 7.5, 11.5, 0.0
0.0, 0.0, 0.0, 1988-04-19 00:00:00, 5.0, 15.5, 0.0
0.0, 0.0, 0.0, 1988-04-20 00:00:00, 4.5, 19.0, 0.0
0.5, 0.5, 0.0, 1988-04-21 00:00:00, 5.0, 20.0, 0.0
0.0, 0.0, 0.0, 1988-04-22 00:00:00, 7.0, 21.0, 0.0
10.6, 10.6, 0.0, 1988-04-23 00:00:00, None, None, 0.0
1.5, 1.5, 0.0, 1988-04-24 00:00:00, 2.5, 10.5, 0.0
0.0, 0.0, 0.0, 1988-04-25 00:00:00, 4.0, 12.0, 0.0
0.0, 0.0, 0.0, 1988-04-26 00:00:00, 4.0, 16.0, 0.0
0.0, 0.0, 0.0, 1988-04-27 00:00:00, 4.0, 19.5, 0.0
6.6, 6.6, 0.0, 1988-04-28 00:00:00, 5.5, None, 0.0
1.6, 1.6, 0.0, 1988-04-29 00:00:00, None, 13.0, 0.0
0.0, 0.0, 0.0, 1988-04-30 00:00:00, 5.0, 11.5, 0.0
0.0, 0.0, 0.0, 1988-05-01 00:00:00, 4.5, 13.0, 0.0
2.2, 2.2, 0.0, 1988-05-02 00:00:00, 4.5, 12.0, 0.0
3.6, 3.6, 0.0, 1988-05-03 00:00:00, 5.0, 12.5, 0.0
0.0, 0.0, 0.0, 1988-05-04 00:00:00, 4.5, 14.5, 0.0
0.6, 0.6, 0.0, 1988-05-05 00:00:00, 4.0, 18.0, 0.0
0.0, 0.0, 0.0, 1988-05-06 00:00:00, 5.0, None, 0.0
0.0, 0.0, 0.0, 1988-05-07 00:00:00, None, None, 0.0
0.0, 0.0, 0.0, 1988-05-08 00:00:00, None, 22.5, 0.0
0.0, 0.0, 0.0, 1988-05-09 00:00:00, 7.5, 23.0, 0.0
0.0, 0.0, 0.0, 1988-05-10 00:00:00, 10.5, 25.0, 0.0
0.0, 0.0, 0.0, 1988-05-11 00:00:00, 12.5, 24.5, 0.0
11.2, 11.2, 0.0, 1988-05-12 00:00:00, 14.0, 27.5, 0.0
3.4, 3.4, 0.0, 1988-05-13 00:00:00, 10.5, 16.0, 0.0
0.0, 0.0, 0.0, 1988-05-14 00:00:00, 9.0, None, 0.0
0.0, 0.0, 0.0, 1988-05-15 00:00:00, 7.0, 18.5, 0.0
5.0, 5.0, 0.0, 1988-05-16 00:00:00, 10.0, 14.0, 0.0
0.8, 0.8, 0.0, 1988-05-17 00:00:00, 5.0, 15.0, 0.0
0.0, 0.0, 0.0, 1988-05-18 00:00:00, 7.0, None, 0.0
0.0, 0.0, 0.0, 1988-05-19 00:00:00, 5.0, None, 0.0
0.0, 0.0, 0.0, 1988-05-20 00:00:00, None, 21.5, 0.0
0.0, 0.0, 0.0, 1988-05-21 00:00:00, 7.0, 24.5, 0.0
0.0, 0.0, 0.0, 1988-05-22 00:00:00, 12.0, 24.0, 0.0
0.0, 0.0, 0.0, 1988-05-23 00:00:00, None, None, 0.0
0.0, 0.0, 0.0, 1988-05-24 00:00:00, 7.0, 21.5, 0.0
0.0, 0.0, 0.0, 1988-05-25 00:00:00, 10.0, 23.0, 0.0
0.0, 0.0, 0.0, 1988-05-26 00:00:00, 9.0, 24.0, 0.0
3.8, 3.8, 0.0, 1988-05-27 00:00:00, 11.0, 22.0, 0.0
4.4, 4.4, 0.0, 1988-05-28 00:00:00, 11.5, 13.0, 0.0
0.0, 0.0, 0.0, 1988-05-29 00:00:00, 6.5, 16.5, 0.0
0.0, 0.0, 0.0, 1988-05-30 00:00:00, 7.0, 19.5, 0.0
1.0, 1.0, 0.0, 1988-05-31 00:00:00, 8.0, 14.5, 0.0
2.6, 2.6, 0.0, 1988-06-01 00:00:00, 8.0, 14.0, 0.0
10.0, 10.0, 0.0, 1988-06-02 00:00:00, 4.5, 13.0, 0.0
0.0, 0.0, 0.0, 1988-06-03 00:00:00, 5.5, 21.5, 0.0
1.4, 1.4, 0.0, 1988-06-04 00:00:00, 9.5, None, 0.0
2.0, 2.0, 0.0, 1988-06-05 00:00:00, None, 13.0, 0.0
4.6, 4.6, 0.0, 1988-06-06 00:00:00, 10.0, 19.0, 0.0
3.2, 3.2, 0.0, 1988-06-07 00:00:00, 11.5, 18.0, 0.0
0.0, 0.0, 0.0, 1988-06-08 00:00:00, 10.0, 19.5, 0.0
0.0, 0.0, 0.0, 1988-06-09 00:00:00, 9.5, 22.0, 0.0
1.0, 1.0, 0.0, 1988-06-10 00:00:00, 12.5, 20.5, 0.0
0.0, 0.0, 0.0, 1988-06-11 00:00:00, 10.0, 20.0, 0.0
0.0, 0.0, 0.0, 1988-06-12 00:00:00, 11.0, 23.0, 0.0
0.0, 0.0, 0.0, 1988-06-13 00:00:00, 12.5, 25.0, 0.0
0.0, 0.0, 0.0, 1988-06-14 00:00:00, 11.5, 28.5, 0.0
0.0, 0.0, 0.0, 1988-06-15 00:00:00, 15.0, 31.5, 0.0
0.0, 0.0, 0.0, 1988-06-16 00:00:00, 15.0, 31.0, 0.0
0.0, 0.0, 0.0, 1988-06-17 00:00:00, 15.5, None, 0.0
0.0, 0.0, 0.0, 1988-06-18 00:00:00, 18.0, 26.5, 0.0
0.0, 0.0, 0.0, 1988-06-19 00:00:00, 11.0, 26.0, 0.0
0.0, 0.0, 0.0, 1988-06-20 00:00:00, None, 28.0, 0.0
1.4, 1.4, 0.0, 1988-06-21 00:00:00, 15.5, 26.0, 0.0
0.0, 0.0, 0.0, 1988-06-22 00:00:00, 16.5, None, 0.0
0.0, 0.0, 0.0, 1988-06-23 00:00:00, 16.5, 26.0, 0.0
0.0, 0.0, 0.0, 1988-06-24 00:00:00, 11.5, 26.0, 0.0
0.0, 0.0, 0.0, 1988-06-25 00:00:00, 13.0, 30.5, 0.0
4.8, 4.8, 0.0, 1988-06-26 00:00:00, 17.5, 26.5, 0.0
0.0, 0.0, 0.0, 1988-06-27 00:00:00, 12.5, 26.0, 0.0
16.0, 16.0, 0.0, 1988-06-28 00:00:00, 10.0, 21.0, 0.0
6.0, 6.0, 0.0, 1988-06-29 00:00:00, 9.5, 14.0, 0.0
0.0, 0.0, 0.0, 1988-06-30 00:00:00, 7.5, 20.0, 0.0
