station_observations
ONE_DAY_PRECIPITATION, ONE_DAY_RAIN, ONE_DAY_SNOW, time, MIN_TEMP, MAX_TEMP
0.5, 0.5, 0.0, 1974-05-01 00:00:00, 7.2, 13.3
0.0, 0.0, 0.0, 1974-05-02 00:00:00, 1.1, 16.1
0.0, 0.0, 0.0, 1974-05-03 00:00:00, -0.6, 19.4
0.0, 0.0, 0.0, 1974-05-04 00:00:00, 2.2, 21.7
0.8, 0.8, 0.0, 1974-05-05 00:00:00, 7.2, 18.3
3.6, 3.6, 0.0, 1974-05-06 00:00:00, 8.3, 21.1
0.0, 0.0, 0.0, 1974-05-07 00:00:00, 8.9, 20.0
0.0, 0.0, 0.0, 1974-05-08 00:00:00, 4.4, 18.3
0.0, 0.0, 0.0, 1974-05-09 00:00:00, 7.2, 15.6
0.0, 0.0, 0.0, 1974-05-10 00:00:00, 9.4, 14.4
1.0, 1.0, 0.0, 1974-05-11 00:00:00, -0.6, 10.6
0.8, 0.8, 0.0, 1974-05-12 00:00:00, 5.6, 11.1
1.8, 1.8, 0.0, 1974-05-13 00:00:00, 7.2, 11.7
1.0, 1.0, 0.0, 1974-05-14 00:00:00, 4.4, 10.0
0.5, 0.5, 0.0, 1974-05-15 00:00:00, 1.7, 11.7
0.0, 0.0, 0.0, 1974-05-16 00:00:00, 2.2, 16.1
0.0, 0.0, 0.0, 1974-05-17 00:00:00, 2.2, 18.3
0.8, 0.8, 0.0, 1974-05-18 00:00:00, 6.1, 18.3
0.0, 0.0, 0.0, 1974-05-19 00:00:00, 7.2, 17.2
0.0, 0.0, 0.0, 1974-05-20 00:00:00, 1.1, 21.1
0.0, 0.0, 0.0, 1974-05-21 00:00:00, 3.9, 23.3
7.9, 7.9, 0.0, 1974-05-22 00:00:00, 6.1, 23.9
1.8, 1.8, 0.0, 1974-05-23 00:00:00, 6.1, 16.1
6.6, 6.6, 0.0, 1974-05-24 00:00:00, 8.3, 20.0
2.3, 2.3, 0.0, 1974-05-25 00:00:00, 10.0, 19.4
0.0, 0.0, 0.0, 1974-05-26 00:00:00, 8.3, 20.0
0.0, 0.0, 0.0, 1974-05-27 00:00:00, 7.2, 18.3
0.0, 0.0, 0.0, 1974-05-28 00:00:00, 2.8, 20.0
0.0, 0.0, 0.0, 1974-05-29 00:00:00, 2.8, 19.4
0.0, 0.0, 0.0, 1974-05-30 00:00:00, 7.2, 16.7
0.0, 0.0, 0.0, 1974-05-31 00:00:00, 2.8, 21.7
0.0, 0.0, 0.0, 1974-06-01 00:00:00, 8.9, 21.7
0.5, 0.5, 0.0, 1974-06-02 00:00:00, 11.7, 20.6
4.6, 4.6, 0.0, 1974-06-03 00:00:00, 11.7, 20.0
0.3, 0.3, 0.0, 1974-06-04 00:00:00, 8.9, 17.8
0.0, 0.0, 0.0, 1974-06-05 00:00:00, 5.6, 20.0
1.0, 1.0, 0.0, 1974-06-06 00:00:00, 12.2, 18.3
0.0, 0.0, 0.0, 1974-06-07 00:00:00, 8.9, 20.0
0.0, 0.0, 0.0, 1974-06-08 00:00:00, 5.0, 20.0
0.0, 0.0, 0.0, 1974-06-09 00:00:00, 4.4, 23.9
0.0, 0.0, 0.0, 1974-06-10 00:00:00, 5.6, 28.3
0.0, 0.0, 0.0, 1974-06-11 00:00:00, 12.2, 29.4
0.0, 0.0, 0.0, 1974-06-12 00:00:00, 9.4, 30.6
0.0, 0.0, 0.0, 1974-06-13 00:00:00, 10.0, 30.0
0.0, 0.0, 0.0, 1974-06-14 00:00:00, 8.3, 32.2
0.0, 0.0, 0.0, 1974-06-15 00:00:00, 11.1, 31.1
0.0, 0.0, 0.0, 1974-06-16 00:00:00, 12.8, 33.3
0.0, 0.0, 0.0, 1974-06-17 00:00:00, 12.8, 31.7
0.0, 0.0, 0.0, 1974-06-18 00:00:00, 10.0, 31.7
0.0, 0.0, 0.0, 1974-06-19 00:00:00, 10.0, 33.3
0.0, 0.0, 0.0, 1974-06-20 00:00:00, 15.0, 32.2
0.0, 0.0, 0.0, 1974-06-21 00:00:00, None, 31.7
1.0, 1.0, 0.0, 1974-06-22 00:00:00, 12.2, 28.3
0.0, 0.0, 0.0, 1974-06-23 00:00:00, 12.8, 27.8
0.0, 0.0, 0.0, 1974-06-24 00:00:00, 8.3, 25.0
0.0, 0.0, 0.0, 1974-06-25 00:00:00, 6.7, 26.7
0.0, 0.0, 0.0, 1974-06-26 00:00:00, 12.8, 23.9
0.0, 0.0, 0.0, 1974-06-27 00:00:00, 12.2, 23.3
0.0, 0.0, 0.0, 1974-06-28 00:00:00, 10.6, 21.7
0.0, 0.0, 0.0, 1974-06-29 00:00:00, 8.9, 28.3
0.0, 0.0, 0.0, 1974-06-30 00:00:00, 12.8, 28.9
7.1, 7.1, 0.0, 1974-07-01 00:00:00, 13.9, 21.1
0.0, 0.0, 0.0, 1974-07-02 00:00:00, 9.4, 23.3
9.7, 9.7, 0.0, 1974-07-03 00:00:00, 5.6, 14.4
0.0, 0.0, 0.0, 1974-07-04 00:00:00, 11.1, 23.3
0.0, 0.0, 0.0, 1974-07-05 00:00:00, 6.1, 23.3
0.0, 0.0, 0.0, 1974-07-06 00:00:00, 6.1, 25.6
0.8, 0.8, 0.0, 1974-07-07 00:00:00, 8.3, 24.4
4.1, 4.1, 0.0, 1974-07-08 00:00:00, 8.3, 21.1
3.6, 3.6, 0.0, 1974-07-09 00:00:00, 13.3, 19.4
5.3, 5.3, 0.0, 1974-07-10 00:00:00, 10.6, 23.3
0.0, 0.0, 0.0, 1974-07-11 00:00:00, 10.6, 21.1
0.0, 0.0, 0.0, 1974-07-12 00:00:00, 5.6, 22.8
0.0, 0.0, 0.0, 1974-07-13 00:00:00, 6.7, 27.2
0.0, 0.0, 0.0, 1974-07-14 00:00:00, 7.8, 31.1
5.8, 5.8, 0.0, 1974-07-15 00:00:00, 13.9, 26.7
1.5, 1.5, 0.0, 1974-07-16 00:00:00, 5.0, 20.0
3.8, 3.8, 0.0, 1974-07-17 00:00:00, 12.8, 18.9
0.3, 0.3, 0.0, 1974-07-18 00:00:00, 12.8, 27.2
0.0, 0.0, 0.0, 1974-07-19 00:00:00, 16.1, 27.8
0.0, 0.0, 0.0, 1974-07-20 00:00:00, 7.2, 27.2
0.0, 0.0, 0.0, 1974-07-21 00:00:00, 9.4, 27.8
0.0, 0.0, 0.0, 1974-07-22 00:00:00, 12.8, 28.3
0.0, 0.0, 0.0, 1974-07-23 00:00:00, 11.7, 27.2
0.0, 0.0, 0.0, 1974-07-24 00:00:00, 10.0, 29.4
0.0, 0.0, 0.0, 1974-07-25 00:00:00, 10.6, 25.6
0.0, 0.0, 0.0, 1974-07-26 00:00:00, 7.2, 30.6
0.0, 0.0, 0.0, 1974-07-27 00:00:00, 9.4, 30.6
0.0, 0.0, 0.0, 1974-07-28 00:00:00, 9.4, 33.3
0.0, 0.0, 0.0, 1974-07-29 00:00:00, 10.6, 35.0
0.0, 0.0, 0.0, 1974-07-30 00:00:00, 11.7, 34.4
0.0, 0.0, 0.0, 1974-07-31 00:00:00, 9.4, 34.4
0.0, 0.0, 0.0, 1974-08-01 00:00:00, 9.4, 35.6
0.8, 0.8, 0.0, 1974-08-02 00:00:00, 11.7, 34.4
0.0, 0.0, 0.0, 1974-08-03 00:00:00, 14.4, 35.0
0.0, 0.0, 0.0, 1974-08-04 00:00:00, 13.9, 35.0
0.0, 0.0, 0.0, 1974-08-05 00:00:00, 14.4, 31.7
0.5, 0.5, 0.0, 1974-08-06 00:00:00, 10.6, 27.8
1.0, 1.0, 0.0, 1974-08-07 00:00:00, 12.2, 26.7
0.0, 0.0, 0.0, 1974-08-08 00:00:00, 6.7, 26.1
0.0, 0.0, 0.0, 1974-08-09 00:00:00, 7.8, 28.9
0.5, 0.5, 0.0, 1974-08-10 00:00:00, 12.8, 23.9
0.0, 0.0, 0.0, 1974-08-11 00:00:00, 12.2, 23.9
8.4, 8.4, 0.0, 1974-08-12 00:00:00, 11.7, 17.2
0.3, 0.3, 0.0, 1974-08-13 00:00:00, 11.1, 23.9
0.0, 0.0, 0.0, 1974-08-14 00:00:00, 7.2, 26.1
0.0, 0.0, 0.0, 1974-08-15 00:00:00, 9.4, 28.3
0.0, 0.0, 0.0, 1974-08-16 00:00:00, 12.8, 30.0
0.0, 0.0, 0.0, 1974-08-17 00:00:00, 9.4, 31.7
0.0, 0.0, 0.0, 1974-08-18 00:00:00, 7.8, 27.8
0.0, 0.0, 0.0, 1974-08-19 00:00:00, 12.8, 26.1
0.0, 0.0, 0.0, 1974-08-20 00:00:00, 10.0, 25.6
0.0, 0.0, 0.0, 1974-08-21 00:00:00, 7.8, 26.1
0.5, 0.5, 0.0, 1974-08-22 00:00:00, 7.2, 27.8
7.4, 7.4, 0.0, 1974-08-23 00:00:00, 15.6, 23.3
0.0, 0.0, 0.0, 1974-08-24 00:00:00, 12.8, 25.0
0.0, 0.0, 0.0, 1974-08-25 00:00:00, 11.7, 27.2
0.0, 0.0, 0.0, 1974-08-26 00:00:00, 9.4, 28.3
0.0, 0.0, 0.0, 1974-08-27 00:00:00, 8.9, 29.4
0.0, 0.0, 0.0, 1974-08-28 00:00:00, 8.9, 30.6
0.0, 0.0, 0.0, 1974-08-29 00:00:00, 9.4, 32.2
0.0, 0.0, 0.0, 1974-08-30 00:00:00, 9.4, 32.2
0.0, 0.0, 0.0, 1974-08-31 00:00:00, 9.4, 30.6
0.0, 0.0, 0.0, 1974-09-01 00:00:00, 16.7, 28.3
0.0, 0.0, 0.0, 1974-09-02 00:00:00, 5.6, 28.9
0.0, 0.0, 0.0, 1974-09-03 00:00:00, 5.0, 28.9
0.5, 0.5, 0.0, 1974-09-04 00:00:00, 8.9, 27.8
0.0, 0.0, 0.0, 1974-09-05 00:00:00, 11.7, 26.7
0.0, 0.0, 0.0, 1974-09-06 00:00:00, 12.2, 26.1
0.0, 0.0, 0.0, 1974-09-07 00:00:00, 10.0, 25.0
1.3, 1.3, 0.0, 1974-09-08 00:00:00, 6.7, 23.9
2.0, 2.0, 0.0, 1974-09-09 00:00:00, 13.9, 23.3
0.5, 0.5, 0.0, 1974-09-10 00:00:00, 11.1, 19.4
0.0, 0.0, 0.0, 1974-09-11 00:00:00, 6.7, 20.0
0.0, 0.0, 0.0, 1974-09-12 00:00:00, 0.0, 21.1
0.0, 0.0, 0.0, 1974-09-13 00:00:00, 2.2, 24.4
0.0, 0.0, 0.0, 1974-09-14 00:00:00, 4.4, 25.0
0.0, 0.0, 0.0, 1974-09-15 00:00:00, 6.1, 26.7
0.0, 0.0, 0.0, 1974-09-16 00:00:00, 3.3, 28.3
0.0, 0.0, 0.0, 1974-09-17 00:00:00, 4.4, 28.3
0.0, 0.0, 0.0, 1974-09-18 00:00:00, 7.8, 26.1
0.0, 0.0, 0.0, 1974-09-19 00:00:00, 2.2, 24.4
0.0, 0.0, 0.0, 1974-09-20 00:00:00, 2.8, 25.6
0.0, 0.0, 0.0, 1974-09-21 00:00:00, 2.2, 25.6
0.0, 0.0, 0.0, 1974-09-22 00:00:00, 1.7, 26.1
0.0, 0.0, 0.0, 1974-09-23 00:00:00, 2.2, 27.2
0.0, 0.0, 0.0, 1974-09-24 00:00:00, 3.3, 25.0
0.0, 0.0, 0.0, 1974-09-25 00:00:00, 2.8, 28.9
0.0, 0.0, 0.0, 1974-09-26 00:00:00, 13.3, 17.8
0.0, 0.0, 0.0, 1974-09-27 00:00:00, 0.6, 16.1
0.5, 0.5, 0.0, 1974-09-28 00:00:00, 6.7, 16.1
0.0, 0.0, 0.0, 1974-09-29 00:00:00, -2.2, 15.6
0.8, 0.8, 0.0, 1974-09-30 00:00:00, 1.1, 17.8
1.8, 1.8, 0.0, 1974-10-01 00:00:00, 6.1, 17.2
0.0, 0.0, 0.0, 1974-10-02 00:00:00, 10.6, 18.9
1.8, 1.8, 0.0, 1974-10-03 00:00:00, 10.0, 17.2
0.0, 0.0, 0.0, 1974-10-04 00:00:00, 3.9, 12.8
0.0, 0.0, 0.0, 1974-10-05 00:00:00, -6.1, 11.7
0.0, 0.0, 0.0, 1974-10-06 00:00:00, -3.9, 11.1
0.0, 0.0, 0.0, 1974-10-07 00:00:00, -0.6, 16.7
0.0, 0.0, 0.0, 1974-10-08 00:00:00, -2.2, 17.2
0.0, 0.0, 0.0, 1974-10-09 00:00:00, -1.7, 17.8
0.0, 0.0, 0.0, 1974-10-10 00:00:00, 1.1, 12.2
0.0, 0.0, 0.0, 1974-10-11 00:00:00, 0.0, 16.7
0.0, 0.0, 0.0, 1974-10-12 00:00:00, 3.9, 20.6
0.0, 0.0, 0.0, 1974-10-13 00:00:00, -2.8, 16.1
0.0, 0.0, 0.0, 1974-10-14 00:00:00, -4.4, 15.0
0.0, 0.0, 0.0, 1974-10-15 00:00:00, 2.2, 13.3
0.0, 0.0, 0.0, 1974-10-16 00:00:00, -1.1, 19.4
0.0, 0.0, 0.0, 1974-10-17 00:00:00, 2.8, 21.1
0.0, 0.0, 0.0, 1974-10-18 00:00:00, -0.6, 17.8
0.0, 0.0, 0.0, 1974-10-19 00:00:00, -2.2, 17.8
0.0, 0.0, 0.0, 1974-10-20 00:00:00, 0.0, 14.4
0.0, 0.0, 0.0, 1974-10-21 00:00:00, -3.3, 15.6
0.0, 0.0, 0.0, 1974-10-22 00:00:00, -5.0, 13.9
0.0, 0.0, 0.0, 1974-10-23 00:00:00, -2.8, 15.0
0.0, 0.0, 0.0, 1974-10-24 00:00:00, -5.0, 13.9
0.0, 0.0, 0.0, 1974-10-25 00:00:00, -5.0, 13.3
0.0, 0.0, 0.0, 1974-10-26 00:00:00, 0.0, 15.0
0.0, 0.0, 0.0, 1974-10-27 00:00:00, 1.7, 11.7
1.0, 1.0, 0.0, 1974-10-28 00:00:00, 1.7, 14.4
0.0, 0.0, 0.0, 1974-10-29 00:00:00, 1.7, 13.9
0.0, 0.0, 0.0, 1974-10-30 00:00:00, -3.3, 10.0
1.3, 1.3, 0.0, 1974-10-31 00:00:00, -3.3, 7.2
1.5, 1.5, 0.0, 1974-11-01 00:00:00, 3.9, 8.3
0.0, 0.0, 0.0, 1974-11-02 00:00:00, 4.4, 9.4
0.0, 0.0, 0.0, 1974-11-03 00:00:00, 0.6, 11.7
2.5, 2.5, 0.0, 1974-11-04 00:00:00, -2.2, 9.4
0.5, 0.5, 0.0, 1974-11-05 00:00:00, 2.8, 10.0
2.0, 2.0, 0.0, 1974-11-06 00:00:00, 3.3, 11.1
0.8, 0.8, 0.0, 1974-11-07 00:00:00, 3.3, 7.2
0.8, 0.8, 0.0, 1974-11-08 00:00:00, -2.8, 7.8
4.1, 4.1, 0.0, 1974-11-09 00:00:00, 1.1, 10.0
0.3, 0.3, 0.0, 1974-11-10 00:00:00, 0.0, 10.0
19.8, 19.8, 0.0, 1974-11-11 00:00:00, -1.7, 3.9
0.3, 0.3, 0.0, 1974-11-12 00:00:00, 0.6, 4.4
0.5, 0.5, 0.0, 1974-11-13 00:00:00, -1.7, 3.3
0.0, 0.0, 0.0, 1974-11-14 00:00:00, -1.1, 3.9
0.0, 0.0, 0.0, 1974-11-15 00:00:00, 1.7, 4.4
0.0, 0.0, 0.0, 1974-11-16 00:00:00, 1.1, 7.2
2.5, 2.5, 0.0, 1974-11-17 00:00:00, 1.7, 4.4
0.3, 0.3, 0.0, 1974-11-18 00:00:00, 0.6, 6.1
2.8, 2.8, 0.0, 1974-11-19 00:00:00, 3.3, 6.1
9.1, 9.1, 0.0, 1974-11-20 00:00:00, 1.7, 10.0
0.3, 0.3, 0.0, 1974-11-21 00:00:00, 0.0, 4.4
1.0, 0.0, 1.0, 1974-11-22 00:00:00, -7.8, -0.6
0.0, 0.0, 0.0, 1974-11-23 00:00:00, -7.8, 1.1
2.0, 2.0, 0.0, 1974-11-24 00:00:00, -6.7, 9.4
1.0, 1.0, 0.0, 1974-11-25 00:00:00, 0.6, 6.7
0.0, 0.0, 0.0, 1974-11-26 00:00:00, -4.4, 2.2
0.0, 0.0, 0.0, 1974-11-27 00:00:00, -2.8, 5.6
0.0, 0.0, 0.0, 1974-11-28 00:00:00, -6.7, 3.3
0.0, 0.0, 0.0, 1974-11-29 00:00:00, -4.4, 2.8
0.0, 0.0, 0.0, 1974-11-30 00:00:00, -5.0, 1.7
0.3, 0.3, 0.0, 1974-12-01 00:00:00, -0.6, 4.4
1.0, 1.0, 0.0, 1974-12-02 00:00:00, -1.1, 4.4
1.0, 1.0, 0.0, 1974-12-03 00:00:00, -0.6, 5.0
3.3, 3.3, 0.0, 1974-12-04 00:00:00, 0.6, 6.1
1.5, 1.5, 0.0, 1974-12-05 00:00:00, 0.0, 7.2
3.3, 3.3, 0.0, 1974-12-06 00:00:00, 0.6, 4.4
0.0, 0.0, 0.0, 1974-12-07 00:00:00, 2.2, 4.4
0.0, 0.0, 0.0, 1974-12-08 00:00:00, 2.8, 6.1
0.8, 0.8, 0.0, 1974-12-09 00:00:00, 1.7, 6.1
16.3, 10.2, 6.1, 1974-12-10 00:00:00, -0.6, 3.9
1.0, 1.0, 0.0, 1974-12-11 00:00:00, 0.0, 6.7
4.3, 0.0, 4.3, 1974-12-12 00:00:00, -6.1, 0.0
9.1, 0.0, 9.1, 1974-12-13 00:00:00, -6.1, 2.2
0.3, 0.0, 0.3, 1974-12-14 00:00:00, -8.3, 1.7
5.1, 0.0, 5.1, 1974-12-15 00:00:00, -6.1, 2.8
1.3, 1.3, 0.0, 1974-12-16 00:00:00, 0.0, 5.0
3.8, 0.8, 3.0, 1974-12-17 00:00:00, -2.2, 2.8
3.6, 0.0, 3.6, 1974-12-18 00:00:00, -1.7, 0.6
2.8, 1.5, 1.3, 1974-12-19 00:00:00, -3.3, 2.2
6.1, 6.1, 0.0, 1974-12-20 00:00:00, -1.7, 3.3
4.6, 1.0, 3.6, 1974-12-21 00:00:00, 0.0, 6.7
0.0, 0.0, 0.0, 1974-12-22 00:00:00, -6.1, 0.6
0.0, 0.0, 0.0, 1974-12-23 00:00:00, -15.0, -5.6
0.0, 0.0, 0.0, 1974-12-24 00:00:00, -13.3, 0.6
1.0, 0.0, 1.0, 1974-12-25 00:00:00, -6.1, 1.1
7.6, 0.0, 7.6, 1974-12-26 00:00:00, -5.6, 2.2
0.0, 0.0, 0.0, 1974-12-27 00:00:00, -0.6, 1.1
0.0, 0.0, 0.0, 1974-12-28 00:00:00, -12.2, -1.1
1.5, 0.0, 1.5, 1974-12-29 00:00:00, -10.0, 0.6
0.0, 0.0, 0.0, 1974-12-30 00:00:00, -10.0, 0.6
0.0, 0.0, 0.0, 1974-12-31 00:00:00, -11.1, -1.1
0.0, 0.0, 0.0, 1975-01-01 00:00:00, -7.2, 0.0
0.0, 0.0, 0.0, 1975-01-02 00:00:00, -11.7, 0.6
3.6, 0.0, 3.6, 1975-01-03 00:00:00, -5.0, 3.3
0.3, 0.0, 0.3, 1975-01-04 00:00:00, -5.0, 3.9
1.3, 0.0, 1.3, 1975-01-05 00:00:00, -5.6, 5.0
0.0, 0.0, 0.0, 1975-01-06 00:00:00, -3.3, 3.9
2.5, 0.0, 2.5, 1975-01-07 00:00:00, -14.4, -1.7
2.8, 0.0, 2.8, 1975-01-08 00:00:00, -6.1, 4.4
0.0, 0.0, 0.0, 1975-01-09 00:00:00, -8.9, -5.0
0.0, 0.0, 0.0, 1975-01-10 00:00:00, -19.4, -10.0
6.1, 0.0, 6.1, 1975-01-11 00:00:00, -27.8, -12.2
1.0, 0.0, 1.0, 1975-01-12 00:00:00, -16.7, -6.7
0.0, 0.0, 0.0, 1975-01-13 00:00:00, -13.3, -5.0
0.0, 0.0, 0.0, 1975-01-14 00:00:00, -12.8, -3.9
0.0, 0.0, 0.0, 1975-01-15 00:00:00, -13.3, -5.0
2.3, 0.0, 2.3, 1975-01-16 00:00:00, -10.0, -3.9
31.2, 0.0, 31.2, 1975-01-17 00:00:00, -6.1, -1.7
0.0, 0.0, 0.0, 1975-01-18 00:00:00, -5.6, 0.0
0.0, 0.0, 0.0, 1975-01-19 00:00:00, -2.2, 3.3
0.0, 0.0, 0.0, 1975-01-20 00:00:00, -4.4, 5.6
3.3, 0.0, 3.3, 1975-01-21 00:00:00, -9.4, -0.6
3.3, 0.0, 3.3, 1975-01-22 00:00:00, -2.2, 2.8
0.0, 0.0, 0.0, 1975-01-23 00:00:00, -3.3, 5.0
0.0, 0.0, 0.0, 1975-01-24 00:00:00, -5.0, 1.1
0.0, 0.0, 0.0, 1975-01-25 00:00:00, -6.7, 1.1
0.0, 0.0, 0.0, 1975-01-26 00:00:00, -13.9, -1.7
1.0, 0.0, 1.0, 1975-01-27 00:00:00, -17.2, -4.4
0.3, 0.0, 0.3, 1975-01-28 00:00:00, -11.1, -4.4
0.0, 0.0, 0.0, 1975-01-29 00:00:00, -15.6, -4.4
0.0, 0.0, 0.0, 1975-01-30 00:00:00, -15.6, -5.0
0.0, 0.0, 0.0, 1975-01-31 00:00:00, -12.2, -1.7
4.3, 0.0, 4.3, 1975-02-01 00:00:00, -5.6, -1.1
0.5, 0.0, 0.5, 1975-02-02 00:00:00, -6.7, -6.1
0.0, 0.0, 0.0, 1975-02-03 00:00:00, -12.2, -9.4
0.0, 0.0, 0.0, 1975-02-04 00:00:00, -18.3, -7.2
0.0, 0.0, 0.0, 1975-02-05 00:00:00, -22.2, -9.4
0.8, 0.0, 0.8, 1975-02-06 00:00:00, -24.4, -10.6
0.0, 0.0, 0.0, 1975-02-07 00:00:00, -13.3, -4.4
0.5, 0.0, 0.5, 1975-02-08 00:00:00, -24.4, -10.6
6.6, 0.0, 6.6, 1975-02-09 00:00:00, -22.8, -3.3
1.0, 0.0, 1.0, 1975-02-10 00:00:00, -8.3, -2.8
13.2, 0.0, 13.2, 1975-02-11 00:00:00, -13.9, -8.9
0.5, 0.0, 0.5, 1975-02-12 00:00:00, -11.1, -5.6
0.0, 0.0, 0.0, 1975-02-13 00:00:00, -9.4, -4.4
0.5, 0.0, 0.5, 1975-02-14 00:00:00, -12.2, -1.7
12.7, 0.0, 12.7, 1975-02-15 00:00:00, -16.7, -4.4
0.8, 0.0, 0.8, 1975-02-16 00:00:00, -14.4, -0.6
0.5, 0.0, 0.5, 1975-02-17 00:00:00, -12.2, -1.1
0.3, 0.0, 0.3, 1975-02-18 00:00:00, -10.6, 2.8
8.1, 0.0, 8.1, 1975-02-19 00:00:00, -2.8, 2.8
0.0, 0.0, 0.0, 1975-02-20 00:00:00, -6.7, 3.3
2.0, 0.0, 2.0, 1975-02-21 00:00:00, -15.0, -2.2
0.0, 0.0, 0.0, 1975-02-22 00:00:00, -7.2, 0.6
0.3, 0.0, 0.3, 1975-02-23 00:00:00, -10.6, 3.9
0.0, 0.0, 0.0, 1975-02-24 00:00:00, -4.4, 6.7
0.0, 0.0, 0.0, 1975-02-25 00:00:00, -15.0, 1.1
0.0, 0.0, 0.0, 1975-02-26 00:00:00, -13.9, 0.0
0.3, 0.0, 0.3, 1975-02-27 00:00:00, -14.4, 2.8
2.3, 2.3, 0.0, 1975-02-28 00:00:00, -2.2, 4.4
9.1, 9.1, 0.0, 1975-03-01 00:00:00, 0.6, 3.9
2.0, 2.0, 0.0, 1975-03-02 00:00:00, 0.6, 6.1
0.5, 0.5, 0.0, 1975-03-03 00:00:00, 0.6, 6.7
0.0, 0.0, 0.0, 1975-03-04 00:00:00, -2.8, 3.3
0.0, 0.0, 0.0, 1975-03-05 00:00:00, -11.1, 4.4
0.0, 0.0, 0.0, 1975-03-06 00:00:00, -13.9, 2.2
0.5, 0.0, 0.5, 1975-03-07 00:00:00, -13.9, 3.3
10.9, 0.0, 10.9, 1975-03-08 00:00:00, -6.7, 2.8
0.8, 0.5, 0.3, 1975-03-09 00:00:00, -0.6, 4.4
0.3, 0.3, 0.0, 1975-03-10 00:00:00, -1.1, 2.8
0.0, 0.0, 0.0, 1975-03-11 00:00:00, -3.3, 4.4
0.0, 0.0, 0.0, 1975-03-12 00:00:00, -10.0, 1.1
0.0, 0.0, 0.0, 1975-03-13 00:00:00, -1.7, 6.1
0.0, 0.0, 0.0, 1975-03-14 00:00:00, -2.2, 6.1
2.8, 2.8, 0.0, 1975-03-15 00:00:00, 1.1, 6.7
0.0, 0.0, 0.0, 1975-03-16 00:00:00, 0.6, 7.8
0.3, 0.3, 0.0, 1975-03-17 00:00:00, -3.3, 4.4
3.6, 3.6, 0.0, 1975-03-18 00:00:00, -1.7, 8.3
0.5, 0.5, 0.0, 1975-03-19 00:00:00, -1.7, 7.2
0.0, 0.0, 0.0, 1975-03-20 00:00:00, -3.9, 6.7
0.3, 0.3, 0.0, 1975-03-21 00:00:00, -2.2, 6.7
1.3, 1.3, 0.0, 1975-03-22 00:00:00, -1.1, 6.1
0.3, 0.3, 0.0, 1975-03-23 00:00:00, -3.3, 8.3
0.0, 0.0, 0.0, 1975-03-24 00:00:00, -5.6, 5.6
0.0, 0.0, 0.0, 1975-03-25 00:00:00, -11.1, 5.6
0.0, 0.0, 0.0, 1975-03-26 00:00:00, -3.3, 5.0
0.0, 0.0, 0.0, 1975-03-27 00:00:00, -10.6, 6.1
0.3, 0.3, 0.0, 1975-03-28 00:00:00, -5.6, 5.0
1.0, 1.0, 0.0, 1975-03-29 00:00:00, 1.1, 10.6
0.0, 0.0, 0.0, 1975-03-30 00:00:00, 1.1, 6.7
0.0, 0.0, 0.0, 1975-03-31 00:00:00, -0.6, 7.2
0.3, 0.3, 0.0, 1975-04-01 00:00:00, -7.2, 6.7
3.6, 3.6, 0.0, 1975-04-02 00:00:00, 0.6, 4.4
0.0, 0.0, 0.0, 1975-04-03 00:00:00, -3.3, 5.6
0.0, 0.0, 0.0, 1975-04-04 00:00:00, -6.1, 9.4
0.0, 0.0, 0.0, 1975-04-05 00:00:00, -3.9, 10.6
0.0, 0.0, 0.0, 1975-04-06 00:00:00, -6.7, 11.7
0.0, 0.0, 0.0, 1975-04-07 00:00:00, -6.7, 12.8
0.5, 0.5, 0.0, 1975-04-08 00:00:00, -6.1, 15.6
0.5, 0.5, 0.0, 1975-04-09 00:00:00, -0.6, 10.0
0.0, 0.0, 0.0, 1975-04-10 00:00:00, -3.3, 16.7
0.0, 0.0, 0.0, 1975-04-11 00:00:00, -3.3, 17.8
0.0, 0.0, 0.0, 1975-04-12 00:00:00, -2.8, 16.7
0.0, 0.0, 0.0, 1975-04-13 00:00:00, 3.3, 16.1
0.0, 0.0, 0.0, 1975-04-14 00:00:00, 2.2, 17.8
0.0, 0.0, 0.0, 1975-04-15 00:00:00, 1.7, 18.9
0.0, 0.0, 0.0, 1975-04-16 00:00:00, 0.0, 15.0
0.0, 0.0, 0.0, 1975-04-17 00:00:00, -1.7, 17.8
0.0, 0.0, 0.0, 1975-04-18 00:00:00, 2.2, 18.3
0.0, 0.0, 0.0, 1975-04-19 00:00:00, 7.2, 15.6
0.0, 0.0, 0.0, 1975-04-20 00:00:00, -1.7, 12.2
0.0, 0.0, 0.0, 1975-04-21 00:00:00, -3.9, 13.9
1.5, 1.5, 0.0, 1975-04-22 00:00:00, -5.0, 15.0
0.0, 0.0, 0.0, 1975-04-23 00:00:00, 2.2, 11.1
11.4, 11.4, 0.0, 1975-04-24 00:00:00, 5.0, 10.6
0.8, 0.8, 0.0, 1975-04-25 00:00:00, 5.6, 11.7
0.0, 0.0, 0.0, 1975-04-26 00:00:00, 4.4, 16.7
0.0, 0.0, 0.0, 1975-04-27 00:00:00, 5.6, 11.7
0.0, 0.0, 0.0, 1975-04-28 00:00:00, -3.3, 15.0
0.0, 0.0, 0.0, 1975-04-29 00:00:00, -2.8, 16.7
0.0, 0.0, 0.0, 1975-04-30 00:00:00, -4.4, 18.3
0.0, 0.0, 0.0, 1975-05-01 00:00:00, 0.6, 22.8
0.5, 0.5, 0.0, 1975-05-02 00:00:00, 5.0, 16.1
11.4, 11.4, 0.0, 1975-05-03 00:00:00, 4.4, 10.0
0.5, 0.5, 0.0, 1975-05-04 00:00:00, 4.4, 12.8
0.0, 0.0, 0.0, 1975-05-05 00:00:00, 6.1, 13.9
0.0, 0.0, 0.0, 1975-05-06 00:00:00, 0.6, 19.4
0.0, 0.0, 0.0, 1975-05-07 00:00:00, 1.7, 22.2
0.0, 0.0, 0.0, 1975-05-08 00:00:00, 7.2, 23.9
0.0, 0.0, 0.0, 1975-05-09 00:00:00, 4.4, 24.4
0.0, 0.0, 0.0, 1975-05-10 00:00:00, 6.1, 26.1
0.0, 0.0, 0.0, 1975-05-11 00:00:00, 12.8, 21.1
0.0, 0.0, 0.0, 1975-05-12 00:00:00, 5.0, 20.6
0.0, 0.0, 0.0, 1975-05-13 00:00:00, 2.2, 23.3
0.0, 0.0, 0.0, 1975-05-14 00:00:00, 3.3, 26.1
1.5, 1.5, 0.0, 1975-05-15 00:00:00, 8.9, 20.0
0.0, 0.0, 0.0, 1975-05-16 00:00:00, 0.6, 20.6
0.0, 0.0, 0.0, 1975-05-17 00:00:00, 9.4, 19.4
1.3, 1.3, 0.0, 1975-05-18 00:00:00, 5.0, 17.8
0.0, 0.0, 0.0, 1975-05-19 00:00:00, 2.8, 12.8
0.0, 0.0, 0.0, 1975-05-20 00:00:00, -2.2, 20.0
0.5, 0.5, 0.0, 1975-05-21 00:00:00, 4.4, 21.7
5.3, 5.3, 0.0, 1975-05-22 00:00:00, 7.8, 18.9
0.8, 0.8, 0.0, 1975-05-23 00:00:00, 7.2, 16.7
0.0, 0.0, 0.0, 1975-05-24 00:00:00, 3.9, 12.2
0.0, 0.0, 0.0, 1975-05-25 00:00:00, 5.0, 16.1
0.0, 0.0, 0.0, 1975-05-26 00:00:00, 1.1, 20.0
0.0, 0.0, 0.0, 1975-05-27 00:00:00, 1.7, 21.7
0.0, 0.0, 0.0, 1975-05-28 00:00:00, 3.9, 25.6
0.0, 0.0, 0.0, 1975-05-29 00:00:00, 10.0, 25.6
0.0, 0.0, 0.0, 1975-05-30 00:00:00, 8.9, 26.7
0.0, 0.0, 0.0, 1975-05-31 00:00:00, 4.4, 28.9
0.8, 0.8, 0.0, 1975-06-01 00:00:00, 5.6, 28.3
7.1, 7.1, 0.0, 1975-06-02 00:00:00, 12.2, 20.0
4.1, 4.1, 0.0, 1975-06-03 00:00:00, 11.7, 21.1
0.3, 0.3, 0.0, 1975-06-04 00:00:00, 6.7, 18.3
0.0, 0.0, 0.0, 1975-06-05 00:00:00, 6.1, 23.9
0.0, 0.0, 0.0, 1975-06-06 00:00:00, 5.0, 21.7
0.8, 0.8, 0.0, 1975-06-07 00:00:00, 6.7, 19.4
0.0, 0.0, 0.0, 1975-06-08 00:00:00, 1.7, 20.6
0.0, 0.0, 0.0, 1975-06-09 00:00:00, 3.3, 24.4
0.0, 0.0, 0.0, 1975-06-10 00:00:00, 5.6, 26.7
0.0, 0.0, 0.0, 1975-06-11 00:00:00, 7.2, 28.9
1.5, 1.5, 0.0, 1975-06-12 00:00:00, 10.0, 27.2
3.0, 3.0, 0.0, 1975-06-13 00:00:00, 13.9, 21.7
0.0, 0.0, 0.0, 1975-06-14 00:00:00, 13.9, 22.8
2.0, 2.0, 0.0, 1975-06-15 00:00:00, 12.8, 21.7
4.6, 4.6, 0.0, 1975-06-16 00:00:00, 11.7, 21.1
0.0, 0.0, 0.0, 1975-06-17 00:00:00, 10.0, 23.9
0.0, 0.0, 0.0, 1975-06-18 00:00:00, 6.7, 26.7
0.0, 0.0, 0.0, 1975-06-19 00:00:00, 6.7, 28.3
0.5, 0.5, 0.0, 1975-06-20 00:00:00, 13.9, 27.2
0.0, 0.0, 0.0, 1975-06-21 00:00:00, 11.7, 24.4
2.8, 2.8, 0.0, 1975-06-22 00:00:00, 8.3, 22.8
0.0, 0.0, 0.0, 1975-06-23 00:00:00, 9.4, 23.9
2.3, 2.3, 0.0, 1975-06-24 00:00:00, 8.9, 24.4
2.5, 2.5, 0.0, 1975-06-25 00:00:00, 10.6, 19.4
0.0, 0.0, 0.0, 1975-06-26 00:00:00, 6.7, 19.4
2.5, 2.5, 0.0, 1975-06-27 00:00:00, 9.4, 17.8
0.8, 0.8, 0.0, 1975-06-28 00:00:00, 8.3, 16.1
0.0, 0.0, 0.0, 1975-06-29 00:00:00, 4.4, 21.7
0.0, 0.0, 0.0, 1975-06-30 00:00:00, 4.4, 27.8
0.0, 0.0, 0.0, 1975-07-01 00:00:00, 6.1, 30.0
0.0, 0.0, 0.0, 1975-07-02 00:00:00, 13.9, 31.1
0.0, 0.0, 0.0, 1975-07-03 00:00:00, 5.0, 32.8
0.0, 0.0, 0.0, 1975-07-04 00:00:00, 12.8, 35.6
0.0, 0.0, 0.0, 1975-07-05 00:00:00, 13.3, 38.3
0.0, 0.0, 0.0, 1975-07-06 00:00:00, 13.9, 33.9
0.0, 0.0, 0.0, 1975-07-07 00:00:00, 18.3, 26.7
0.0, 0.0, 0.0, 1975-07-08 00:00:00, 13.9, 32.2
0.0, 0.0, 0.0, 1975-07-09 00:00:00, 15.0, 36.7
0.0, 0.0, 0.0, 1975-07-10 00:00:00, 15.6, 35.6
6.1, 6.1, 0.0, 1975-07-11 00:00:00, 17.2, 32.8
0.0, 0.0, 0.0, 1975-07-12 00:00:00, 16.7, 31.7
0.0, 0.0, 0.0, 1975-07-13 00:00:00, 17.8, 27.2
7.6, 7.6, 0.0, 1975-07-14 00:00:00, 15.6, 31.1
0.8, 0.8, 0.0, 1975-07-15 00:00:00, 15.6, 23.9
0.0, 0.0, 0.0, 1975-07-16 00:00:00, 14.4, 25.6
0.0, 0.0, 0.0, 1975-07-17 00:00:00, 13.3, 25.0
0.0, 0.0, 0.0, 1975-07-18 00:00:00, 10.0, 24.4
0.0, 0.0, 0.0, 1975-07-19 00:00:00, 13.9, 28.9
0.0, 0.0, 0.0, 1975-07-20 00:00:00, 11.1, 28.3
0.0, 0.0, 0.0, 1975-07-21 00:00:00, 10.0, 28.9
0.0, 0.0, 0.0, 1975-07-22 00:00:00, 9.4, 27.8
0.0, 0.0, 0.0, 1975-07-23 00:00:00, 7.8, 31.7
0.0, 0.0, 0.0, 1975-07-24 00:00:00, 14.4, 27.2
0.0, 0.0, 0.0, 1975-07-25 00:00:00, 11.7, 30.6
0.0, 0.0, 0.0, 1975-07-26 00:00:00, 12.8, 33.9
1.5, 1.5, 0.0, 1975-07-27 00:00:00, 12.8, 36.7
1.8, 1.8, 0.0, 1975-07-28 00:00:00, 17.8, 23.3
0.0, 0.0, 0.0, 1975-07-29 00:00:00, 11.7, 27.8
0.0, 0.0, 0.0, 1975-07-30 00:00:00, 6.7, 26.1
0.0, 0.0, 0.0, 1975-07-31 00:00:00, 10.6, 25.0
0.0, 0.0, 0.0, 1975-08-01 00:00:00, 10.0, 25.6
0.0, 0.0, 0.0, 1975-08-02 00:00:00, 15.0, 23.9
0.0, 0.0, 0.0, 1975-08-03 00:00:00, 13.9, 23.3
1.0, 1.0, 0.0, 1975-08-04 00:00:00, 7.8, 31.7
0.0, 0.0, 0.0, 1975-08-05 00:00:00, 13.9, 28.3
0.0, 0.0, 0.0, 1975-08-06 00:00:00, 8.9, 26.7
7.9, 7.9, 0.0, 1975-08-07 00:00:00, 3.3, 23.9
0.0, 0.0, 0.0, 1975-08-08 00:00:00, 10.6, 22.8
0.0, 0.0, 0.0, 1975-08-09 00:00:00, 6.7, 24.4
0.0, 0.0, 0.0, 1975-08-10 00:00:00, 11.1, 25.0
0.0, 0.0, 0.0, 1975-08-11 00:00:00, 11.1, 25.0
0.0, 0.0, 0.0, 1975-08-12 00:00:00, 4.4, 26.1
0.0, 0.0, 0.0, 1975-08-13 00:00:00, 5.0, 29.4
0.0, 0.0, 0.0, 1975-08-14 00:00:00, 7.2, 31.1
0.0, 0.0, 0.0, 1975-08-15 00:00:00, 8.3, 30.6
4.6, 4.6, 0.0, 1975-08-16 00:00:00, 13.3, 27.2
0.5, 0.5, 0.0, 1975-08-17 00:00:00, 13.9, 25.6
2.0, 2.0, 0.0, 1975-08-18 00:00:00, 9.4, 21.7
0.0, 0.0, 0.0, 1975-08-19 00:00:00, 14.4, 25.0
0.0, 0.0, 0.0, 1975-08-20 00:00:00, 11.1, 26.1
0.0, 0.0, 0.0, 1975-08-21 00:00:00, 9.4, 27.2
5.1, 5.1, 0.0, 1975-08-22 00:00:00, 11.1, 20.6
3.8, 3.8, 0.0, 1975-08-23 00:00:00, 8.9, 18.3
0.0, 0.0, 0.0, 1975-08-24 00:00:00, 7.2, 23.3
3.6, 3.6, 0.0, 1975-08-25 00:00:00, 8.9, 20.6
4.6, 4.6, 0.0, 1975-08-26 00:00:00, 11.1, 16.1
11.2, 11.2, 0.0, 1975-08-27 00:00:00, 9.4, 16.7
2.0, 2.0, 0.0, 1975-08-28 00:00:00, 11.1, 20.6
2.3, 2.3, 0.0, 1975-08-29 00:00:00, 11.7, 19.4
0.0, 0.0, 0.0, 1975-08-30 00:00:00, 6.1, 20.6
0.8, 0.8, 0.0, 1975-08-31 00:00:00, 3.9, 20.6
1.3, 1.3, 0.0, 1975-09-01 00:00:00, 9.4, 20.0
1.0, 1.0, 0.0, 1975-09-02 00:00:00, 11.1, 19.4
0.5, 0.5, 0.0, 1975-09-03 00:00:00, 8.3, 20.0
0.0, 0.0, 0.0, 1975-09-04 00:00:00, 3.3, 22.2
0.0, 0.0, 0.0, 1975-09-05 00:00:00, 5.0, 26.7
0.0, 0.0, 0.0, 1975-09-06 00:00:00, 6.1, 26.7
0.0, 0.0, 0.0, 1975-09-07 00:00:00, 10.0, 29.4
0.0, 0.0, 0.0, 1975-09-08 00:00:00, 2.8, 25.6
0.0, 0.0, 0.0, 1975-09-09 00:00:00, 2.2, 25.0
0.0, 0.0, 0.0, 1975-09-10 00:00:00, 3.3, 24.4
0.0, 0.0, 0.0, 1975-09-11 00:00:00, 4.4, 23.9
0.0, 0.0, 0.0, 1975-09-12 00:00:00, 2.2, 25.6
0.0, 0.0, 0.0, 1975-09-13 00:00:00, 4.4, 26.1
0.0, 0.0, 0.0, 1975-09-14 00:00:00, 5.6, 27.8
0.5, 0.5, 0.0, 1975-09-15 00:00:00, 5.0, 27.2
3.3, 3.3, 0.0, 1975-09-16 00:00:00, 13.9, 21.7
0.0, 0.0, 0.0, 1975-09-17 00:00:00, 8.9, 18.3
0.0, 0.0, 0.0, 1975-09-18 00:00:00, 0.6, 21.1
0.0, 0.0, 0.0, 1975-09-19 00:00:00, 0.6, 22.2
0.0, 0.0, 0.0, 1975-09-20 00:00:00, 1.7, 20.0
0.0, 0.0, 0.0, 1975-09-21 00:00:00, 2.8, 24.4
0.0, 0.0, 0.0, 1975-09-22 00:00:00, 3.3, 25.6
0.0, 0.0, 0.0, 1975-09-23 00:00:00, 3.3, 25.0
0.0, 0.0, 0.0, 1975-09-24 00:00:00, 4.4, 24.4
0.0, 0.0, 0.0, 1975-09-25 00:00:00, 9.4, 22.8
0.0, 0.0, 0.0, 1975-09-26 00:00:00, 0.6, 21.7
0.0, 0.0, 0.0, 1975-09-27 00:00:00, 1.1, 20.6
0.0, 0.0, 0.0, 1975-09-28 00:00:00, 3.9, 22.2
0.0, 0.0, 0.0, 1975-09-29 00:00:00, 0.6, 21.1
0.0, 0.0, 0.0, 1975-09-30 00:00:00, 1.7, 21.7
0.0, 0.0, 0.0, 1975-10-01 00:00:00, 2.2, 22.8
0.0, 0.0, 0.0, 1975-10-02 00:00:00, 5.0, 23.3
3.8, 3.8, 0.0, 1975-10-03 00:00:00, 11.7, 21.7
0.0, 0.0, 0.0, 1975-10-04 00:00:00, 11.1, 18.3
4.6, 4.6, 0.0, 1975-10-05 00:00:00, 6.1, 12.2
0.0, 0.0, 0.0, 1975-10-06 00:00:00, 0.6, 13.9
0.0, 0.0, 0.0, 1975-10-07 00:00:00, 0.6, 14.4
0.0, 0.0, 0.0, 1975-10-08 00:00:00, -2.2, 14.4
1.5, 1.5, 0.0, 1975-10-09 00:00:00, 3.3, 12.2
0.0, 0.0, 0.0, 1975-10-10 00:00:00, 6.7, 13.3
0.0, 0.0, 0.0, 1975-10-11 00:00:00, 6.7, 16.1
0.0, 0.0, 0.0, 1975-10-12 00:00:00, 0.0, 16.1
0.0, 0.0, 0.0, 1975-10-13 00:00:00, -1.1, 16.1
0.8, 0.8, 0.0, 1975-10-14 00:00:00, 1.1, 15.6
2.0, 2.0, 0.0, 1975-10-15 00:00:00, 6.1, 16.7
0.0, 0.0, 0.0, 1975-10-16 00:00:00, 5.6, 13.3
0.0, 0.0, 0.0, 1975-10-17 00:00:00, 7.8, 13.3
0.0, 0.0, 0.0, 1975-10-18 00:00:00, 9.4, 14.4
0.0, 0.0, 0.0, 1975-10-19 00:00:00, 6.1, 14.4
0.0, 0.0, 0.0, 1975-10-20 00:00:00, 1.1, 13.9
0.0, 0.0, 0.0, 1975-10-21 00:00:00, -1.1, 9.4
0.0, 0.0, 0.0, 1975-10-22 00:00:00, -2.8, 9.4
0.0, 0.0, 0.0, 1975-10-23 00:00:00, -7.2, 8.3
0.0, 0.0, 0.0, 1975-10-24 00:00:00, -3.9, 8.3
4.3, 4.3, 0.0, 1975-10-25 00:00:00, 2.2, 6.1
0.0, 0.0, 0.0, 1975-10-26 00:00:00, 0.6, 8.9
1.0, 1.0, 0.0, 1975-10-27 00:00:00, 2.8, 6.7
0.5, 0.5, 0.0, 1975-10-28 00:00:00, 2.2, 9.4
4.8, 4.8, 0.0, 1975-10-29 00:00:00, 2.8, 7.2
3.3, 3.3, 0.0, 1975-10-30 00:00:00, 3.3, 9.4
0.0, 0.0, 0.0, 1975-10-31 00:00:00, 4.4, 11.1
0.0, 0.0, 0.0, 1975-11-01 00:00:00, 7.2, 14.4
0.0, 0.0, 0.0, 1975-11-02 00:00:00, 0.6, 12.8
0.0, 0.0, 0.0, 1975-11-03 00:00:00, 7.2, 17.8
0.0, 0.0, 0.0, 1975-11-04 00:00:00, 10.0, 19.4
1.3, 1.3, 0.0, 1975-11-05 00:00:00, 5.6, 15.0
1.0, 1.0, 0.0, 1975-11-06 00:00:00, 1.7, 8.3
0.0, 0.0, 0.0, 1975-11-07 00:00:00, 0.6, 8.3
0.0, 0.0, 0.0, 1975-11-08 00:00:00, 0.0, 7.2
0.8, 0.8, 0.0, 1975-11-09 00:00:00, -4.4, 5.0
0.0, 0.0, 0.0, 1975-11-10 00:00:00, -2.2, 4.4
0.0, 0.0, 0.0, 1975-11-11 00:00:00, -6.7, 4.4
0.0, 0.0, 0.0, 1975-11-12 00:00:00, -5.6, 5.6
1.0, 1.0, 0.0, 1975-11-13 00:00:00, -2.8, 11.7
1.5, 1.5, 0.0, 1975-11-14 00:00:00, 1.7, 15.0
1.0, 1.0, 0.0, 1975-11-15 00:00:00, 1.7, 11.7
1.0, 1.0, 0.0, 1975-11-16 00:00:00, -0.6, 3.3
0.0, 0.0, 0.0, 1975-11-17 00:00:00, -3.9, 6.7
0.0, 0.0, 0.0, 1975-11-18 00:00:00, -6.7, 2.2
0.0, 0.0, 0.0, 1975-11-19 00:00:00, -9.4, -1.1
0.0, 0.0, 0.0, 1975-11-20 00:00:00, -11.1, 1.1
0.0, 0.0, 0.0, 1975-11-21 00:00:00, -11.1, -0.6
3.0, 0.0, 3.0, 1975-11-22 00:00:00, -3.9, 0.0
2.5, 0.0, 2.5, 1975-11-23 00:00:00, -8.3, 1.7
0.0, 0.0, 0.0, 1975-11-24 00:00:00, -0.6, 6.1
9.1, 0.0, 9.1, 1975-11-25 00:00:00, -6.7, 1.1
0.0, 0.0, 0.0, 1975-11-26 00:00:00, -2.2, 1.1
0.0, 0.0, 0.0, 1975-11-27 00:00:00, -11.7, -2.8
0.0, 0.0, 0.0, 1975-11-28 00:00:00, -11.7, -6.7
7.4, 0.0, 7.4, 1975-11-29 00:00:00, -11.7, -8.3
9.1, 0.0, 9.1, 1975-11-30 00:00:00, -10.0, -6.1
0.0, 0.0, 0.0, 1975-12-01 00:00:00, -9.4, -2.2
0.0, 0.0, 0.0, 1975-12-02 00:00:00, -5.6, 11.1
0.0, 0.0, 0.0, 1975-12-03 00:00:00, 5.6, 11.7
0.0, 0.0, 0.0, 1975-12-04 00:00:00, 2.2, 7.2
0.0, 0.0, 0.0, 1975-12-05 00:00:00, -4.4, 3.3
0.0, 0.0, 0.0, 1975-12-06 00:00:00, -6.7, 1.1
0.0, 0.0, 0.0, 1975-12-07 00:00:00, -3.9, 3.9
0.0, 0.0, 0.0, 1975-12-08 00:00:00, 1.7, 5.0
0.0, 0.0, 0.0, 1975-12-09 00:00:00, 2.2, 6.7
0.0, 0.0, 0.0, 1975-12-10 00:00:00, -1.1, 3.9
0.0, 0.0, 0.0, 1975-12-11 00:00:00, -7.2, -3.3
0.5, 0.0, 0.5, 1975-12-12 00:00:00, -12.2, -5.6
0.0, 0.0, 0.0, 1975-12-13 00:00:00, -11.1, -1.1
3.6, 0.0, 3.6, 1975-12-14 00:00:00, -8.9, -1.1
0.0, 0.0, 0.0, 1975-12-15 00:00:00, -7.2, -1.1
0.0, 0.0, 0.0, 1975-12-16 00:00:00, -8.3, -2.8
0.0, 0.0, 0.0, 1975-12-17 00:00:00, -3.9, -1.1
0.0, 0.0, 0.0, 1975-12-18 00:00:00, -5.0, 2.2
0.0, 0.0, 0.0, 1975-12-19 00:00:00, -9.4, -1.1
0.0, 0.0, 0.0, 1975-12-20 00:00:00, -9.4, -1.1
0.0, 0.0, 0.0, 1975-12-21 00:00:00, -11.1, -1.7
5.1, 0.0, 5.1, 1975-12-22 00:00:00, -6.1, -0.6
7.1, 0.0, 7.1, 1975-12-23 00:00:00, -2.2, 1.7
0.0, 0.0, 0.0, 1975-12-24 00:00:00, -1.1, 2.8
0.0, 0.0, 0.0, 1975-12-25 00:00:00, -1.1, 1.7
0.0, 0.0, 0.0, 1975-12-26 00:00:00, 0.0, 5.6
6.4, 0.0, 6.4, 1975-12-27 00:00:00, -2.2, 6.1
1.0, 0.0, 1.0, 1975-12-28 00:00:00, -5.6, 2.8
0.0, 0.0, 0.0, 1975-12-29 00:00:00, -0.6, 5.0
0.0, 0.0, 0.0, 1975-12-30 00:00:00, 0.6, 4.4
0.0, 0.0, 0.0, 1975-12-31 00:00:00, -11.1, -0.6
0.0, 0.0, 0.0, 1976-01-01 00:00:00, -11.7, 0.0
3.3, 0.0, 3.3, 1976-01-02 00:00:00, -14.4, -2.8
3.8, 0.0, 3.8, 1976-01-03 00:00:00, -5.6, -1.7
8.1, 0.0, 8.1, 1976-01-04 00:00:00, -3.9, 0.6
0.0, 0.0, 0.0, 1976-01-05 00:00:00, -11.7, 0.0
0.0, 0.0, 0.0, 1976-01-06 00:00:00, -10.0, 0.0
7.9, 0.0, 7.9, 1976-01-07 00:00:00, -14.4, -4.4
0.0, 0.0, 0.0, 1976-01-08 00:00:00, -10.6, -1.7
0.0, 0.0, 0.0, 1976-01-09 00:00:00, -6.7, 2.2
0.0, 0.0, 0.0, 1976-01-10 00:00:00, -8.3, 3.3
0.0, 0.0, 0.0, 1976-01-11 00:00:00, -6.7, 4.4
0.0, 0.0, 0.0, 1976-01-12 00:00:00, -5.6, -1.1
4.8, 0.0, 4.8, 1976-01-13 00:00:00, -11.1, -2.8
0.0, 0.0, 0.0, 1976-01-14 00:00:00, -8.9, 0.6
0.0, 0.0, 0.0, 1976-01-15 00:00:00, -7.2, 2.2
0.0, 0.0, 0.0, 1976-01-16 00:00:00, -3.9, 3.9
0.0, 0.0, 0.0, 1976-01-17 00:00:00, 0.0, 5.6
0.0, 0.0, 0.0, 1976-01-18 00:00:00, -3.9, 6.1
0.0, 0.0, 0.0, 1976-01-19 00:00:00, -9.4, -3.3
0.0, 0.0, 0.0, 1976-01-20 00:00:00, -9.4, -1.7
2.0, 0.0, 2.0, 1976-01-21 00:00:00, -10.6, 3.3
0.0, 0.0, 0.0, 1976-01-22 00:00:00, -6.7, 2.8
0.0, 0.0, 0.0, 1976-01-23 00:00:00, -7.2, 2.2
0.5, 0.0, 0.5, 1976-01-24 00:00:00, -11.7, -1.1
0.0, 0.0, 0.0, 1976-01-25 00:00:00, -11.1, -1.7
0.0, 0.0, 0.0, 1976-01-26 00:00:00, -9.4, 3.3
0.0, 0.0, 0.0, 1976-01-27 00:00:00, -1.1, 10.6
0.0, 0.0, 0.0, 1976-01-28 00:00:00, -1.1, 8.3
0.0, 0.0, 0.0, 1976-01-29 00:00:00, -1.1, 6.7
0.0, 0.0, 0.0, 1976-01-30 00:00:00, -1.1, 0.6
0.0, 0.0, 0.0, 1976-01-31 00:00:00, -1.1, 1.7
0.0, 0.0, 0.0, 1976-02-01 00:00:00, -5.6, 3.3
0.0, 0.0, 0.0, 1976-02-02 00:00:00, -1.7, 3.3
0.0, 0.0, 0.0, 1976-02-03 00:00:00, -2.8, 2.8
0.0, 0.0, 0.0, 1976-02-04 00:00:00, -11.1, -1.7
0.0, 0.0, 0.0, 1976-02-05 00:00:00, -15.6, -3.3
0.0, 0.0, 0.0, 1976-02-06 00:00:00, -14.4, -1.7
0.0, 0.0, 0.0, 1976-02-07 00:00:00, -13.3, 1.7
0.0, 0.0, 0.0, 1976-02-08 00:00:00, -2.8, 5.0
0.0, 0.0, 0.0, 1976-02-09 00:00:00, 1.7, 6.1
0.0, 0.0, 0.0, 1976-02-10 00:00:00, 4.4, 8.3
3.8, 3.8, 0.0, 1976-02-11 00:00:00, 1.7, 6.1
1.5, 0.0, 1.5, 1976-02-12 00:00:00, -1.1, 3.3
1.3, 0.0, 1.3, 1976-02-13 00:00:00, -3.3, 3.3
0.0, 0.0, 0.0, 1976-02-14 00:00:00, -5.6, 5.0
2.5, 0.0, 2.5, 1976-02-15 00:00:00, -5.6, 6.1
1.3, 1.3, 0.0, 1976-02-16 00:00:00, 0.0, 7.2
1.3, 0.0, 1.3, 1976-02-17 00:00:00, -3.3, 5.0
0.0, 0.0, 0.0, 1976-02-18 00:00:00, -0.6, 7.2
0.0, 0.0, 0.0, 1976-02-19 00:00:00, -6.7, 2.2
0.0, 0.0, 0.0, 1976-02-20 00:00:00, -7.8, 3.9
0.0, 0.0, 0.0, 1976-02-21 00:00:00, -1.1, 4.4
0.0, 0.0, 0.0, 1976-02-22 00:00:00, -5.6, 6.7
0.0, 0.0, 0.0, 1976-02-23 00:00:00, -2.8, 11.1
0.0, 0.0, 0.0, 1976-02-24 00:00:00, -2.2, 8.9
2.5, 0.0, 2.5, 1976-02-25 00:00:00, -3.9, 3.9
1.3, 0.0, 1.3, 1976-02-26 00:00:00, -1.1, 4.4
3.0, 0.0, 3.0, 1976-02-27 00:00:00, -3.9, 0.0
0.0, 0.0, 0.0, 1976-02-28 00:00:00, -9.4, -5.6
0.0, 0.0, 0.0, 1976-02-29 00:00:00, -11.1, -1.7
0.0, 0.0, 0.0, 1976-03-01 00:00:00, -8.9, -1.7
0.0, 0.0, 0.0, 1976-03-02 00:00:00, -11.7, -8.9
0.0, 0.0, 0.0, 1976-03-03 00:00:00, -20.6, -9.4
0.0, 0.0, 0.0, 1976-03-04 00:00:00, -18.9, -4.4
0.0, 0.0, 0.0, 1976-03-05 00:00:00, -13.3, -2.8
2.0, 0.0, 2.0, 1976-03-06 00:00:00, -8.3, 1.7
0.0, 0.0, 0.0, 1976-03-07 00:00:00, -2.2, 5.6
0.0, 0.0, 0.0, 1976-03-08 00:00:00, -2.2, 7.2
0.0, 0.0, 0.0, 1976-03-09 00:00:00, -1.7, 6.7
0.0, 0.0, 0.0, 1976-03-10 00:00:00, -1.1, 10.0
0.0, 0.0, 0.0, 1976-03-11 00:00:00, -1.1, 5.6
0.0, 0.0, 0.0, 1976-03-12 00:00:00, -3.9, 7.8
0.0, 0.0, 0.0, 1976-03-13 00:00:00, -5.0, 7.2
0.0, 0.0, 0.0, 1976-03-14 00:00:00, -7.8, 6.7
0.0, 0.0, 0.0, 1976-03-15 00:00:00, -6.7, 5.0
0.8, 0.8, 0.0, 1976-03-16 00:00:00, -1.1, 7.2
0.0, 0.0, 0.0, 1976-03-17 00:00:00, -1.7, 11.1
4.6, 4.6, 0.0, 1976-03-18 00:00:00, 1.7, 9.4
1.0, 1.0, 0.0, 1976-03-19 00:00:00, 0.0, 9.4
0.5, 0.5, 0.0, 1976-03-20 00:00:00, -1.1, 6.7
0.0, 0.0, 0.0, 1976-03-21 00:00:00, -1.1, 10.0
0.0, 0.0, 0.0, 1976-03-22 00:00:00, -1.1, 8.9
0.8, 0.0, 0.8, 1976-03-23 00:00:00, -1.1, 10.0
2.5, 2.0, 0.5, 1976-03-24 00:00:00, 0.0, 9.4
0.0, 0.0, 0.0, 1976-03-25 00:00:00, 0.0, 9.4
3.3, 0.0, 3.3, 1976-03-26 00:00:00, 0.0, 8.9
0.0, 0.0, 0.0, 1976-03-27 00:00:00, 0.0, 10.0
0.0, 0.0, 0.0, 1976-03-28 00:00:00, -5.6, 7.2
0.0, 0.0, 0.0, 1976-03-29 00:00:00, -3.9, 7.8
0.8, 0.8, 0.0, 1976-03-30 00:00:00, -1.1, 11.7
0.5, 0.5, 0.0, 1976-03-31 00:00:00, 2.8, 7.8
0.0, 0.0, 0.0, 1976-04-01 00:00:00, -7.2, 10.6
0.0, 0.0, 0.0, 1976-04-02 00:00:00, -6.7, 10.0
0.0, 0.0, 0.0, 1976-04-03 00:00:00, -3.9, 14.4
0.0, 0.0, 0.0, 1976-04-04 00:00:00, 1.7, 16.7
0.0, 0.0, 0.0, 1976-04-05 00:00:00, -3.3, 19.4
0.0, 0.0, 0.0, 1976-04-06 00:00:00, -1.1, 15.6
0.0, 0.0, 0.0, 1976-04-07 00:00:00, 1.7, 16.7
0.0, 0.0, 0.0, 1976-04-08 00:00:00, 1.1, 17.8
0.0, 0.0, 0.0, 1976-04-09 00:00:00, 6.1, 14.4
0.0, 0.0, 0.0, 1976-04-10 00:00:00, 0.6, 17.8
0.0, 0.0, 0.0, 1976-04-11 00:00:00, 1.7, 17.8
0.0, 0.0, 0.0, 1976-04-12 00:00:00, 1.1, 16.1
0.0, 0.0, 0.0, 1976-04-13 00:00:00, 0.0, 16.7
6.4, 6.4, 0.0, 1976-04-14 00:00:00, 0.6, 9.4
0.0, 0.0, 0.0, 1976-04-15 00:00:00, 2.2, 6.1
0.0, 0.0, 0.0, 1976-04-16 00:00:00, 0.0, 9.4
0.5, 0.5, 0.0, 1976-04-17 00:00:00, 0.6, 13.3
0.0, 0.0, 0.0, 1976-04-18 00:00:00, 3.3, 12.2
0.0, 0.0, 0.0, 1976-04-19 00:00:00, 3.9, 15.6
0.5, 0.5, 0.0, 1976-04-20 00:00:00, 5.0, 13.9
0.0, 0.0, 0.0, 1976-04-21 00:00:00, -1.1, 12.2
0.0, 0.0, 0.0, 1976-04-22 00:00:00, 1.7, 13.9
6.4, 6.4, 0.0, 1976-04-23 00:00:00, -1.1, 14.4
5.3, 5.3, 0.0, 1976-04-24 00:00:00, 5.6, 10.6
0.0, 0.0, 0.0, 1976-04-25 00:00:00, -1.7, 12.8
0.5, 0.5, 0.0, 1976-04-26 00:00:00, 1.1, 16.1
0.0, 0.0, 0.0, 1976-04-27 00:00:00, 1.1, 21.7
0.0, 0.0, 0.0, 1976-04-28 00:00:00, 1.1, 20.6
0.0, 0.0, 0.0, 1976-04-29 00:00:00, -1.1, 21.1
0.0, 0.0, 0.0, 1976-04-30 00:00:00, -0.6, 22.8
0.0, 0.0, 0.0, 1976-05-01 00:00:00, 3.3, 18.9
0.5, 0.5, 0.0, 1976-05-02 00:00:00, 1.7, 22.8
0.0, 0.0, 0.0, 1976-05-03 00:00:00, 0.6, 21.7
0.8, 0.8, 0.0, 1976-05-04 00:00:00, 2.2, 22.8
1.8, 1.8, 0.0, 1976-05-05 00:00:00, 8.9, 15.6
0.0, 0.0, 0.0, 1976-05-06 00:00:00, 3.9, 21.1
0.0, 0.0, 0.0, 1976-05-07 00:00:00, 3.3, 24.4
0.0, 0.0, 0.0, 1976-05-08 00:00:00, 7.8, 25.6
0.0, 0.0, 0.0, 1976-05-09 00:00:00, 6.7, 26.1
3.6, 3.6, 0.0, 1976-05-10 00:00:00, 5.6, 17.8
0.0, 0.0, 0.0, 1976-05-11 00:00:00, 9.4, 17.8
0.0, 0.0, 0.0, 1976-05-12 00:00:00, 2.2, 13.9
1.8, 1.8, 0.0, 1976-05-13 00:00:00, 8.9, 16.7
0.0, 0.0, 0.0, 1976-05-14 00:00:00, 3.3, 18.9
0.0, 0.0, 0.0, 1976-05-15 00:00:00, 0.6, 22.8
4.1, 4.1, 0.0, 1976-05-16 00:00:00, 5.6, 27.8
0.0, 0.0, 0.0, 1976-05-17 00:00:00, 7.2, 16.7
0.0, 0.0, 0.0, 1976-05-18 00:00:00, -0.6, 18.3
3.0, 3.0, 0.0, 1976-05-19 00:00:00, -1.1, 20.0
0.0, 0.0, 0.0, 1976-05-20 00:00:00, 8.3, 20.0
0.0, 0.0, 0.0, 1976-05-21 00:00:00, 2.2, 21.7
0.0, 0.0, 0.0, 1976-05-22 00:00:00, 8.9, 25.6
5.6, 5.6, 0.0, 1976-05-23 00:00:00, 8.9, 18.9
5.8, 5.8, 0.0, 1976-05-24 00:00:00, 5.6, 17.2
1.0, 1.0, 0.0, 1976-05-25 00:00:00, 5.6, 16.7
0.0, 0.0, 0.0, 1976-05-26 00:00:00, 7.2, 14.4
12.4, 12.4, 0.0, 1976-05-27 00:00:00, 7.8, 13.9
0.3, 0.3, 0.0, 1976-05-28 00:00:00, 0.0, 15.0
1.0, 1.0, 0.0, 1976-05-29 00:00:00, 2.2, 15.0
2.8, 2.8, 0.0, 1976-05-30 00:00:00, 5.6, 11.7
5.6, 5.6, 0.0, 1976-05-31 00:00:00, 5.0, 15.6
0.0, 0.0, 0.0, 1976-06-01 00:00:00, 2.2, 16.1
0.0, 0.0, 0.0, 1976-06-02 00:00:00, 5.0, 15.6
0.0, 0.0, 0.0, 1976-06-03 00:00:00, 5.6, 16.1
1.5, 1.5, 0.0, 1976-06-04 00:00:00, 1.7, 19.4
0.0, 0.0, 0.0, 1976-06-05 00:00:00, 6.1, 21.1
1.3, 1.3, 0.0, 1976-06-06 00:00:00, 3.9, 25.0
0.0, 0.0, 0.0, 1976-06-07 00:00:00, 7.2, 26.1
0.0, 0.0, 0.0, 1976-06-08 00:00:00, 11.1, 23.9
0.0, 0.0, 0.0, 1976-06-09 00:00:00, 13.9, 24.4
0.0, 0.0, 0.0, 1976-06-10 00:00:00, 6.7, 22.2
0.0, 0.0, 0.0, 1976-06-11 00:00:00, 2.8, 17.2
0.0, 0.0, 0.0, 1976-06-12 00:00:00, 4.4, 15.0
0.0, 0.0, 0.0, 1976-06-13 00:00:00, 4.4, 21.1
7.6, 7.6, 0.0, 1976-06-14 00:00:00, 3.3, 23.9
12.4, 12.4, 0.0, 1976-06-15 00:00:00, 11.7, 15.0
0.0, 0.0, 0.0, 1976-06-16 00:00:00, 12.2, 20.0
0.0, 0.0, 0.0, 1976-06-17 00:00:00, 6.1, 26.1
0.5, 0.5, 0.0, 1976-06-18 00:00:00, 8.9, 28.3
5.1, 5.1, 0.0, 1976-06-19 00:00:00, 11.7, 21.7
0.0, 0.0, 0.0, 1976-06-20 00:00:00, 5.6, 21.7
9.1, 9.1, 0.0, 1976-06-21 00:00:00, 4.4, 23.3
9.7, 9.7, 0.0, 1976-06-22 00:00:00, 9.4, 13.9
0.5, 0.5, 0.0, 1976-06-23 00:00:00, 10.0, 22.2
0.0, 0.0, 0.0, 1976-06-24 00:00:00, 8.9, 18.3
0.0, 0.0, 0.0, 1976-06-25 00:00:00, 8.9, 16.7
0.0, 0.0, 0.0, 1976-06-26 00:00:00, 5.6, 21.1
0.0, 0.0, 0.0, 1976-06-27 00:00:00, 4.4, 25.6
0.0, 0.0, 0.0, 1976-06-28 00:00:00, 7.2, 27.8
1.8, 1.8, 0.0, 1976-06-29 00:00:00, 9.4, 28.9
0.0, 0.0, 0.0, 1976-06-30 00:00:00, 15.0, 23.9
3.6, 3.6, 0.0, 1976-07-01 00:00:00, 11.1, 17.8
0.0, 0.0, 0.0, 1976-07-02 00:00:00, 6.1, 20.0
1.8, 1.8, 0.0, 1976-07-03 00:00:00, 7.2, 18.9
0.0, 0.0, 0.0, 1976-07-04 00:00:00, 11.1, 25.6
0.0, 0.0, 0.0, 1976-07-05 00:00:00, 10.6, 27.2
2.5, 2.5, 0.0, 1976-07-06 00:00:00, 13.3, 29.4
1.3, 1.3, 0.0, 1976-07-07 00:00:00, 14.4, 26.1
0.0, 0.0, 0.0, 1976-07-08 00:00:00, 15.0, 27.2
0.0, 0.0, 0.0, 1976-07-09 00:00:00, 12.8, 24.4
0.0, 0.0, 0.0, 1976-07-10 00:00:00, 7.8, 25.0
1.3, 1.3, 0.0, 1976-07-11 00:00:00, 11.7, 26.1
0.0, 0.0, 0.0, 1976-07-12 00:00:00, 11.7, 25.0
0.0, 0.0, 0.0, 1976-07-13 00:00:00, 10.0, 24.4
0.0, 0.0, 0.0, 1976-07-14 00:00:00, 7.8, 23.3
0.0, 0.0, 0.0, 1976-07-15 00:00:00, 7.2, 30.0
0.0, 0.0, 0.0, 1976-07-16 00:00:00, 10.0, 34.4
0.0, 0.0, 0.0, 1976-07-17 00:00:00, 12.8, 32.2
0.0, 0.0, 0.0, 1976-07-18 00:00:00, 8.9, 30.0
0.0, 0.0, 0.0, 1976-07-19 00:00:00, 11.1, 32.8
0.5, 0.5, 0.0, 1976-07-20 00:00:00, 13.3, 26.1
0.0, 0.0, 0.0, 1976-07-21 00:00:00, 12.8, 21.7
0.0, 0.0, 0.0, 1976-07-22 00:00:00, 5.6, 21.7
0.0, 0.0, 0.0, 1976-07-23 00:00:00, 13.3, 30.6
0.0, 0.0, 0.0, 1976-07-24 00:00:00, 14.4, 30.0
0.0, 0.0, 0.0, 1976-07-25 00:00:00, 8.9, 32.2
0.5, 0.5, 0.0, 1976-07-26 00:00:00, 12.2, 23.3
0.0, 0.0, 0.0, 1976-07-27 00:00:00, 4.4, 23.9
8.9, 8.9, 0.0, 1976-07-28 00:00:00, 7.2, 23.9
8.1, 8.1, 0.0, 1976-07-29 00:00:00, 14.4, 22.2
5.1, 5.1, 0.0, 1976-07-30 00:00:00, 13.9, 21.7
0.0, 0.0, 0.0, 1976-07-31 00:00:00, 13.3, 27.2
16.8, 16.8, 0.0, 1976-08-01 00:00:00, 11.7, 22.8
1.0, 1.0, 0.0, 1976-08-02 00:00:00, 17.8, 23.3
1.3, 1.3, 0.0, 1976-08-03 00:00:00, 17.2, 24.4
5.6, 5.6, 0.0, 1976-08-04 00:00:00, 12.8, 27.8
12.2, 12.2, 0.0, 1976-08-05 00:00:00, 16.1, 22.8
3.0, 3.0, 0.0, 1976-08-06 00:00:00, 16.1, 28.9
1.3, 1.3, 0.0, 1976-08-07 00:00:00, 15.6, 22.2
3.0, 3.0, 0.0, 1976-08-08 00:00:00, 14.4, 21.7
0.0, 0.0, 0.0, 1976-08-09 00:00:00, 15.6, 24.4
0.0, 0.0, 0.0, 1976-08-10 00:00:00, 13.3, 26.7
0.0, 0.0, 0.0, 1976-08-11 00:00:00, 12.8, 26.7
0.0, 0.0, 0.0, 1976-08-12 00:00:00, 12.2, 28.9
6.9, 6.9, 0.0, 1976-08-13 00:00:00, 15.0, 23.3
2.5, 2.5, 0.0, 1976-08-14 00:00:00, 14.4, 17.8
2.8, 2.8, 0.0, 1976-08-15 00:00:00, 13.9, 18.3
14.5, 14.5, 0.0, 1976-08-16 00:00:00, 12.8, 15.0
1.8, 1.8, 0.0, 1976-08-17 00:00:00, 10.6, 17.8
0.0, 0.0, 0.0, 1976-08-18 00:00:00, 10.6, 23.9
11.4, 11.4, 0.0, 1976-08-19 00:00:00, 10.0, 15.6
0.8, 0.8, 0.0, 1976-08-20 00:00:00, 10.0, 21.7
0.0, 0.0, 0.0, 1976-08-21 00:00:00, 5.6, 21.1
0.0, 0.0, 0.0, 1976-08-22 00:00:00, 7.2, 21.1
4.3, 4.3, 0.0, 1976-08-23 00:00:00, 12.2, 23.9
13.7, 13.7, 0.0, 1976-08-24 00:00:00, 12.8, 24.4
6.9, 6.9, 0.0, 1976-08-25 00:00:00, 14.4, 18.9
4.6, 4.6, 0.0, 1976-08-26 00:00:00, 11.7, 19.4
3.0, 3.0, 0.0, 1976-08-27 00:00:00, 9.4, 16.7
0.0, 0.0, 0.0, 1976-08-28 00:00:00, 11.7, 21.1
0.0, 0.0, 0.0, 1976-08-29 00:00:00, 8.3, 23.9
0.0, 0.0, 0.0, 1976-08-30 00:00:00, 9.4, 26.7
0.0, 0.0, 0.0, 1976-08-31 00:00:00, 7.8, 26.7
0.0, 0.0, 0.0, 1976-09-01 00:00:00, 10.0, 27.2
0.0, 0.0, 0.0, 1976-09-02 00:00:00, 13.3, 22.2
0.5, 0.5, 0.0, 1976-09-03 00:00:00, 10.0, 18.9
0.5, 0.5, 0.0, 1976-09-04 00:00:00, 11.1, 19.4
2.8, 2.8, 0.0, 1976-09-05 00:00:00, 13.9, 16.7
2.8, 2.8, 0.0, 1976-09-06 00:00:00, 8.9, 14.4
0.0, 0.0, 0.0, 1976-09-07 00:00:00, 3.3, 16.7
0.0, 0.0, 0.0, 1976-09-08 00:00:00, 0.6, 18.9
0.0, 0.0, 0.0, 1976-09-09 00:00:00, 2.2, 20.6
0.0, 0.0, 0.0, 1976-09-10 00:00:00, 3.9, 21.7
3.0, 3.0, 0.0, 1976-09-11 00:00:00, 5.0, 20.6
0.0, 0.0, 0.0, 1976-09-12 00:00:00, 10.6, 21.1
0.0, 0.0, 0.0, 1976-09-13 00:00:00, 4.4, 22.8
0.0, 0.0, 0.0, 1976-09-14 00:00:00, 12.8, 20.6
0.0, 0.0, 0.0, 1976-09-15 00:00:00, 6.1, 21.7
0.0, 0.0, 0.0, 1976-09-16 00:00:00, 5.0, 22.8
0.0, 0.0, 0.0, 1976-09-17 00:00:00, 8.3, 25.0
0.0, 0.0, 0.0, 1976-09-18 00:00:00, 4.4, 23.3
0.0, 0.0, 0.0, 1976-09-19 00:00:00, 7.2, 23.3
0.0, 0.0, 0.0, 1976-09-20 00:00:00, 5.0, 23.9
0.0, 0.0, 0.0, 1976-09-21 00:00:00, 6.1, 24.4
0.0, 0.0, 0.0, 1976-09-22 00:00:00, 7.2, 22.2
0.0, 0.0, 0.0, 1976-09-23 00:00:00, 7.2, 22.8
0.0, 0.0, 0.0, 1976-09-24 00:00:00, 8.3, 21.7
0.0, 0.0, 0.0, 1976-09-25 00:00:00, 7.2, 20.6
0.0, 0.0, 0.0, 1976-09-26 00:00:00, 6.1, 20.0
0.0, 0.0, 0.0, 1976-09-27 00:00:00, 6.1, 22.2
0.0, 0.0, 0.0, 1976-09-28 00:00:00, 5.6, 23.3
0.0, 0.0, 0.0, 1976-09-29 00:00:00, 6.7, 24.4
0.0, 0.0, 0.0, 1976-09-30 00:00:00, 7.2, 22.8
0.0, 0.0, 0.0, 1976-10-01 00:00:00, -1.1, 20.6
1.3, 1.3, 0.0, 1976-10-02 00:00:00, 5.6, 18.9
0.0, 0.0, 0.0, 1976-10-03 00:00:00, 6.1, 15.0
5.1, 5.1, 0.0, 1976-10-04 00:00:00, -1.1, 15.0
5.6, 5.6, 0.0, 1976-10-05 00:00:00, 3.3, 9.4
0.0, 0.0, 0.0, 1976-10-06 00:00:00, 4.4, 12.8
0.0, 0.0, 0.0, 1976-10-07 00:00:00, 1.1, 14.4
0.0, 0.0, 0.0, 1976-10-08 00:00:00, 3.3, 12.8
4.3, 4.3, 0.0, 1976-10-09 00:00:00, 3.9, 15.0
1.0, 1.0, 0.0, 1976-10-10 00:00:00, 3.3, 15.6
0.0, 0.0, 0.0, 1976-10-11 00:00:00, 7.2, 16.1
0.0, 0.0, 0.0, 1976-10-12 00:00:00, 3.9, 16.1
0.0, 0.0, 0.0, 1976-10-13 00:00:00, 3.3, 22.8
0.0, 0.0, 0.0, 1976-10-14 00:00:00, -5.6, 12.2
0.0, 0.0, 0.0, 1976-10-15 00:00:00, -5.0, 11.7
0.0, 0.0, 0.0, 1976-10-16 00:00:00, -2.2, 13.9
0.0, 0.0, 0.0, 1976-10-17 00:00:00, -4.4, 12.2
0.0, 0.0, 0.0, 1976-10-18 00:00:00, -5.6, 10.6
0.0, 0.0, 0.0, 1976-10-19 00:00:00, -2.8, 9.4
0.0, 0.0, 0.0, 1976-10-20 00:00:00, -5.0, 5.0
0.0, 0.0, 0.0, 1976-10-21 00:00:00, -3.9, 6.1
0.0, 0.0, 0.0, 1976-10-22 00:00:00, -1.7, 9.4
0.0, 0.0, 0.0, 1976-10-23 00:00:00, -0.6, 10.6
8.4, 8.4, 0.0, 1976-10-24 00:00:00, 1.7, 8.9
0.0, 0.0, 0.0, 1976-10-25 00:00:00, 1.1, 10.0
0.0, 0.0, 0.0, 1976-10-26 00:00:00, 1.7, 10.6
0.0, 0.0, 0.0, 1976-10-27 00:00:00, 3.3, 12.8
1.3, 1.3, 0.0, 1976-10-28 00:00:00, 5.0, 10.6
0.0, 0.0, 0.0, 1976-10-29 00:00:00, 0.0, 12.8
3.0, 3.0, 0.0, 1976-10-30 00:00:00, -1.7, 7.8
0.5, 0.5, 0.0, 1976-10-31 00:00:00, 3.3, 11.7
0.0, 0.0, 0.0, 1976-11-01 00:00:00, 4.4, 12.8
0.0, 0.0, 0.0, 1976-11-02 00:00:00, -5.0, 10.0
0.0, 0.0, 0.0, 1976-11-03 00:00:00, -3.9, 10.0
0.8, 0.8, 0.0, 1976-11-04 00:00:00, -1.1, 10.0
0.5, 0.5, 0.0, 1976-11-05 00:00:00, 0.0, 9.4
0.0, 0.0, 0.0, 1976-11-06 00:00:00, 1.1, 10.0
0.0, 0.0, 0.0, 1976-11-07 00:00:00, 0.0, 7.2
0.0, 0.0, 0.0, 1976-11-08 00:00:00, 0.6, 10.0
0.0, 0.0, 0.0, 1976-11-09 00:00:00, 0.0, 6.1
0.0, 0.0, 0.0, 1976-11-10 00:00:00, 4.4, 7.2
0.0, 0.0, 0.0, 1976-11-11 00:00:00, 2.8, 5.0
0.0, 0.0, 0.0, 1976-11-12 00:00:00, 1.1, 4.4
0.0, 0.0, 0.0, 1976-11-13 00:00:00, -1.1, 2.2
0.0, 0.0, 0.0, 1976-11-14 00:00:00, -2.2, 4.4
5.1, 5.1, 0.0, 1976-11-15 00:00:00, -3.3, 6.7
4.8, 4.8, 0.0, 1976-11-16 00:00:00, -2.2, 6.1
0.8, 0.8, 0.0, 1976-11-17 00:00:00, 0.0, 14.4
0.0, 0.0, 0.0, 1976-11-18 00:00:00, -2.8, 5.6
0.0, 0.0, 0.0, 1976-11-19 00:00:00, -3.9, 7.8
0.0, 0.0, 0.0, 1976-11-20 00:00:00, -6.7, 3.3
0.0, 0.0, 0.0, 1976-11-21 00:00:00, -3.9, 2.8
0.0, 0.0, 0.0, 1976-11-22 00:00:00, -5.6, 3.9
0.8, 0.8, 0.0, 1976-11-23 00:00:00, -2.2, 4.4
1.0, 1.0, 0.0, 1976-11-24 00:00:00, 0.0, 6.1
0.0, 0.0, 0.0, 1976-11-25 00:00:00, 0.6, 5.0
0.0, 0.0, 0.0, 1976-11-26 00:00:00, -11.7, 3.3
0.0, 0.0, 0.0, 1976-11-27 00:00:00, -10.0, -0.6
0.5, 0.0, 0.5, 1976-11-28 00:00:00, -5.6, 0.6
0.0, 0.0, 0.0, 1976-11-29 00:00:00, -2.8, 1.7
0.0, 0.0, 0.0, 1976-11-30 00:00:00, -2.2, 2.2
0.0, 0.0, 0.0, 1976-12-01 00:00:00, -4.4, 3.9
0.0, 0.0, 0.0, 1976-12-02 00:00:00, -5.0, 3.3
0.0, 0.0, 0.0, 1976-12-03 00:00:00, -5.0, 2.2
0.0, 0.0, 0.0, 1976-12-04 00:00:00, -5.6, 1.7
0.0, 0.0, 0.0, 1976-12-05 00:00:00, -1.7, 1.1
3.3, 0.0, 3.3, 1976-12-06 00:00:00, -1.7, 3.9
0.0, 0.0, 0.0, 1976-12-07 00:00:00, 0.6, 7.8
3.3, 3.3, 0.0, 1976-12-08 00:00:00, -2.8, 5.0
0.0, 0.0, 0.0, 1976-12-09 00:00:00, -2.8, 8.3
0.0, 0.0, 0.0, 1976-12-10 00:00:00, -3.3, 5.6
0.0, 0.0, 0.0, 1976-12-11 00:00:00, -5.6, 2.8
0.0, 0.0, 0.0, 1976-12-12 00:00:00, -6.7, 6.7
0.0, 0.0, 0.0, 1976-12-13 00:00:00, -4.4, 5.6
0.0, 0.0, 0.0, 1976-12-14 00:00:00, -3.9, 6.1
0.0, 0.0, 0.0, 1976-12-15 00:00:00, 0.6, 8.9
0.0, 0.0, 0.0, 1976-12-16 00:00:00, -4.4, 6.7
0.0, 0.0, 0.0, 1976-12-17 00:00:00, 1.1, 7.2
0.0, 0.0, 0.0, 1976-12-18 00:00:00, -6.1, 5.6
0.0, 0.0, 0.0, 1976-12-19 00:00:00, -3.9, 0.6
0.0, 0.0, 0.0, 1976-12-20 00:00:00, -3.9, 2.2
0.5, 0.0, 0.5, 1976-12-21 00:00:00, -7.8, 0.0
0.0, 0.0, 0.0, 1976-12-22 00:00:00, -2.2, 1.1
4.1, 0.0, 4.1, 1976-12-23 00:00:00, -2.8, 1.7
0.5, 0.0, 0.5, 1976-12-24 00:00:00, -4.4, 1.1
14.5, 0.0, 14.5, 1976-12-25 00:00:00, -5.0, 2.8
1.3, 1.3, 0.0, 1976-12-26 00:00:00, 0.0, 5.0
0.0, 0.0, 0.0, 1976-12-27 00:00:00, -3.3, 1.7
0.0, 0.0, 0.0, 1976-12-28 00:00:00, -2.8, 0.6
0.0, 0.0, 0.0, 1976-12-29 00:00:00, -3.9, 0.0
0.0, 0.0, 0.0, 1976-12-30 00:00:00, -3.9, -1.1
0.0, 0.0, 0.0, 1976-12-31 00:00:00, -4.4, -2.2
0.0, 0.0, 0.0, 1977-01-01 00:00:00, -5.6, -1.7
0.0, 0.0, 0.0, 1977-01-02 00:00:00, -11.7, -5.0
0.0, 0.0, 0.0, 1977-01-03 00:00:00, -12.8, -3.9
0.0, 0.0, 0.0, 1977-01-04 00:00:00, -11.7, -4.4
0.0, 0.0, 0.0, 1977-01-05 00:00:00, -10.6, -5.0
0.0, 0.0, 0.0, 1977-01-06 00:00:00, -15.6, -5.0
0.0, 0.0, 0.0, 1977-01-07 00:00:00, -16.1, -3.3
0.0, 0.0, 0.0, 1977-01-08 00:00:00, -16.1, -3.3
0.0, 0.0, 0.0, 1977-01-09 00:00:00, -16.7, -2.8
0.0, 0.0, 0.0, 1977-01-10 00:00:00, -16.1, -3.3
1.3, 0.0, 1.3, 1977-01-11 00:00:00, -8.3, -5.0
0.0, 0.0, 0.0, 1977-01-12 00:00:00, -11.1, -2.8
0.0, 0.0, 0.0, 1977-01-13 00:00:00, -7.8, 0.6
3.0, 0.0, 3.0, 1977-01-14 00:00:00, -5.6, -1.1
0.0, 0.0, 0.0, 1977-01-15 00:00:00, -3.3, 0.6
9.1, 0.0, 9.1, 1977-01-16 00:00:00, -1.7, 0.6
0.0, 0.0, 0.0, 1977-01-17 00:00:00, -3.3, 4.4
5.8, 5.8, 0.0, 1977-01-18 00:00:00, -1.7, 5.0
0.0, 0.0, 0.0, 1977-01-19 00:00:00, -3.3, 2.2
0.0, 0.0, 0.0, 1977-01-20 00:00:00, -6.1, 0.6
0.0, 0.0, 0.0, 1977-01-21 00:00:00, -2.2, 2.2
0.0, 0.0, 0.0, 1977-01-22 00:00:00, -2.8, 1.1
0.0, 0.0, 0.0, 1977-01-23 00:00:00, -2.2, 1.1
0.0, 0.0, 0.0, 1977-01-24 00:00:00, -3.3, -1.1
0.0, 0.0, 0.0, 1977-01-25 00:00:00, -8.3, -0.6
0.0, 0.0, 0.0, 1977-01-26 00:00:00, -3.3, -1.1
0.0, 0.0, 0.0, 1977-01-27 00:00:00, -3.9, -1.7
0.0, 0.0, 0.0, 1977-01-28 00:00:00, -4.4, -1.7
0.0, 0.0, 0.0, 1977-01-29 00:00:00, -5.6, -2.8
0.0, 0.0, 0.0, 1977-01-30 00:00:00, -5.6, -1.7
0.0, 0.0, 0.0, 1977-01-31 00:00:00, -10.6, -0.6
0.0, 0.0, 0.0, 1977-02-01 00:00:00, -11.1, 1.7
0.0, 0.0, 0.0, 1977-02-02 00:00:00, -11.1, -0.6
0.0, 0.0, 0.0, 1977-02-03 00:00:00, -2.8, -0.6
0.0, 0.0, 0.0, 1977-02-04 00:00:00, -2.8, 1.1
0.0, 0.0, 0.0, 1977-02-05 00:00:00, -5.0, 0.6
0.0, 0.0, 0.0, 1977-02-06 00:00:00, -2.2, 0.0
0.0, 0.0, 0.0, 1977-02-07 00:00:00, -2.8, 0.0
0.0, 0.0, 0.0, 1977-02-08 00:00:00, -6.7, 3.9
0.0, 0.0, 0.0, 1977-02-09 00:00:00, -2.8, 7.2
0.0, 0.0, 0.0, 1977-02-10 00:00:00, -0.6, 8.9
17.8, 17.8, 0.0, 1977-02-11 00:00:00, 0.6, 6.1
0.0, 0.0, 0.0, 1977-02-12 00:00:00, 0.6, 7.2
0.0, 0.0, 0.0, 1977-02-13 00:00:00, -2.2, 1.1
0.0, 0.0, 0.0, 1977-02-14 00:00:00, -4.4, 1.1
0.0, 0.0, 0.0, 1977-02-15 00:00:00, -3.9, 7.8
0.0, 0.0, 0.0, 1977-02-16 00:00:00, -1.7, 13.9
0.0, 0.0, 0.0, 1977-02-17 00:00:00, -1.1, 11.1
0.0, 0.0, 0.0, 1977-02-18 00:00:00, -2.2, 2.2
0.0, 0.0, 0.0, 1977-02-19 00:00:00, -1.7, 1.7
12.7, 12.7, 0.0, 1977-02-20 00:00:00, -1.1, 2.2
0.0, 0.0, 0.0, 1977-02-21 00:00:00, -2.8, 5.0
0.0, 0.0, 0.0, 1977-02-22 00:00:00, -1.1, 8.9
0.0, 0.0, 0.0, 1977-02-23 00:00:00, 0.0, 8.3
0.0, 0.0, 0.0, 1977-02-24 00:00:00, -7.8, 2.2
0.0, 0.0, 0.0, 1977-02-25 00:00:00, -3.3, 4.4
3.0, 3.0, 0.0, 1977-02-26 00:00:00, -1.1, 10.0
0.0, 0.0, 0.0, 1977-02-27 00:00:00, 0.6, 9.4
0.8, 0.8, 0.0, 1977-02-28 00:00:00, -5.6, 3.3
0.0, 0.0, 0.0, 1977-03-01 00:00:00, 0.0, 6.1
0.0, 0.0, 0.0, 1977-03-02 00:00:00, -5.0, 6.1
0.0, 0.0, 0.0, 1977-03-03 00:00:00, -2.8, 6.1
0.0, 0.0, 0.0, 1977-03-04 00:00:00, -5.0, 7.2
0.0, 0.0, 0.0, 1977-03-05 00:00:00, -3.9, 12.8
0.0, 0.0, 0.0, 1977-03-06 00:00:00, 0.0, 10.0
0.0, 0.0, 0.0, 1977-03-07 00:00:00, 0.0, 13.3
1.3, 1.3, 0.0, 1977-03-08 00:00:00, 0.0, 10.6
2.8, 2.8, 0.0, 1977-03-09 00:00:00, 0.6, 7.8
0.0, 0.0, 0.0, 1977-03-10 00:00:00, 0.0, 9.4
0.0, 0.0, 0.0, 1977-03-11 00:00:00, -2.2, 11.1
0.8, 0.8, 0.0, 1977-03-12 00:00:00, 4.4, 8.9
0.0, 0.0, 0.0, 1977-03-13 00:00:00, -7.2, 7.2
1.3, 0.0, 1.3, 1977-03-14 00:00:00, -6.7, 6.1
3.3, 2.0, 1.3, 1977-03-15 00:00:00, -2.8, 0.6
2.3, 2.3, 0.0, 1977-03-16 00:00:00, -3.9, 5.0
0.0, 0.0, 0.0, 1977-03-17 00:00:00, -3.3, 7.8
0.0, 0.0, 0.0, 1977-03-18 00:00:00, -0.6, 7.8
0.0, 0.0, 0.0, 1977-03-19 00:00:00, 0.0, 6.7
1.3, 1.3, 0.0, 1977-03-20 00:00:00, -3.9, 9.4
0.0, 0.0, 0.0, 1977-03-21 00:00:00, -1.1, 12.8
0.0, 0.0, 0.0, 1977-03-22 00:00:00, -0.6, 10.6
4.8, 4.8, 0.0, 1977-03-23 00:00:00, 2.2, 7.8
0.0, 0.0, 0.0, 1977-03-24 00:00:00, 0.0, 12.2
0.0, 0.0, 0.0, 1977-03-25 00:00:00, -2.2, 10.6
0.0, 0.0, 0.0, 1977-03-26 00:00:00, 1.7, 11.1
0.0, 0.0, 0.0, 1977-03-27 00:00:00, -0.6, 7.2
0.0, 0.0, 0.0, 1977-03-28 00:00:00, -4.4, 10.0
0.0, 0.0, 0.0, 1977-03-29 00:00:00, -6.7, 8.3
0.0, 0.0, 0.0, 1977-03-30 00:00:00, -5.6, 11.1
2.3, 2.3, 0.0, 1977-03-31 00:00:00, -1.1, 8.9
4.3, 4.3, 0.0, 1977-04-01 00:00:00, -1.1, 8.3
0.0, 0.0, 0.0, 1977-04-02 00:00:00, -2.8, 7.8
0.0, 0.0, 0.0, 1977-04-03 00:00:00, -1.1, 20.6
0.0, 0.0, 0.0, 1977-04-04 00:00:00, -1.1, 20.6
0.0, 0.0, 0.0, 1977-04-05 00:00:00, -5.6, 20.0
0.0, 0.0, 0.0, 1977-04-06 00:00:00, -1.7, 21.7
0.0, 0.0, 0.0, 1977-04-07 00:00:00, 0.0, 21.7
3.3, 3.3, 0.0, 1977-04-08 00:00:00, 2.8, 21.7
0.0, 0.0, 0.0, 1977-04-09 00:00:00, 0.6, 12.8
0.0, 0.0, 0.0, 1977-04-10 00:00:00, -1.7, 11.1
0.0, 0.0, 0.0, 1977-04-11 00:00:00, -1.1, 14.4
0.8, 0.8, 0.0, 1977-04-12 00:00:00, -3.3, 12.8
1.3, 1.3, 0.0, 1977-04-13 00:00:00, 5.6, 16.1
1.5, 1.5, 0.0, 1977-04-14 00:00:00, 4.4, 12.8
0.0, 0.0, 0.0, 1977-04-15 00:00:00, 1.7, 13.3
0.0, 0.0, 0.0, 1977-04-16 00:00:00, 2.2, 13.3
0.0, 0.0, 0.0, 1977-04-17 00:00:00, -3.9, 13.3
0.8, 0.8, 0.0, 1977-04-18 00:00:00, 2.8, 11.1
0.0, 0.0, 0.0, 1977-04-19 00:00:00, 0.6, 10.6
0.5, 0.5, 0.0, 1977-04-20 00:00:00, -1.1, 12.8
0.8, 0.8, 0.0, 1977-04-21 00:00:00, -2.8, 16.7
0.0, 0.0, 0.0, 1977-04-22 00:00:00, 10.0, 21.1
0.0, 0.0, 0.0, 1977-04-23 00:00:00, 2.2, 25.6
0.0, 0.0, 0.0, 1977-04-24 00:00:00, 3.3, 23.3
0.0, 0.0, 0.0, 1977-04-25 00:00:00, 3.9, 27.2
0.0, 0.0, 0.0, 1977-04-26 00:00:00, 8.3, 18.9
0.0, 0.0, 0.0, 1977-04-27 00:00:00, 0.6, 21.1
0.0, 0.0, 0.0, 1977-04-28 00:00:00, 0.0, 23.9
0.0, 0.0, 0.0, 1977-04-29 00:00:00, 5.0, 22.8
0.0, 0.0, 0.0, 1977-04-30 00:00:00, 2.8, 21.7
0.0, 0.0, 0.0, 1977-05-01 00:00:00, 0.0, 25.0
10.4, 10.4, 0.0, 1977-05-02 00:00:00, 7.2, 17.8
6.9, 6.9, 0.0, 1977-05-03 00:00:00, 7.2, 15.0
0.0, 0.0, 0.0, 1977-05-04 00:00:00, 6.7, 14.4
0.8, 0.8, 0.0, 1977-05-05 00:00:00, 6.1, 10.6
0.0, 0.0, 0.0, 1977-05-06 00:00:00, 0.6, 17.2
0.0, 0.0, 0.0, 1977-05-07 00:00:00, 7.2, 19.4
0.0, 0.0, 0.0, 1977-05-08 00:00:00, 2.8, 21.1
0.0, 0.0, 0.0, 1977-05-09 00:00:00, 7.2, 21.7
1.3, 1.3, 0.0, 1977-05-10 00:00:00, 5.0, 18.3
0.0, 0.0, 0.0, 1977-05-11 00:00:00, 10.0, 14.4
0.0, 0.0, 0.0, 1977-05-12 00:00:00, 2.8, 18.3
0.0, 0.0, 0.0, 1977-05-13 00:00:00, 8.9, 18.9
0.0, 0.0, 0.0, 1977-05-14 00:00:00, 4.4, 17.2
3.3, 3.3, 0.0, 1977-05-15 00:00:00, 4.4, 17.2
0.0, 0.0, 0.0, 1977-05-16 00:00:00, 7.8, 17.2
0.0, 0.0, 0.0, 1977-05-17 00:00:00, 3.3, 19.4
0.0, 0.0, 0.0, 1977-05-18 00:00:00, 3.3, 20.6
0.0, 0.0, 0.0, 1977-05-19 00:00:00, 8.3, 21.1
0.5, 0.5, 0.0, 1977-05-20 00:00:00, 7.2, 22.2
0.0, 0.0, 0.0, 1977-05-21 00:00:00, 10.0, 21.7
0.0, 0.0, 0.0, 1977-05-22 00:00:00, 1.7, 23.3
3.8, 3.8, 0.0, 1977-05-23 00:00:00, 4.4, 22.2
0.0, 0.0, 0.0, 1977-05-24 00:00:00, 9.4, 17.2
0.0, 0.0, 0.0, 1977-05-25 00:00:00, 2.8, 20.0
2.5, 2.5, 0.0, 1977-05-26 00:00:00, 8.3, 14.4
0.0, 0.0, 0.0, 1977-05-27 00:00:00, 1.7, 16.1
0.0, 0.0, 0.0, 1977-05-28 00:00:00, 2.8, 17.8
0.0, 0.0, 0.0, 1977-05-29 00:00:00, 10.0, 17.2
0.0, 0.0, 0.0, 1977-05-30 00:00:00, 1.7, 22.2
1.5, 1.5, 0.0, 1977-05-31 00:00:00, 9.4, 18.9
8.1, 8.1, 0.0, 1977-06-01 00:00:00, 10.0, 18.3
0.0, 0.0, 0.0, 1977-06-02 00:00:00, 8.9, 18.9
1.3, 1.3, 0.0, 1977-06-03 00:00:00, 3.9, 17.8
2.5, 2.5, 0.0, 1977-06-04 00:00:00, 10.0, 19.4
0.0, 0.0, 0.0, 1977-06-05 00:00:00, 10.0, 26.7
0.0, 0.0, 0.0, 1977-06-06 00:00:00, 8.9, 32.2
0.0, 0.0, 0.0, 1977-06-07 00:00:00, 12.2, 34.4
0.0, 0.0, 0.0, 1977-06-08 00:00:00, 16.1, 23.9
0.0, 0.0, 0.0, 1977-06-09 00:00:00, 3.3, 22.8
0.0, 0.0, 0.0, 1977-06-10 00:00:00, 3.3, 25.0
0.0, 0.0, 0.0, 1977-06-11 00:00:00, 8.9, 23.9
0.0, 0.0, 0.0, 1977-06-12 00:00:00, 11.1, 22.2
0.0, 0.0, 0.0, 1977-06-13 00:00:00, 13.3, 23.3
0.5, 0.5, 0.0, 1977-06-14 00:00:00, 8.9, 26.1
0.0, 0.0, 0.0, 1977-06-15 00:00:00, 8.9, 26.7
0.0, 0.0, 0.0, 1977-06-16 00:00:00, 7.8, 27.8
0.0, 0.0, 0.0, 1977-06-17 00:00:00, 8.3, 32.2
0.0, 0.0, 0.0, 1977-06-18 00:00:00, 9.4, 33.9
1.8, 1.8, 0.0, 1977-06-19 00:00:00, 12.8, 32.2
0.0, 0.0, 0.0, 1977-06-20 00:00:00, 14.4, 26.1
0.5, 0.5, 0.0, 1977-06-21 00:00:00, 11.1, 27.8
0.0, 0.0, 0.0, 1977-06-22 00:00:00, 15.6, 27.2
0.0, 0.0, 0.0, 1977-06-23 00:00:00, 7.2, 28.9
0.0, 0.0, 0.0, 1977-06-24 00:00:00, 11.7, 26.7
0.0, 0.0, 0.0, 1977-06-25 00:00:00, 13.3, 26.7
0.0, 0.0, 0.0, 1977-06-26 00:00:00, 12.8, 25.6
0.0, 0.0, 0.0, 1977-06-27 00:00:00, 13.9, 25.0
0.5, 0.5, 0.0, 1977-06-28 00:00:00, 10.6, 25.6
0.0, 0.0, 0.0, 1977-06-29 00:00:00, 14.4, 23.9
0.0, 0.0, 0.0, 1977-06-30 00:00:00, 6.1, 29.4
0.5, 0.5, 0.0, 1977-07-01 00:00:00, 15.0, 30.0
0.5, 0.5, 0.0, 1977-07-02 00:00:00, 11.7, 21.1
1.3, 1.3, 0.0, 1977-07-03 00:00:00, 8.3, 19.4
4.3, 4.3, 0.0, 1977-07-04 00:00:00, 5.6, 20.0
2.3, 2.3, 0.0, 1977-07-05 00:00:00, 5.0, 22.2
0.5, 0.5, 0.0, 1977-07-06 00:00:00, 10.0, 21.7
0.0, 0.0, 0.0, 1977-07-07 00:00:00, 6.1, 27.8
0.0, 0.0, 0.0, 1977-07-08 00:00:00, 11.7, 30.6
0.0, 0.0, 0.0, 1977-07-09 00:00:00, 16.7, 27.8
0.5, 0.5, 0.0, 1977-07-10 00:00:00, 15.6, 27.8
7.4, 7.4, 0.0, 1977-07-11 00:00:00, 14.4, 21.1
4.8, 4.8, 0.0, 1977-07-12 00:00:00, 10.0, 23.3
0.8, 0.8, 0.0, 1977-07-13 00:00:00, 13.9, 25.0
0.0, 0.0, 0.0, 1977-07-14 00:00:00, 8.3, 27.2
0.0, 0.0, 0.0, 1977-07-15 00:00:00, 12.8, 27.2
0.0, 0.0, 0.0, 1977-07-16 00:00:00, 16.7, 23.9
0.0, 0.0, 0.0, 1977-07-17 00:00:00, 9.4, 23.3
0.0, 0.0, 0.0, 1977-07-18 00:00:00, 11.7, 22.2
0.0, 0.0, 0.0, 1977-07-19 00:00:00, 5.0, 24.4
0.0, 0.0, 0.0, 1977-07-20 00:00:00, 5.6, 31.1
0.0, 0.0, 0.0, 1977-07-21 00:00:00, 10.0, 28.9
0.0, 0.0, 0.0, 1977-07-22 00:00:00, 8.9, 32.8
0.0, 0.0, 0.0, 1977-07-23 00:00:00, 8.3, 31.1
0.0, 0.0, 0.0, 1977-07-24 00:00:00, 9.4, 33.3
0.0, 0.0, 0.0, 1977-07-25 00:00:00, 14.4, 35.0
0.0, 0.0, 0.0, 1977-07-26 00:00:00, 14.4, 36.1
0.0, 0.0, 0.0, 1977-07-27 00:00:00, 14.4, 36.7
13.5, 13.5, 0.0, 1977-07-28 00:00:00, 17.2, 23.3
0.5, 0.5, 0.0, 1977-07-29 00:00:00, 14.4, 21.1
0.0, 0.0, 0.0, 1977-07-30 00:00:00, 10.6, 26.7
0.0, 0.0, 0.0, 1977-07-31 00:00:00, 11.7, 30.0
0.0, 0.0, 0.0, 1977-08-01 00:00:00, 10.6, 32.2
0.0, 0.0, 0.0, 1977-08-02 00:00:00, 11.7, 33.9
0.0, 0.0, 0.0, 1977-08-03 00:00:00, 17.8, 32.2
0.0, 0.0, 0.0, 1977-08-04 00:00:00, 12.8, 31.1
0.0, 0.0, 0.0, 1977-08-05 00:00:00, 10.0, 31.1
0.0, 0.0, 0.0, 1977-08-06 00:00:00, 9.4, 31.7
0.0, 0.0, 0.0, 1977-08-07 00:00:00, 8.9, 33.3
0.0, 0.0, 0.0, 1977-08-08 00:00:00, 12.2, 31.1
0.0, 0.0, 0.0, 1977-08-09 00:00:00, 13.3, 30.6
0.0, 0.0, 0.0, 1977-08-10 00:00:00, 11.1, 31.1
0.0, 0.0, 0.0, 1977-08-11 00:00:00, 11.1, 35.0
0.0, 0.0, 0.0, 1977-08-12 00:00:00, 12.8, 36.1
0.0, 0.0, 0.0, 1977-08-13 00:00:00, 14.4, 34.4
0.0, 0.0, 0.0, 1977-08-14 00:00:00, 15.0, 31.1
0.0, 0.0, 0.0, 1977-08-15 00:00:00, 8.9, 31.1
0.0, 0.0, 0.0, 1977-08-16 00:00:00, 6.7, 33.3
0.0, 0.0, 0.0, 1977-08-17 00:00:00, 8.3, 35.6
0.0, 0.0, 0.0, 1977-08-18 00:00:00, 7.8, 34.4
0.0, 0.0, 0.0, 1977-08-19 00:00:00, 11.7, 34.4
0.0, 0.0, 0.0, 1977-08-20 00:00:00, 11.7, 33.9
0.0, 0.0, 0.0, 1977-08-21 00:00:00, 11.1, 32.8
0.0, 0.0, 0.0, 1977-08-22 00:00:00, 12.8, 29.4
8.4, 8.4, 0.0, 1977-08-23 00:00:00, 12.8, 19.4
1.3, 1.3, 0.0, 1977-08-24 00:00:00, 13.3, 21.1
1.5, 1.5, 0.0, 1977-08-25 00:00:00, 10.6, 20.6
3.3, 3.3, 0.0, 1977-08-26 00:00:00, 11.7, 21.1
0.5, 0.5, 0.0, 1977-08-27 00:00:00, 8.9, 22.2
16.0, 16.0, 0.0, 1977-08-28 00:00:00, 9.4, 19.4
0.5, 0.5, 0.0, 1977-08-29 00:00:00, 8.9, 20.6
0.8, 0.8, 0.0, 1977-08-30 00:00:00, 5.0, 20.6
0.0, 0.0, 0.0, 1977-08-31 00:00:00, 3.9, 21.1
0.0, 0.0, 0.0, 1977-09-01 00:00:00, 7.2, 22.8
1.5, 1.5, 0.0, 1977-09-02 00:00:00, 9.4, 18.3
1.8, 1.8, 0.0, 1977-09-03 00:00:00, 11.1, 25.0
0.0, 0.0, 0.0, 1977-09-04 00:00:00, 12.2, 23.3
0.8, 0.8, 0.0, 1977-09-05 00:00:00, 7.2, 23.3
0.0, 0.0, 0.0, 1977-09-06 00:00:00, 3.9, 23.9
0.0, 0.0, 0.0, 1977-09-07 00:00:00, 7.2, 23.3
0.0, 0.0, 0.0, 1977-09-08 00:00:00, 5.6, 22.2
0.0, 0.0, 0.0, 1977-09-09 00:00:00, 5.6, 22.8
0.0, 0.0, 0.0, 1977-09-10 00:00:00, 2.8, 22.8
0.0, 0.0, 0.0, 1977-09-11 00:00:00, 3.3, 23.9
0.0, 0.0, 0.0, 1977-09-12 00:00:00, 3.3, 26.1
0.0, 0.0, 0.0, 1977-09-13 00:00:00, 5.0, 27.2
0.0, 0.0, 0.0, 1977-09-14 00:00:00, 10.0, 18.9
0.0, 0.0, 0.0, 1977-09-15 00:00:00, 1.7, 19.4
0.0, 0.0, 0.0, 1977-09-16 00:00:00, 1.7, 14.4
0.0, 0.0, 0.0, 1977-09-17 00:00:00, 8.9, 19.4
2.0, 2.0, 0.0, 1977-09-18 00:00:00, 5.0, 15.6
6.4, 6.4, 0.0, 1977-09-19 00:00:00, 10.6, 15.0
4.8, 4.8, 0.0, 1977-09-20 00:00:00, 7.8, 16.7
2.0, 2.0, 0.0, 1977-09-21 00:00:00, 8.3, 16.7
1.3, 1.3, 0.0, 1977-09-22 00:00:00, 3.9, 18.9
3.6, 3.6, 0.0, 1977-09-23 00:00:00, 8.3, 12.2
0.0, 0.0, 0.0, 1977-09-24 00:00:00, 7.2, 17.2
0.0, 0.0, 0.0, 1977-09-25 00:00:00, 3.3, 16.7
0.0, 0.0, 0.0, 1977-09-26 00:00:00, 0.6, 17.8
0.0, 0.0, 0.0, 1977-09-27 00:00:00, -0.6, 17.2
0.0, 0.0, 0.0, 1977-09-28 00:00:00, 2.8, 13.3
0.0, 0.0, 0.0, 1977-09-29 00:00:00, 6.7, 16.1
0.0, 0.0, 0.0, 1977-09-30 00:00:00, 1.7, 18.3
0.8, 0.8, 0.0, 1977-10-01 00:00:00, 1.7, 18.9
0.0, 0.0, 0.0, 1977-10-02 00:00:00, 1.7, 14.4
0.0, 0.0, 0.0, 1977-10-03 00:00:00, -4.4, 13.9
0.5, 0.5, 0.0, 1977-10-04 00:00:00, -5.6, 12.8
0.0, 0.0, 0.0, 1977-10-05 00:00:00, -3.3, 10.6
0.5, 0.5, 0.0, 1977-10-06 00:00:00, -3.9, 13.3
0.0, 0.0, 0.0, 1977-10-07 00:00:00, 5.6, 15.6
4.3, 4.3, 0.0, 1977-10-08 00:00:00, -1.1, 16.7
0.0, 0.0, 0.0, 1977-10-09 00:00:00, 1.7, 12.8
0.0, 0.0, 0.0, 1977-10-10 00:00:00, -5.6, 9.4
0.0, 0.0, 0.0, 1977-10-11 00:00:00, -3.3, 13.3
1.5, 1.5, 0.0, 1977-10-12 00:00:00, -0.6, 11.1
0.0, 0.0, 0.0, 1977-10-13 00:00:00, 3.9, 13.3
0.5, 0.5, 0.0, 1977-10-14 00:00:00, -3.3, 10.6
0.0, 0.0, 0.0, 1977-10-15 00:00:00, -3.9, 16.7
0.0, 0.0, 0.0, 1977-10-16 00:00:00, 4.4, 17.8
0.0, 0.0, 0.0, 1977-10-17 00:00:00, -1.1, 16.7
0.0, 0.0, 0.0, 1977-10-18 00:00:00, -0.6, 16.7
0.0, 0.0, 0.0, 1977-10-19 00:00:00, -1.1, 16.7
0.0, 0.0, 0.0, 1977-10-20 00:00:00, -4.4, 13.3
0.0, 0.0, 0.0, 1977-10-21 00:00:00, -3.3, 12.2
0.0, 0.0, 0.0, 1977-10-22 00:00:00, 4.4, 14.4
0.0, 0.0, 0.0, 1977-10-23 00:00:00, 5.6, 16.7
1.5, 1.5, 0.0, 1977-10-24 00:00:00, 1.1, 12.2
0.5, 0.5, 0.0, 1977-10-25 00:00:00, 4.4, 16.1
0.0, 0.0, 0.0, 1977-10-26 00:00:00, 6.1, 15.0
0.0, 0.0, 0.0, 1977-10-27 00:00:00, 3.9, 11.7
1.0, 1.0, 0.0, 1977-10-28 00:00:00, -3.9, 8.3
1.0, 1.0, 0.0, 1977-10-29 00:00:00, 4.4, 13.3
0.0, 0.0, 0.0, 1977-10-30 00:00:00, 5.0, 12.2
5.1, 5.1, 0.0, 1977-10-31 00:00:00, -3.3, 9.4
9.4, 9.4, 0.0, 1977-11-01 00:00:00, -0.6, 11.1
0.0, 0.0, 0.0, 1977-11-02 00:00:00, 5.6, 11.7
0.0, 0.0, 0.0, 1977-11-03 00:00:00, -6.1, 6.7
0.0, 0.0, 0.0, 1977-11-04 00:00:00, -7.2, 5.6
2.0, 2.0, 0.0, 1977-11-05 00:00:00, -4.4, 5.0
4.3, 4.3, 0.0, 1977-11-06 00:00:00, 0.0, 8.3
3.0, 3.0, 0.0, 1977-11-07 00:00:00, 0.0, 8.3
0.0, 0.0, 0.0, 1977-11-08 00:00:00, -11.1, 2.2
3.6, 3.6, 0.0, 1977-11-09 00:00:00, -8.3, 2.8
0.8, 0.8, 0.0, 1977-11-10 00:00:00, 0.0, 6.1
0.3, 0.3, 0.0, 1977-11-11 00:00:00, -1.1, 5.6
0.0, 0.0, 0.0, 1977-11-12 00:00:00, -1.1, 10.0
0.3, 0.3, 0.0, 1977-11-13 00:00:00, -0.6, 12.2
2.5, 2.5, 0.0, 1977-11-14 00:00:00, 4.4, 10.0
0.8, 0.8, 0.0, 1977-11-15 00:00:00, 0.0, 8.3
3.8, 1.3, 2.5, 1977-11-16 00:00:00, -1.1, 5.6
1.3, 0.0, 1.3, 1977-11-17 00:00:00, -5.6, 1.7
0.0, 0.0, 0.0, 1977-11-18 00:00:00, -5.6, -0.6
0.0, 0.0, 0.0, 1977-11-19 00:00:00, -11.1, -2.2
0.0, 0.0, 0.0, 1977-11-20 00:00:00, -14.4, -3.9
0.0, 0.0, 0.0, 1977-11-21 00:00:00, -13.9, -5.0
0.0, 0.0, 0.0, 1977-11-22 00:00:00, -16.1, -6.7
5.8, 0.0, 5.8, 1977-11-23 00:00:00, -12.2, -7.2
1.5, 0.0, 1.5, 1977-11-24 00:00:00, -11.7, -1.7
18.3, 0.0, 18.3, 1977-11-25 00:00:00, -10.6, 0.0
1.5, 0.0, 1.5, 1977-11-26 00:00:00, -5.0, 2.8
0.0, 0.0, 0.0, 1977-11-27 00:00:00, -5.0, 2.8
0.0, 0.0, 0.0, 1977-11-28 00:00:00, -5.0, 9.4
0.0, 0.0, 0.0, 1977-11-29 00:00:00, 2.2, 10.0
3.3, 0.0, 3.3, 1977-11-30 00:00:00, -3.9, 3.9
7.6, 0.0, 7.6, 1977-12-01 00:00:00, -3.9, 2.2
0.0, 0.0, 0.0, 1977-12-02 00:00:00, -6.1, 8.3
0.0, 0.0, 0.0, 1977-12-03 00:00:00, -2.2, 8.3
0.0, 0.0, 0.0, 1977-12-04 00:00:00, -6.7, 0.0
18.5, 0.0, 18.5, 1977-12-05 00:00:00, -12.2, -6.1
2.8, 0.0, 2.8, 1977-12-06 00:00:00, -9.4, 3.9
0.0, 0.0, 0.0, 1977-12-07 00:00:00, -12.2, -6.7
0.8, 0.0, 0.8, 1977-12-08 00:00:00, -16.7, -13.3
8.6, 0.0, 8.6, 1977-12-09 00:00:00, -17.8, -10.0
0.0, 0.0, 0.0, 1977-12-10 00:00:00, -15.0, -2.8
4.6, 0.0, 4.6, 1977-12-11 00:00:00, -10.0, 2.8
2.0, 0.0, 2.0, 1977-12-12 00:00:00, -3.9, 6.7
5.8, 5.8, 0.0, 1977-12-13 00:00:00, -0.6, 4.4
4.8, 4.8, 0.0, 1977-12-14 00:00:00, 0.0, 2.8
4.3, 4.3, 0.0, 1977-12-15 00:00:00, 0.0, 5.6
0.0, 0.0, 0.0, 1977-12-16 00:00:00, -2.2, 5.0
1.0, 0.0, 1.0, 1977-12-17 00:00:00, -7.2, -0.6
1.5, 0.0, 1.5, 1977-12-18 00:00:00, -3.9, 1.7
0.0, 0.0, 0.0, 1977-12-19 00:00:00, -6.7, 0.0
0.0, 0.0, 0.0, 1977-12-20 00:00:00, -7.8, -3.3
0.0, 0.0, 0.0, 1977-12-21 00:00:00, -11.1, -2.2
0.0, 0.0, 0.0, 1977-12-22 00:00:00, -13.9, -5.0
0.0, 0.0, 0.0, 1977-12-23 00:00:00, -13.9, -4.4
0.0, 0.0, 0.0, 1977-12-24 00:00:00, -20.6, -9.4
0.0, 0.0, 0.0, 1977-12-25 00:00:00, -13.3, -2.2
0.0, 0.0, 0.0, 1977-12-26 00:00:00, -14.4, -6.1
0.0, 0.0, 0.0, 1977-12-27 00:00:00, -15.0, -5.0
15.2, 0.0, 15.2, 1977-12-28 00:00:00, -15.0, -7.8
1.0, 0.0, 1.0, 1977-12-29 00:00:00, -11.1, -6.7
0.0, 0.0, 0.0, 1977-12-30 00:00:00, -10.6, -5.0
0.0, 0.0, 0.0, 1977-12-31 00:00:00, -11.1, -3.3
0.0, 0.0, 0.0, 1978-01-01 00:00:00, -16.7, -8.9
1.5, 0.0, 1.5, 1978-01-02 00:00:00, -18.9, -11.7
14.7, 0.0, 14.7, 1978-01-03 00:00:00, -18.9, -11.1
3.8, 0.0, 3.8, 1978-01-04 00:00:00, -13.3, -9.4
0.3, 0.0, 0.3, 1978-01-05 00:00:00, -12.8, -3.9
0.0, 0.0, 0.0, 1978-01-06 00:00:00, -9.4, 2.2
28.7, 0.0, 28.7, 1978-01-07 00:00:00, -10.6, 0.6
0.0, 0.0, 0.0, 1978-01-08 00:00:00, -9.4, -1.7
0.0, 0.0, 0.0, 1978-01-09 00:00:00, -6.1, -1.1
0.0, 0.0, 0.0, 1978-01-10 00:00:00, -10.6, 1.1
0.0, 0.0, 0.0, 1978-01-11 00:00:00, -7.8, -3.9
0.0, 0.0, 0.0, 1978-01-12 00:00:00, -8.3, -2.8
3.6, 0.0, 3.6, 1978-01-13 00:00:00, -9.4, -4.4
0.0, 0.0, 0.0, 1978-01-14 00:00:00, -8.3, 0.0
0.0, 0.0, 0.0, 1978-01-15 00:00:00, -6.7, 0.0
0.8, 0.0, 0.8, 1978-01-16 00:00:00, -3.9, 2.8
0.0, 0.0, 0.0, 1978-01-17 00:00:00, -2.2, 2.8
0.0, 0.0, 0.0, 1978-01-18 00:00:00, -1.1, 2.8
0.0, 0.0, 0.0, 1978-01-19 00:00:00, -6.1, 1.1
0.0, 0.0, 0.0, 1978-01-20 00:00:00, -5.0, 1.7
0.0, 0.0, 0.0, 1978-01-21 00:00:00, -1.7, 4.4
0.0, 0.0, 0.0, 1978-01-22 00:00:00, -3.3, 5.6
0.0, 0.0, 0.0, 1978-01-23 00:00:00, -7.2, -1.1
0.0, 0.0, 0.0, 1978-01-24 00:00:00, -6.1, 0.0
0.0, 0.0, 0.0, 1978-01-25 00:00:00, -7.2, 1.1
0.0, 0.0, 0.0, 1978-01-26 00:00:00, -3.9, 2.2
0.0, 0.0, 0.0, 1978-01-27 00:00:00, -7.2, 1.7
2.3, 0.0, 2.3, 1978-01-28 00:00:00, -8.3, -2.2
0.0, 0.0, 0.0, 1978-01-29 00:00:00, -8.3, -1.1
0.0, 0.0, 0.0, 1978-01-30 00:00:00, -13.3, -5.0
2.3, 0.0, 2.3, 1978-01-31 00:00:00, -15.0, -7.2
7.1, 0.0, 7.1, 1978-02-01 00:00:00, -11.1, -8.3
1.5, 0.0, 1.5, 1978-02-02 00:00:00, -10.6, -5.0
0.0, 0.0, 0.0, 1978-02-03 00:00:00, -9.4, 1.1
0.0, 0.0, 0.0, 1978-02-04 00:00:00, -2.8, 1.1
0.0, 0.0, 0.0, 1978-02-05 00:00:00, -6.1, 1.1
0.0, 0.0, 0.0, 1978-02-06 00:00:00, -1.1, 3.9
0.0, 0.0, 0.0, 1978-02-07 00:00:00, -0.6, 2.8
0.0, 0.0, 0.0, 1978-02-08 00:00:00, -2.2, 7.2
0.0, 0.0, 0.0, 1978-02-09 00:00:00, -0.6, 4.4
0.0, 0.0, 0.0, 1978-02-10 00:00:00, -2.8, 3.9
0.0, 0.0, 0.0, 1978-02-11 00:00:00, -3.9, 3.9
0.0, 0.0, 0.0, 1978-02-12 00:00:00, -6.7, 2.2
0.0, 0.0, 0.0, 1978-02-13 00:00:00, -11.1, -0.6
1.0, 0.0, 1.0, 1978-02-14 00:00:00, -10.6, 2.8
0.0, 0.0, 0.0, 1978-02-15 00:00:00, -3.9, 2.8
0.0, 0.0, 0.0, 1978-02-16 00:00:00, -3.9, 3.9
0.0, 0.0, 0.0, 1978-02-17 00:00:00, -7.8, 1.7
0.0, 0.0, 0.0, 1978-02-18 00:00:00, -2.8, 3.3
0.0, 0.0, 0.0, 1978-02-19 00:00:00, -1.1, 5.6
0.0, 0.0, 0.0, 1978-02-20 00:00:00, -3.3, 4.4
0.0, 0.0, 0.0, 1978-02-21 00:00:00, -1.1, 8.3
0.0, 0.0, 0.0, 1978-02-22 00:00:00, -2.8, 7.2
0.0, 0.0, 0.0, 1978-02-23 00:00:00, 0.0, 5.0
0.0, 0.0, 0.0, 1978-02-24 00:00:00, -9.4, 4.4
0.0, 0.0, 0.0, 1978-02-25 00:00:00, -6.7, 3.3
0.0, 0.0, 0.0, 1978-02-26 00:00:00, -7.2, 5.6
0.5, 0.0, 0.5, 1978-02-27 00:00:00, -6.7, 1.7
1.0, 0.0, 1.0, 1978-02-28 00:00:00, -3.9, 2.2
0.0, 0.0, 0.0, 1978-03-01 00:00:00, -11.1, 1.1
0.0, 0.0, 0.0, 1978-03-02 00:00:00, -11.1, 2.8
0.0, 0.0, 0.0, 1978-03-03 00:00:00, -14.4, 1.7
0.0, 0.0, 0.0, 1978-03-04 00:00:00, -12.8, 2.8
0.0, 0.0, 0.0, 1978-03-05 00:00:00, -10.6, 2.2
0.0, 0.0, 0.0, 1978-03-06 00:00:00, -5.0, 5.6
0.8, 0.8, 0.0, 1978-03-07 00:00:00, 0.0, 4.4
0.0, 0.0, 0.0, 1978-03-08 00:00:00, -2.2, 7.2
0.0, 0.0, 0.0, 1978-03-09 00:00:00, -2.8, 10.6
2.5, 2.5, 0.0, 1978-03-10 00:00:00, -3.9, 8.9
1.3, 1.3, 0.0, 1978-03-11 00:00:00, 1.1, 6.1
0.0, 0.0, 0.0, 1978-03-12 00:00:00, -1.1, 8.9
2.0, 2.0, 0.0, 1978-03-13 00:00:00, -0.6, 7.2
0.0, 0.0, 0.0, 1978-03-14 00:00:00, -2.2, 7.8
0.5, 0.5, 0.0, 1978-03-15 00:00:00, -6.7, 8.3
1.0, 1.0, 0.0, 1978-03-16 00:00:00, 0.6, 6.7
0.0, 0.0, 0.0, 1978-03-17 00:00:00, -1.1, 14.4
0.0, 0.0, 0.0, 1978-03-18 00:00:00, 0.6, 13.3
0.0, 0.0, 0.0, 1978-03-19 00:00:00, 1.7, 11.1
0.0, 0.0, 0.0, 1978-03-20 00:00:00, -1.1, 13.9
0.0, 0.0, 0.0, 1978-03-21 00:00:00, -2.2, 15.6
0.5, 0.5, 0.0, 1978-03-22 00:00:00, -4.4, 13.9
3.3, 3.3, 0.0, 1978-03-23 00:00:00, 0.6, 11.1
0.0, 0.0, 0.0, 1978-03-24 00:00:00, 2.2, 16.1
0.0, 0.0, 0.0, 1978-03-25 00:00:00, 4.4, 13.3
2.0, 2.0, 0.0, 1978-03-26 00:00:00, 4.4, 10.0
1.3, 1.3, 0.0, 1978-03-27 00:00:00, 4.4, 9.4
2.5, 2.5, 0.0, 1978-03-28 00:00:00, 4.4, 10.0
0.0, 0.0, 0.0, 1978-03-29 00:00:00, 6.7, 12.8
0.8, 0.8, 0.0, 1978-03-30 00:00:00, 4.4, 14.4
0.0, 0.0, 0.0, 1978-03-31 00:00:00, -3.9, 12.8
1.3, 1.3, 0.0, 1978-04-01 00:00:00, -3.9, 13.9
0.8, 0.8, 0.0, 1978-04-02 00:00:00, -1.1, 11.7
0.8, 0.8, 0.0, 1978-04-03 00:00:00, -1.7, 13.3
1.3, 1.3, 0.0, 1978-04-04 00:00:00, 0.6, 9.4
1.3, 1.3, 0.0, 1978-04-05 00:00:00, 0.6, 11.1
0.0, 0.0, 0.0, 1978-04-06 00:00:00, -3.9, 13.3
0.0, 0.0, 0.0, 1978-04-07 00:00:00, -4.4, 16.7
0.0, 0.0, 0.0, 1978-04-08 00:00:00, 3.3, 13.9
0.0, 0.0, 0.0, 1978-04-09 00:00:00, -1.7, 14.4
3.0, 3.0, 0.0, 1978-04-10 00:00:00, 0.0, 15.6
0.0, 0.0, 0.0, 1978-04-11 00:00:00, 4.4, 11.1
0.0, 0.0, 0.0, 1978-04-12 00:00:00, 0.6, 11.7
15.7, 15.7, 0.0, 1978-04-13 00:00:00, 2.8, 6.7
2.0, 2.0, 0.0, 1978-04-14 00:00:00, 2.2, 8.9
0.0, 0.0, 0.0, 1978-04-15 00:00:00, 1.7, 9.4
4.3, 4.3, 0.0, 1978-04-16 00:00:00, -1.1, 8.9
0.0, 0.0, 0.0, 1978-04-17 00:00:00, 5.0, 12.8
0.0, 0.0, 0.0, 1978-04-18 00:00:00, -2.2, 15.6
0.0, 0.0, 0.0, 1978-04-19 00:00:00, 0.0, 18.3
2.8, 2.8, 0.0, 1978-04-20 00:00:00, 4.4, 12.2
0.5, 0.5, 0.0, 1978-04-21 00:00:00, 5.6, 14.4
0.8, 0.8, 0.0, 1978-04-22 00:00:00, -1.1, 16.1
1.3, 1.3, 0.0, 1978-04-23 00:00:00, 1.7, 15.6
0.5, 0.5, 0.0, 1978-04-24 00:00:00, -1.1, 16.7
0.5, 0.5, 0.0, 1978-04-25 00:00:00, 1.7, 22.2
0.0, 0.0, 0.0, 1978-04-26 00:00:00, 5.0, 22.8
0.0, 0.0, 0.0, 1978-04-27 00:00:00, 8.3, 19.4
3.3, 3.3, 0.0, 1978-04-28 00:00:00, 8.3, 12.8
0.0, 0.0, 0.0, 1978-04-29 00:00:00, 7.2, 16.7
0.0, 0.0, 0.0, 1978-04-30 00:00:00, 4.4, 19.4
1.8, 1.8, 0.0, 1978-05-01 00:00:00, 0.6, 21.1
3.8, 3.8, 0.0, 1978-05-02 00:00:00, 7.2, 21.1
2.0, 2.0, 0.0, 1978-05-03 00:00:00, 2.8, 12.2
0.0, 0.0, 0.0, 1978-05-04 00:00:00, 0.6, 13.9
0.0, 0.0, 0.0, 1978-05-05 00:00:00, -1.7, 16.7
0.0, 0.0, 0.0, 1978-05-06 00:00:00, -1.1, 19.4
0.0, 0.0, 0.0, 1978-05-07 00:00:00, 0.6, 21.1
1.8, 1.8, 0.0, 1978-05-08 00:00:00, 3.3, 18.9
2.3, 2.3, 0.0, 1978-05-09 00:00:00, 8.9, 17.2
0.5, 0.5, 0.0, 1978-05-10 00:00:00, 3.9, 18.9
0.0, 0.0, 0.0, 1978-05-11 00:00:00, 7.2, 18.3
5.3, 5.3, 0.0, 1978-05-12 00:00:00, 8.3, 17.2
7.1, 7.1, 0.0, 1978-05-13 00:00:00, 7.2, 14.4
11.2, 11.2, 0.0, 1978-05-14 00:00:00, 6.7, 16.7
3.0, 3.0, 0.0, 1978-05-15 00:00:00, 3.9, 11.7
5.3, 5.3, 0.0, 1978-05-16 00:00:00, 6.7, 20.0
0.5, 0.5, 0.0, 1978-05-17 00:00:00, 7.8, 18.3
0.0, 0.0, 0.0, 1978-05-18 00:00:00, 1.7, 22.2
0.0, 0.0, 0.0, 1978-05-19 00:00:00, 2.8, 26.1
0.5, 0.5, 0.0, 1978-05-20 00:00:00, 5.6, 27.2
0.0, 0.0, 0.0, 1978-05-21 00:00:00, 7.2, 22.8
0.0, 0.0, 0.0, 1978-05-22 00:00:00, 7.2, 16.1
0.0, 0.0, 0.0, 1978-05-23 00:00:00, -1.1, 17.2
9.7, 9.7, 0.0, 1978-05-24 00:00:00, 2.8, 11.1
0.5, 0.5, 0.0, 1978-05-25 00:00:00, 5.6, 16.7
0.0, 0.0, 0.0, 1978-05-26 00:00:00, 3.3, 18.9
2.5, 2.5, 0.0, 1978-05-27 00:00:00, 9.4, 17.2
0.8, 0.8, 0.0, 1978-05-28 00:00:00, 6.1, 18.3
2.3, 2.3, 0.0, 1978-05-29 00:00:00, 2.8, 15.0
1.8, 1.8, 0.0, 1978-05-30 00:00:00, 0.6, 21.7
0.0, 0.0, 0.0, 1978-05-31 00:00:00, 2.2, 24.4
0.0, 0.0, 0.0, 1978-06-01 00:00:00, 3.3, 26.7
0.0, 0.0, 0.0, 1978-06-02 00:00:00, 5.0, 30.0
0.0, 0.0, 0.0, 1978-06-03 00:00:00, 6.7, 31.7
0.0, 0.0, 0.0, 1978-06-04 00:00:00, 7.2, 32.2
0.0, 0.0, 0.0, 1978-06-05 00:00:00, 9.4, 32.2
0.0, 0.0, 0.0, 1978-06-06 00:00:00, 12.2, 27.8
0.0, 0.0, 0.0, 1978-06-07 00:00:00, 8.3, 28.3
3.3, 3.3, 0.0, 1978-06-08 00:00:00, 8.9, 26.1
0.8, 0.8, 0.0, 1978-06-09 00:00:00, 11.1, 21.1
0.5, 0.5, 0.0, 1978-06-10 00:00:00, 10.0, 21.1
0.0, 0.0, 0.0, 1978-06-11 00:00:00, 7.2, 22.8
8.1, 8.1, 0.0, 1978-06-12 00:00:00, 7.8, 22.2
11.9, 11.9, 0.0, 1978-06-13 00:00:00, 8.3, 13.9
2.0, 2.0, 0.0, 1978-06-14 00:00:00, 4.4, 20.6
2.3, 2.3, 0.0, 1978-06-15 00:00:00, 8.3, 17.2
0.5, 0.5, 0.0, 1978-06-16 00:00:00, 7.2, 20.6
0.0, 0.0, 0.0, 1978-06-17 00:00:00, 5.6, 26.1
0.0, 0.0, 0.0, 1978-06-18 00:00:00, 8.9, 19.4
0.0, 0.0, 0.0, 1978-06-19 00:00:00, 3.3, 26.1
0.0, 0.0, 0.0, 1978-06-20 00:00:00, 7.8, 28.3
0.0, 0.0, 0.0, 1978-06-21 00:00:00, 7.8, 28.3
0.0, 0.0, 0.0, 1978-06-22 00:00:00, 8.3, 23.3
0.0, 0.0, 0.0, 1978-06-23 00:00:00, 8.3, 23.9
0.0, 0.0, 0.0, 1978-06-24 00:00:00, 8.9, 25.0
0.0, 0.0, 0.0, 1978-06-25 00:00:00, 10.0, 22.8
0.0, 0.0, 0.0, 1978-06-26 00:00:00, 6.7, 26.1
0.0, 0.0, 0.0, 1978-06-27 00:00:00, 8.3, 30.6
0.0, 0.0, 0.0, 1978-06-28 00:00:00, 9.4, 33.9
4.6, 4.6, 0.0, 1978-06-29 00:00:00, 15.0, 26.7
0.0, 0.0, 0.0, 1978-06-30 00:00:00, 15.6, 22.0
0.0, 0.0, 0.0, 1978-07-01 00:00:00, 10.0, 27.8
1.3, 1.3, 0.0, 1978-07-02 00:00:00, 8.3, 20.0
0.0, 0.0, 0.0, 1978-07-03 00:00:00, 10.0, 28.9
0.0, 0.0, 0.0, 1978-07-04 00:00:00, 11.7, 31.7
0.0, 0.0, 0.0, 1978-07-05 00:00:00, 15.6, 28.9
0.0, 0.0, 0.0, 1978-07-06 00:00:00, 12.2, 30.0
5.1, 5.1, 0.0, 1978-07-07 00:00:00, 16.1, 28.3
0.0, 0.0, 0.0, 1978-07-08 00:00:00, 14.4, 28.3
7.9, 7.9, 0.0, 1978-07-09 00:00:00, 13.9, 23.3
4.3, 4.3, 0.0, 1978-07-10 00:00:00, 8.3, 17.2
0.0, 0.0, 0.0, 1978-07-11 00:00:00, 7.2, 18.3
0.0, 0.0, 0.0, 1978-07-12 00:00:00, 7.2, 25.6
0.0, 0.0, 0.0, 1978-07-13 00:00:00, 9.4, 30.0
0.0, 0.0, 0.0, 1978-07-14 00:00:00, 12.2, 32.2
0.0, 0.0, 0.0, 1978-07-15 00:00:00, 12.2, 30.0
6.9, 6.9, 0.0, 1978-07-16 00:00:00, 16.7, 23.9
0.5, 0.5, 0.0, 1978-07-17 00:00:00, 13.3, 24.4
0.5, 0.5, 0.0, 1978-07-18 00:00:00, 10.0, 26.1
0.0, 0.0, 0.0, 1978-07-19 00:00:00, 4.4, 27.8
0.0, 0.0, 0.0, 1978-07-20 00:00:00, 8.3, 30.0
0.0, 0.0, 0.0, 1978-07-21 00:00:00, 11.1, 31.7
0.0, 0.0, 0.0, 1978-07-22 00:00:00, 12.2, 34.4
0.0, 0.0, 0.0, 1978-07-23 00:00:00, 11.7, 34.4
0.0, 0.0, 0.0, 1978-07-24 00:00:00, 11.1, 32.2
0.0, 0.0, 0.0, 1978-07-25 00:00:00, 11.1, 34.4
4.3, 4.3, 0.0, 1978-07-26 00:00:00, 12.8, 28.9
0.5, 0.5, 0.0, 1978-07-27 00:00:00, 14.4, 25.6
0.0, 0.0, 0.0, 1978-07-28 00:00:00, 9.4, 28.9
0.0, 0.0, 0.0, 1978-07-29 00:00:00, 10.0, 31.7
0.0, 0.0, 0.0, 1978-07-30 00:00:00, 15.6, 32.8
0.0, 0.0, 0.0, 1978-07-31 00:00:00, 12.2, 31.7
0.0, 0.0, 0.0, 1978-08-01 00:00:00, 9.4, 32.2
0.0, 0.0, 0.0, 1978-08-02 00:00:00, 10.0, 32.2
0.0, 0.0, 0.0, 1978-08-03 00:00:00, 6.7, 33.3
0.0, 0.0, 0.0, 1978-08-04 00:00:00, 12.8, 33.9
0.0, 0.0, 0.0, 1978-08-05 00:00:00, 12.8, 30.6
0.0, 0.0, 0.0, 1978-08-06 00:00:00, 11.1, 31.1
0.0, 0.0, 0.0, 1978-08-07 00:00:00, 10.0, 31.7
0.0, 0.0, 0.0, 1978-08-08 00:00:00, 10.0, 33.9
0.0, 0.0, 0.0, 1978-08-09 00:00:00, 12.8, 35.6
0.5, 0.5, 0.0, 1978-08-10 00:00:00, 10.0, 27.8
2.3, 2.3, 0.0, 1978-08-11 00:00:00, 11.1, 24.4
1.0, 1.0, 0.0, 1978-08-12 00:00:00, 11.1, 19.4
0.0, 0.0, 0.0, 1978-08-13 00:00:00, 11.1, 24.4
2.5, 2.5, 0.0, 1978-08-14 00:00:00, 12.2, 18.9
4.8, 4.8, 0.0, 1978-08-15 00:00:00, 12.2, 22.2
1.8, 1.8, 0.0, 1978-08-16 00:00:00, 11.7, 20.6
0.5, 0.5, 0.0, 1978-08-17 00:00:00, 7.2, 23.3
5.3, 5.3, 0.0, 1978-08-18 00:00:00, 8.9, 20.0
7.4, 7.4, 0.0, 1978-08-19 00:00:00, 8.3, 20.6
0.5, 0.5, 0.0, 1978-08-20 00:00:00, 10.0, 20.0
0.5, 0.5, 0.0, 1978-08-21 00:00:00, 5.6, 25.6
3.0, 3.0, 0.0, 1978-08-22 00:00:00, 10.0, 22.2
4.1, 4.1, 0.0, 1978-08-23 00:00:00, 10.0, 21.1
9.9, 9.9, 0.0, 1978-08-24 00:00:00, 10.0, 20.0
0.0, 0.0, 0.0, 1978-08-25 00:00:00, 11.1, 21.7
0.0, 0.0, 0.0, 1978-08-26 00:00:00, 8.3, 23.3
0.0, 0.0, 0.0, 1978-08-27 00:00:00, 6.7, 23.9
0.0, 0.0, 0.0, 1978-08-28 00:00:00, 7.2, 25.6
0.0, 0.0, 0.0, 1978-08-29 00:00:00, 8.3, 27.2
0.3, 0.3, 0.0, 1978-08-30 00:00:00, 8.9, 24.4
6.4, 6.4, 0.0, 1978-08-31 00:00:00, 13.3, 22.2
1.5, 1.5, 0.0, 1978-09-01 00:00:00, 12.2, 17.8
1.3, 1.3, 0.0, 1978-09-02 00:00:00, 8.9, 23.3
11.7, 11.7, 0.0, 1978-09-03 00:00:00, 10.0, 19.4
8.9, 8.9, 0.0, 1978-09-04 00:00:00, 11.7, 15.0
6.1, 6.1, 0.0, 1978-09-05 00:00:00, 10.0, 14.4
8.4, 8.4, 0.0, 1978-09-06 00:00:00, 11.1, 19.4
4.6, 4.6, 0.0, 1978-09-07 00:00:00, 9.4, 16.7
1.0, 1.0, 0.0, 1978-09-08 00:00:00, 10.0, 20.0
2.0, 2.0, 0.0, 1978-09-09 00:00:00, 10.6, 19.4
0.0, 0.0, 0.0, 1978-09-10 00:00:00, 11.1, 15.6
0.0, 0.0, 0.0, 1978-09-11 00:00:00, 3.3, 19.4
0.5, 0.5, 0.0, 1978-09-12 00:00:00, 4.4, 20.6
0.5, 0.5, 0.0, 1978-09-13 00:00:00, 10.0, 17.8
0.8, 0.8, 0.0, 1978-09-14 00:00:00, 5.0, 22.2
3.8, 3.8, 0.0, 1978-09-15 00:00:00, 7.2, 14.4
0.0, 0.0, 0.0, 1978-09-16 00:00:00, 4.4, 15.6
0.0, 0.0, 0.0, 1978-09-17 00:00:00, -1.1, 15.0
0.0, 0.0, 0.0, 1978-09-18 00:00:00, 1.7, 18.9
0.5, 0.5, 0.0, 1978-09-19 00:00:00, -0.6, 18.9
0.5, 0.5, 0.0, 1978-09-20 00:00:00, 5.6, 16.7
7.6, 7.6, 0.0, 1978-09-21 00:00:00, 7.8, 16.1
0.5, 0.5, 0.0, 1978-09-22 00:00:00, 2.8, 15.6
0.0, 0.0, 0.0, 1978-09-23 00:00:00, 1.7, 14.4
0.0, 0.0, 0.0, 1978-09-24 00:00:00, 3.3, 20.0
0.3, 0.3, 0.0, 1978-09-25 00:00:00, 4.4, 20.6
1.8, 1.8, 0.0, 1978-09-26 00:00:00, 7.2, 20.6
0.5, 0.5, 0.0, 1978-09-27 00:00:00, 9.4, 20.6
0.0, 0.0, 0.0, 1978-09-28 00:00:00, 5.0, 15.0
0.0, 0.0, 0.0, 1978-09-29 00:00:00, 2.8, 19.4
0.0, 0.0, 0.0, 1978-09-30 00:00:00, 7.8, 21.1
