station_observations
ONE_DAY_PRECIPITATION, ONE_DAY_RAIN, ONE_DAY_SNOW, time, MIN_TEMP, MAX_TEMP
7.6, 0.0, 7.6, 1969-01-15 00:00:00, None, None
8.9, 0.0, 8.9, 1969-01-16 00:00:00, -17.2, -10.0
6.4, 0.0, 6.4, 1969-01-17 00:00:00, -21.1, -12.2
0.0, 0.0, 0.0, 1969-01-18 00:00:00, -18.9, -15.0
2.5, 0.0, 2.5, 1969-01-19 00:00:00, -22.8, -15.0
0.0, 0.0, 0.0, 1969-01-20 00:00:00, -22.8, -14.4
0.0, 0.0, 0.0, 1969-01-21 00:00:00, -26.7, -17.8
0.0, 0.0, 0.0, 1969-01-22 00:00:00, -30.0, -22.8
0.0, 0.0, 0.0, 1969-01-23 00:00:00, -30.6, -22.2
0.0, 0.0, 0.0, 1969-01-24 00:00:00, -28.3, -19.4
2.5, 0.0, 2.5, 1969-01-25 00:00:00, -27.2, -19.4
3.8, 0.0, 3.8, 1969-01-26 00:00:00, -24.4, -20.6
0.0, 0.0, 0.0, 1969-01-27 00:00:00, -29.4, -23.3
0.0, 0.0, 0.0, 1969-01-28 00:00:00, -31.1, -23.9
0.0, 0.0, 0.0, 1969-01-29 00:00:00, -31.1, -23.3
2.5, 0.0, 2.5, 1969-01-30 00:00:00, -28.9, -21.1
15.2, 0.0, 15.2, 1969-01-31 00:00:00, -30.0, -13.3
20.3, 0.0, 20.3, 1969-02-01 00:00:00, -22.2, -11.7
21.6, 0.0, 21.6, 1969-02-02 00:00:00, -13.3, -7.8
2.5, 0.0, 2.5, 1969-02-03 00:00:00, -13.9, -6.1
35.6, 0.0, 35.6, 1969-02-04 00:00:00, -8.3, -6.1
0.0, 0.0, 0.0, 1969-02-05 00:00:00, -11.7, -7.2
0.0, 0.0, 0.0, 1969-02-06 00:00:00, -17.8, -10.0
15.2, 0.0, 15.2, 1969-02-07 00:00:00, -19.4, -7.8
35.6, 0.0, 35.6, 1969-02-08 00:00:00, -13.3, -4.4
12.7, 0.0, 12.7, 1969-02-09 00:00:00, -7.8, -6.1
14.0, 0.0, 14.0, 1969-02-10 00:00:00, -15.0, -5.0
35.6, 0.0, 35.6, 1969-02-11 00:00:00, -9.4, -2.8
8.9, 0.0, 8.9, 1969-02-12 00:00:00, -8.3, -2.8
10.2, 0.0, 10.2, 1969-02-13 00:00:00, -10.0, -7.2
6.4, 0.0, 6.4, 1969-02-14 00:00:00, -12.2, -7.8
2.5, 0.0, 2.5, 1969-02-15 00:00:00, -11.7, -4.4
0.0, 0.0, 0.0, 1969-02-16 00:00:00, -7.8, -3.3
0.0, 0.0, 0.0, 1969-02-17 00:00:00, -7.2, -1.7
0.0, 0.0, 0.0, 1969-02-18 00:00:00, -10.6, -1.7
0.0, 0.0, 0.0, 1969-02-19 00:00:00, -11.1, 1.1
0.0, 0.0, 0.0, 1969-02-20 00:00:00, -10.6, 1.1
0.0, 0.0, 0.0, 1969-02-21 00:00:00, -12.8, 0.6
0.0, 0.0, 0.0, 1969-02-22 00:00:00, -16.7, -6.7
2.5, 0.0, 2.5, 1969-02-23 00:00:00, -13.3, -7.2
0.0, 0.0, 0.0, 1969-02-24 00:00:00, -10.6, -1.1
10.2, 0.0, 10.2, 1969-02-25 00:00:00, -12.2, -2.8
10.2, 0.0, 10.2, 1969-02-26 00:00:00, -10.6, -5.0
0.0, 0.0, 0.0, 1969-02-27 00:00:00, -10.6, -5.0
7.6, 0.0, 7.6, 1969-02-28 00:00:00, -11.7, -5.0
0.0, 0.0, 0.0, 1969-03-01 00:00:00, -8.3, -1.7
0.0, 0.0, 0.0, 1969-03-02 00:00:00, -7.2, -1.7
0.0, 0.0, 0.0, 1969-03-03 00:00:00, -10.6, 2.8
7.6, 0.0, 7.6, 1969-03-04 00:00:00, -9.4, -2.2
5.1, 0.0, 5.1, 1969-03-05 00:00:00, -8.9, -2.8
3.8, 0.0, 3.8, 1969-03-06 00:00:00, -9.4, -3.3
0.0, 0.0, 0.0, 1969-03-07 00:00:00, -8.9, -3.9
0.0, 0.0, 0.0, 1969-03-08 00:00:00, -13.3, -3.9
0.0, 0.0, 0.0, 1969-03-09 00:00:00, -13.3, -0.6
0.0, 0.0, 0.0, 1969-03-10 00:00:00, -13.9, 0.6
0.0, 0.0, 0.0, 1969-03-11 00:00:00, -12.2, 1.7
0.0, 0.0, 0.0, 1969-03-12 00:00:00, -10.6, 1.1
0.0, 0.0, 0.0, 1969-03-13 00:00:00, -11.7, -1.1
27.9, 0.0, 27.9, 1969-03-14 00:00:00, -8.9, 0.0
30.5, 0.0, 30.5, 1969-03-15 00:00:00, -5.6, -0.6
15.2, 0.0, 15.2, 1969-03-16 00:00:00, -4.4, 0.6
10.2, 0.0, 10.2, 1969-03-17 00:00:00, -3.3, 0.0
7.6, 0.0, 7.6, 1969-03-18 00:00:00, -5.0, 0.0
2.5, 0.0, 2.5, 1969-03-19 00:00:00, -6.1, -1.1
0.0, 0.0, 0.0, 1969-03-20 00:00:00, -7.2, 0.0
2.5, 0.0, 2.5, 1969-03-21 00:00:00, -7.8, 0.6
25.4, 0.0, 25.4, 1969-03-22 00:00:00, -11.1, -4.4
0.0, 0.0, 0.0, 1969-03-23 00:00:00, -11.7, -4.4
0.0, 0.0, 0.0, 1969-03-24 00:00:00, -12.8, -0.6
0.0, 0.0, 0.0, 1969-03-25 00:00:00, -7.8, 6.7
0.0, 0.0, 0.0, 1969-03-26 00:00:00, -5.6, 7.2
0.0, 0.0, 0.0, 1969-03-27 00:00:00, -3.9, 2.8
0.0, 0.0, 0.0, 1969-03-28 00:00:00, -6.7, 1.7
0.0, 0.0, 0.0, 1969-03-29 00:00:00, -6.7, 5.0
3.6, 2.3, 1.3, 1969-03-30 00:00:00, -1.1, 5.6
8.9, 0.0, 8.9, 1969-03-31 00:00:00, -2.8, 1.7
7.6, 0.0, 7.6, 1969-04-01 00:00:00, -4.4, 0.6
21.6, 0.0, 21.6, 1969-04-02 00:00:00, -3.9, 0.6
0.0, 0.0, 0.0, 1969-04-03 00:00:00, -7.2, -0.6
1.3, 0.0, 1.3, 1969-04-04 00:00:00, -7.2, 3.3
0.0, 0.0, 0.0, 1969-04-05 00:00:00, -2.2, 7.2
1.3, 0.0, 1.3, 1969-04-06 00:00:00, -2.2, 1.1
0.0, 0.0, 0.0, 1969-04-07 00:00:00, -3.9, 4.4
1.3, 0.0, 1.3, 1969-04-08 00:00:00, -3.9, 5.6
0.0, 0.0, 0.0, 1969-04-09 00:00:00, -1.1, 6.1
0.0, 0.0, 0.0, 1969-04-10 00:00:00, -1.7, 5.6
0.0, 0.0, 0.0, 1969-04-11 00:00:00, 1.1, 5.6
2.5, 0.0, 2.5, 1969-04-12 00:00:00, -2.2, 7.8
5.1, 0.0, 5.1, 1969-04-13 00:00:00, -2.8, 0.6
0.0, 0.0, 0.0, 1969-04-14 00:00:00, -8.3, 4.4
0.0, 0.0, 0.0, 1969-04-15 00:00:00, -5.6, 6.1
10.2, 0.0, 10.2, 1969-04-16 00:00:00, -2.8, 3.9
22.6, 0.0, 22.6, 1969-04-17 00:00:00, -2.2, 5.0
21.8, 1.5, 20.3, 1969-04-18 00:00:00, -2.8, 1.1
17.8, 0.0, 17.8, 1969-04-19 00:00:00, -5.6, -2.2
11.4, 0.0, 11.4, 1969-04-20 00:00:00, -7.2, 0.0
0.0, 0.0, 0.0, 1969-04-21 00:00:00, -5.0, 6.1
0.0, 0.0, 0.0, 1969-04-22 00:00:00, 0.0, 11.1
15.2, 12.7, 2.5, 1969-04-23 00:00:00, 1.7, 7.2
16.0, 0.0, 16.0, 1969-04-24 00:00:00, -4.4, -2.2
4.6, 4.6, 0.0, 1969-04-25 00:00:00, -5.0, -0.6
0.0, 0.0, 0.0, 1969-04-26 00:00:00, -7.8, 4.4
0.0, 0.0, 0.0, 1969-04-27 00:00:00, -2.2, 7.2
10.7, 0.0, 10.7, 1969-04-28 00:00:00, -2.8, 6.1
0.0, 0.0, 0.0, 1969-04-29 00:00:00, -2.8, 2.2
0.0, 0.0, 0.0, 1969-04-30 00:00:00, -4.4, 5.6
4.1, 0.0, 4.1, 1969-05-01 00:00:00, -3.3, 5.6
7.1, 1.5, 5.6, 1969-05-02 00:00:00, -1.1, 2.8
1.3, 1.3, 0.0, 1969-05-03 00:00:00, -2.8, 2.2
1.0, 1.0, 0.0, 1969-05-04 00:00:00, -3.3, 6.1
0.0, 0.0, 0.0, 1969-05-05 00:00:00, -2.2, 7.2
0.0, 0.0, 0.0, 1969-05-06 00:00:00, -1.1, 8.3
0.0, 0.0, 0.0, 1969-05-07 00:00:00, -0.6, 9.4
0.0, 0.0, 0.0, 1969-05-08 00:00:00, 0.0, 12.2
0.0, 0.0, 0.0, 1969-05-09 00:00:00, 2.8, 10.6
0.0, 0.0, 0.0, 1969-05-10 00:00:00, 2.2, 12.8
0.0, 0.0, 0.0, 1969-05-11 00:00:00, 3.3, 11.1
0.0, 0.0, 0.0, 1969-05-12 00:00:00, 3.9, 11.1
0.0, 0.0, 0.0, 1969-05-13 00:00:00, 2.2, 12.8
1.8, 1.8, 0.0, 1969-05-14 00:00:00, 0.6, 12.8
0.0, 0.0, 0.0, 1969-05-15 00:00:00, -3.3, 6.1
0.0, 0.0, 0.0, 1969-05-16 00:00:00, -1.7, 5.6
0.0, 0.0, 0.0, 1969-05-17 00:00:00, -2.8, 8.9
0.0, 0.0, 0.0, 1969-05-18 00:00:00, 1.7, 12.2
0.0, 0.0, 0.0, 1969-05-19 00:00:00, 0.6, 11.7
0.0, 0.0, 0.0, 1969-05-20 00:00:00, 1.1, 10.0
0.0, 0.0, 0.0, 1969-05-21 00:00:00, 2.8, 10.6
0.0, 0.0, 0.0, 1969-05-22 00:00:00, 4.4, 11.1
0.0, 0.0, 0.0, 1969-05-23 00:00:00, 4.4, 13.3
8.4, 8.4, 0.0, 1969-05-24 00:00:00, 5.6, 12.8
8.1, 8.1, 0.0, 1969-05-25 00:00:00, 0.6, 9.4
20.6, 10.9, 9.7, 1969-05-26 00:00:00, 0.0, 5.6
7.9, 0.5, 7.4, 1969-05-27 00:00:00, -0.6, 5.6
13.7, 12.4, 1.3, 1969-05-28 00:00:00, -1.7, 5.6
12.2, 11.7, 0.5, 1969-05-29 00:00:00, 0.0, 5.0
0.0, 0.0, 0.0, 1969-05-30 00:00:00, 0.6, 6.1
0.0, 0.0, 0.0, 1969-05-31 00:00:00, 0.0, 11.7
0.0, 0.0, 0.0, 1969-06-01 00:00:00, 3.9, 13.9
0.0, 0.0, 0.0, 1969-06-02 00:00:00, 5.6, 11.7
0.0, 0.0, 0.0, 1969-06-03 00:00:00, 5.0, 12.8
0.0, 0.0, 0.0, 1969-06-04 00:00:00, 7.2, 16.1
0.0, 0.0, 0.0, 1969-06-05 00:00:00, 6.7, 15.0
0.0, 0.0, 0.0, 1969-06-06 00:00:00, 6.7, 15.0
0.0, 0.0, 0.0, 1969-06-07 00:00:00, 7.8, 13.9
0.0, 0.0, 0.0, 1969-06-08 00:00:00, 7.8, 16.1
0.0, 0.0, 0.0, 1969-06-09 00:00:00, 5.6, 17.8
0.0, 0.0, 0.0, 1969-06-10 00:00:00, 6.7, 15.0
0.0, 0.0, 0.0, 1969-06-11 00:00:00, 5.6, 17.8
0.0, 0.0, 0.0, 1969-06-12 00:00:00, 5.6, 14.4
0.0, 0.0, 0.0, 1969-06-13 00:00:00, 3.3, 12.8
0.0, 0.0, 0.0, 1969-06-14 00:00:00, 3.9, 15.0
0.0, 0.0, 0.0, 1969-06-15 00:00:00, 3.9, 16.7
0.0, 0.0, 0.0, 1969-06-16 00:00:00, 6.7, 17.2
0.0, 0.0, 0.0, 1969-06-17 00:00:00, 7.2, 17.2
0.0, 0.0, 0.0, 1969-06-18 00:00:00, 7.8, 20.6
0.0, 0.0, 0.0, 1969-06-19 00:00:00, 8.3, 18.9
17.3, 17.3, 0.0, 1969-06-20 00:00:00, 5.0, 11.7
35.6, 35.6, 0.0, 1969-06-21 00:00:00, 3.9, 9.4
0.3, 0.3, 0.0, 1969-06-22 00:00:00, 4.4, 8.3
7.1, 7.1, 0.0, 1969-06-23 00:00:00, 3.9, 10.6
18.8, 18.8, 0.0, 1969-06-24 00:00:00, 3.3, 5.6
6.4, 6.4, 0.0, 1969-06-25 00:00:00, 2.8, 6.1
16.3, 16.3, 0.0, 1969-06-26 00:00:00, 2.8, 5.6
22.1, 22.1, 0.0, 1969-06-27 00:00:00, 2.8, 10.0
0.3, 0.3, 0.0, 1969-06-28 00:00:00, 0.0, 6.7
5.3, 5.3, 0.0, 1969-06-29 00:00:00, 0.6, 10.0
2.3, 2.3, 0.0, 1969-06-30 00:00:00, 4.4, 10.0
0.0, 0.0, 0.0, 1969-07-01 00:00:00, 3.3, 13.3
33.0, 33.0, 0.0, 1969-07-02 00:00:00, 5.0, 11.1
19.6, 19.6, 0.0, 1969-07-03 00:00:00, 3.3, 8.3
11.9, 11.9, 0.0, 1969-07-04 00:00:00, 3.3, 6.1
4.1, 4.1, 0.0, 1969-07-05 00:00:00, 2.8, 6.7
0.3, 0.3, 0.0, 1969-07-06 00:00:00, 1.7, 11.1
1.8, 1.8, 0.0, 1969-07-07 00:00:00, 3.3, 12.8
0.0, 0.0, 0.0, 1969-07-08 00:00:00, 6.1, 15.0
0.0, 0.0, 0.0, 1969-07-09 00:00:00, 6.7, 19.4
6.1, 6.1, 0.0, 1969-07-10 00:00:00, 8.3, 15.6
5.3, 5.3, 0.0, 1969-07-11 00:00:00, 3.3, 10.6
12.4, 12.4, 0.0, 1969-07-12 00:00:00, 1.7, 7.2
6.6, 6.6, 0.0, 1969-07-13 00:00:00, 0.6, 7.2
0.0, 0.0, 0.0, 1969-07-14 00:00:00, -0.6, 9.4
0.0, 0.0, 0.0, 1969-07-15 00:00:00, 1.1, 10.6
0.0, 0.0, 0.0, 1969-07-16 00:00:00, 3.3, 12.2
0.0, 0.0, 0.0, 1969-07-17 00:00:00, 3.3, 13.9
0.0, 0.0, 0.0, 1969-07-18 00:00:00, 4.4, 17.2
0.0, 0.0, 0.0, 1969-07-19 00:00:00, 7.2, 19.4
0.0, 0.0, 0.0, 1969-07-20 00:00:00, 9.4, 17.2
0.0, 0.0, 0.0, 1969-07-21 00:00:00, 6.7, 13.9
0.0, 0.0, 0.0, 1969-07-22 00:00:00, 7.2, 14.4
0.0, 0.0, 0.0, 1969-07-23 00:00:00, 6.7, 18.3
0.0, 0.0, 0.0, 1969-07-24 00:00:00, 9.4, 20.6
3.0, 3.0, 0.0, 1969-07-25 00:00:00, 3.3, 6.7
0.0, 0.0, 0.0, 1969-07-26 00:00:00, 3.3, 15.6
0.3, 0.3, 0.0, 1969-07-27 00:00:00, 5.6, 18.9
1.5, 1.5, 0.0, 1969-07-28 00:00:00, 7.2, 16.1
0.0, 0.0, 0.0, 1969-07-29 00:00:00, 4.4, 12.2
0.0, 0.0, 0.0, 1969-07-30 00:00:00, 4.4, 17.2
0.0, 0.0, 0.0, 1969-07-31 00:00:00, 7.8, 18.3
0.0, 0.0, 0.0, 1969-08-01 00:00:00, 6.7, 18.3
0.0, 0.0, 0.0, 1969-08-02 00:00:00, 7.2, 17.2
0.0, 0.0, 0.0, 1969-08-03 00:00:00, 7.2, 17.8
29.2, 21.6, 7.6, 1969-08-04 00:00:00, 7.2, 18.3
22.4, 18.0, 4.3, 1969-08-05 00:00:00, 0.0, 3.9
0.0, 0.0, 0.0, 1969-08-06 00:00:00, 1.7, 10.6
2.8, 2.8, 0.0, 1969-08-07 00:00:00, 5.0, 14.4
0.0, 0.0, 0.0, 1969-08-08 00:00:00, 7.8, 14.4
0.0, 0.0, 0.0, 1969-08-09 00:00:00, 7.8, 18.3
0.0, 0.0, 0.0, 1969-08-10 00:00:00, 5.0, 15.0
2.0, 2.0, 0.0, 1969-08-11 00:00:00, 5.0, 14.4
4.1, 4.1, 0.0, 1969-08-12 00:00:00, 2.2, 7.8
0.3, 0.3, 0.0, 1969-08-13 00:00:00, 5.0, 13.9
0.0, 0.0, 0.0, 1969-08-14 00:00:00, 7.8, 17.8
7.6, 7.6, 0.0, 1969-08-15 00:00:00, 7.2, 12.8
0.3, 0.3, 0.0, 1969-08-16 00:00:00, 1.1, 6.7
0.0, 0.0, 0.0, 1969-08-17 00:00:00, 1.1, 12.8
13.5, 13.5, 0.0, 1969-08-18 00:00:00, 7.2, 13.3
1.3, 1.3, 0.0, 1969-08-19 00:00:00, 3.3, 8.9
1.8, 1.8, 0.0, 1969-08-20 00:00:00, 3.9, 11.7
0.0, 0.0, 0.0, 1969-08-21 00:00:00, 7.8, 11.1
0.0, 0.0, 0.0, 1969-08-22 00:00:00, 2.2, 16.7
0.0, 0.0, 0.0, 1969-08-23 00:00:00, 7.8, 21.7
0.0, 0.0, 0.0, 1969-08-24 00:00:00, 11.7, 22.8
0.0, 0.0, 0.0, 1969-08-25 00:00:00, 5.6, 12.2
1.3, 1.3, 0.0, 1969-08-26 00:00:00, 5.0, 15.6
2.5, 2.5, 0.0, 1969-08-27 00:00:00, 3.9, 8.9
6.4, 6.4, 0.0, 1969-08-28 00:00:00, 1.1, 5.0
0.5, 0.5, 0.0, 1969-08-29 00:00:00, 1.1, 8.3
0.0, 0.0, 0.0, 1969-08-30 00:00:00, 4.4, 9.4
0.0, 0.0, 0.0, 1969-08-31 00:00:00, 2.2, 15.0
0.0, 0.0, 0.0, 1969-09-01 00:00:00, 5.0, 17.2
1.8, 1.8, 0.0, 1969-09-02 00:00:00, 6.1, 16.7
10.4, 10.4, 0.0, 1969-09-03 00:00:00, 1.7, 3.3
24.4, 18.3, 6.1, 1969-09-04 00:00:00, 0.6, 2.8
13.2, 13.2, 0.0, 1969-09-05 00:00:00, 0.0, 3.3
0.0, 0.0, 0.0, 1969-09-06 00:00:00, 0.6, 8.9
0.0, 0.0, 0.0, 1969-09-07 00:00:00, 3.3, 13.9
0.0, 0.0, 0.0, 1969-09-08 00:00:00, 6.7, 18.3
0.0, 0.0, 0.0, 1969-09-09 00:00:00, 10.0, 20.0
0.0, 0.0, 0.0, 1969-09-10 00:00:00, 8.3, 20.6
0.0, 0.0, 0.0, 1969-09-11 00:00:00, 10.0, 21.7
5.8, 5.8, 0.0, 1969-09-12 00:00:00, 8.3, 19.4
9.4, 1.8, 7.6, 1969-09-13 00:00:00, 1.7, 6.7
9.1, 5.1, 4.1, 1969-09-14 00:00:00, -0.6, 2.2
2.5, 1.5, 1.0, 1969-09-15 00:00:00, -1.7, 2.8
1.3, 1.3, 0.0, 1969-09-16 00:00:00, -0.6, 5.6
7.9, 7.9, 0.0, 1969-09-17 00:00:00, 2.8, 8.9
28.2, 28.2, 0.0, 1969-09-18 00:00:00, 5.0, 7.8
23.4, 23.4, 0.0, 1969-09-19 00:00:00, 0.6, 5.6
1.5, 1.5, 0.0, 1969-09-20 00:00:00, 1.7, 5.6
2.5, 2.5, 0.0, 1969-09-21 00:00:00, 0.6, 5.6
34.0, 34.0, 0.0, 1969-09-22 00:00:00, 2.8, 4.4
8.1, 7.1, 1.0, 1969-09-23 00:00:00, 1.7, 5.0
14.2, 14.2, 0.0, 1969-09-24 00:00:00, 0.0, 3.9
10.7, 5.6, 5.1, 1969-09-25 00:00:00, 0.0, 3.9
0.5, 0.5, 0.0, 1969-09-26 00:00:00, 0.0, 6.1
13.2, 13.2, 0.0, 1969-09-27 00:00:00, -1.1, 5.6
3.6, 3.6, 0.0, 1969-09-28 00:00:00, 1.1, 6.1
13.7, 12.2, 1.5, 1969-09-29 00:00:00, 2.8, 5.0
34.3, 10.2, 24.1, 1969-09-30 00:00:00, 0.0, 1.7
49.0, 13.5, 35.6, 1969-10-01 00:00:00, -1.1, 0.0
1.3, 0.0, 1.3, 1969-10-02 00:00:00, -2.2, 0.6
0.0, 0.0, 0.0, 1969-10-03 00:00:00, -5.6, 2.2
0.0, 0.0, 0.0, 1969-10-04 00:00:00, -6.1, 1.7
0.0, 0.0, 0.0, 1969-10-05 00:00:00, -2.8, 6.1
0.0, 0.0, 0.0, 1969-10-06 00:00:00, -1.1, 6.7
1.0, 1.0, 0.0, 1969-10-07 00:00:00, 1.7, 6.1
10.2, 0.0, 10.2, 1969-10-08 00:00:00, 0.6, 3.3
1.3, 0.0, 1.3, 1969-10-09 00:00:00, -2.2, 1.1
0.0, 0.0, 0.0, 1969-10-10 00:00:00, -3.9, 2.8
0.0, 0.0, 0.0, 1969-10-11 00:00:00, -2.8, 5.6
0.0, 0.0, 0.0, 1969-10-12 00:00:00, -2.2, 3.9
0.0, 0.0, 0.0, 1969-10-13 00:00:00, -3.9, 5.6
0.0, 0.0, 0.0, 1969-10-14 00:00:00, -2.8, 4.4
0.0, 0.0, 0.0, 1969-10-15 00:00:00, -4.4, 5.6
0.0, 0.0, 0.0, 1969-10-16 00:00:00, -3.9, 4.4
0.0, 0.0, 0.0, 1969-10-17 00:00:00, -3.9, 6.1
0.0, 0.0, 0.0, 1969-10-18 00:00:00, -3.3, 5.6
12.7, 0.0, 12.7, 1969-10-19 00:00:00, -1.7, 2.2
3.8, 0.0, 3.8, 1969-10-20 00:00:00, -1.7, 2.8
0.0, 0.0, 0.0, 1969-10-21 00:00:00, -0.6, 7.2
6.4, 6.4, 0.0, 1969-10-22 00:00:00, 2.8, 5.0
2.5, 0.0, 2.5, 1969-10-23 00:00:00, -2.2, 0.0
3.8, 0.0, 3.8, 1969-10-24 00:00:00, -6.7, -0.6
0.0, 0.0, 0.0, 1969-10-25 00:00:00, -8.9, -1.7
0.0, 0.0, 0.0, 1969-10-26 00:00:00, -8.9, 0.6
0.0, 0.0, 0.0, 1969-10-27 00:00:00, -5.6, 0.0
0.0, 0.0, 0.0, 1969-10-28 00:00:00, -3.9, 0.0
2.5, 0.0, 2.5, 1969-10-29 00:00:00, -3.3, -1.1
15.2, 0.0, 15.2, 1969-10-30 00:00:00, -2.2, 0.6
0.0, 0.0, 0.0, 1969-10-31 00:00:00, -1.7, 2.2
0.0, 0.0, 0.0, 1969-11-01 00:00:00, -5.6, 2.8
0.0, 0.0, 0.0, 1969-11-02 00:00:00, -4.4, 2.8
7.6, 0.0, 7.6, 1969-11-03 00:00:00, -1.1, 3.3
24.1, 0.0, 24.1, 1969-11-04 00:00:00, -1.7, 0.6
7.6, 0.0, 7.6, 1969-11-05 00:00:00, -4.4, -0.6
14.0, 0.0, 14.0, 1969-11-06 00:00:00, -3.3, -1.1
0.0, 0.0, 0.0, 1969-11-07 00:00:00, -3.9, 0.0
17.8, 0.0, 17.8, 1969-11-08 00:00:00, -3.9, -1.1
3.8, 0.0, 3.8, 1969-11-09 00:00:00, -7.8, -2.8
10.2, 0.0, 10.2, 1969-11-10 00:00:00, -5.0, -1.7
20.3, 0.0, 20.3, 1969-11-11 00:00:00, -5.6, 0.6
2.5, 0.0, 2.5, 1969-11-12 00:00:00, -5.6, -1.1
0.0, 0.0, 0.0, 1969-11-13 00:00:00, -6.7, 1.1
30.5, 0.0, 30.5, 1969-11-14 00:00:00, -2.2, 1.7
35.6, 0.0, 35.6, 1969-11-15 00:00:00, -6.7, -2.2
26.7, 0.0, 26.7, 1969-11-16 00:00:00, -11.7, -7.2
21.6, 0.0, 21.6, 1969-11-17 00:00:00, -11.1, -6.1
21.6, 0.0, 21.6, 1969-11-18 00:00:00, -11.7, -4.4
20.3, 0.0, 20.3, 1969-11-19 00:00:00, -7.8, -3.3
2.5, 0.0, 2.5, 1969-11-20 00:00:00, -6.1, 0.6
2.5, 0.0, 2.5, 1969-11-21 00:00:00, -5.0, -2.8
17.8, 0.0, 17.8, 1969-11-22 00:00:00, -6.1, -4.4
14.0, 0.0, 14.0, 1969-11-23 00:00:00, -6.7, -3.3
5.1, 0.0, 5.1, 1969-11-24 00:00:00, -8.9, -5.0
3.8, 0.0, 3.8, 1969-11-25 00:00:00, -10.6, -5.6
0.0, 0.0, 0.0, 1969-11-26 00:00:00, -15.6, -6.1
0.0, 0.0, 0.0, 1969-11-27 00:00:00, -12.2, -2.8
0.0, 0.0, 0.0, 1969-11-28 00:00:00, -8.9, -1.7
0.0, 0.0, 0.0, 1969-11-29 00:00:00, -7.2, -2.8
0.0, 0.0, 0.0, 1969-11-30 00:00:00, -9.4, -0.6
0.0, 0.0, 0.0, 1969-12-01 00:00:00, -7.2, 0.0
0.0, 0.0, 0.0, 1969-12-02 00:00:00, -7.2, 0.6
5.1, 0.0, 5.1, 1969-12-03 00:00:00, -8.9, -1.1
2.5, 0.0, 2.5, 1969-12-04 00:00:00, -7.8, -4.4
0.0, 0.0, 0.0, 1969-12-05 00:00:00, -13.9, -8.3
1.3, 0.0, 1.3, 1969-12-06 00:00:00, -13.3, -7.8
0.8, 0.0, 0.8, 1969-12-07 00:00:00, -13.9, -6.7
5.1, 0.0, 5.1, 1969-12-08 00:00:00, -16.7, -8.3
14.0, 0.0, 14.0, 1969-12-09 00:00:00, -11.1, -7.8
5.1, 0.0, 5.1, 1969-12-10 00:00:00, -10.0, -7.2
7.6, 0.0, 7.6, 1969-12-11 00:00:00, -9.4, -2.2
0.0, 0.0, 0.0, 1969-12-12 00:00:00, -7.2, -2.2
15.2, 0.0, 15.2, 1969-12-13 00:00:00, -5.6, 0.0
29.2, 0.0, 29.2, 1969-12-14 00:00:00, -5.6, 0.0
0.0, 0.0, 0.0, 1969-12-15 00:00:00, -10.0, -3.9
2.5, 0.0, 2.5, 1969-12-16 00:00:00, -12.2, -8.3
0.0, 0.0, 0.0, 1969-12-17 00:00:00, -14.4, -7.2
2.8, 0.0, 2.8, 1969-12-18 00:00:00, -9.4, -3.3
0.0, 0.0, 0.0, 1969-12-19 00:00:00, -6.1, None
2.5, 0.0, 2.5, 1969-12-20 00:00:00, None, -2.8
0.0, 0.0, 0.0, 1969-12-21 00:00:00, -6.7, None
2.8, 0.0, 2.8, 1969-12-22 00:00:00, -6.7, -2.8
4.8, 0.0, 4.8, 1969-12-23 00:00:00, -7.2, -5.0
0.0, 0.0, 0.0, 1969-12-24 00:00:00, -12.2, -3.9
2.0, 0.0, 2.0, 1969-12-25 00:00:00, -12.2, -3.3
1.8, 0.0, 1.8, 1969-12-26 00:00:00, -14.4, -7.2
6.1, 0.0, 6.1, 1969-12-27 00:00:00, -12.8, -10.6
5.8, 0.0, 5.8, 1969-12-28 00:00:00, -16.7, -7.8
0.3, 0.0, 0.3, 1969-12-29 00:00:00, -12.8, -7.2
3.6, 0.0, 3.6, 1969-12-30 00:00:00, -13.9, -7.2
0.0, 0.0, 0.0, 1969-12-31 00:00:00, -15.6, -7.2
0.0, 0.0, 0.0, 1970-01-01 00:00:00, -13.3, -7.2
6.4, 0.0, 6.4, 1970-01-02 00:00:00, -17.2, -8.3
0.0, 0.0, 0.0, 1970-01-03 00:00:00, -18.9, -10.0
2.5, 0.0, 2.5, 1970-01-04 00:00:00, -18.9, -11.1
2.5, 0.0, 2.5, 1970-01-05 00:00:00, -18.9, -15.0
0.0, 0.0, 0.0, 1970-01-06 00:00:00, -18.9, -13.9
0.0, 0.0, 0.0, 1970-01-07 00:00:00, -19.4, -11.1
19.1, 0.0, 19.1, 1970-01-08 00:00:00, -16.1, -6.7
29.2, 0.0, 29.2, 1970-01-09 00:00:00, -11.7, -5.6
10.2, 0.0, 10.2, 1970-01-10 00:00:00, -15.6, -11.1
8.9, 0.0, 8.9, 1970-01-11 00:00:00, -13.3, -11.1
19.1, 0.0, 19.1, 1970-01-12 00:00:00, -15.0, -8.3
36.8, 0.0, 36.8, 1970-01-13 00:00:00, -10.6, -3.9
2.5, 0.0, 2.5, 1970-01-14 00:00:00, -10.6, -3.3
0.0, 0.0, 0.0, 1970-01-15 00:00:00, -22.2, -13.9
0.0, 0.0, 0.0, 1970-01-16 00:00:00, -25.0, -16.1
0.0, 0.0, 0.0, 1970-01-17 00:00:00, -23.3, -15.0
14.0, 0.0, 14.0, 1970-01-18 00:00:00, -21.1, -6.7
21.6, 0.0, 21.6, 1970-01-19 00:00:00, -13.3, -3.9
7.6, 0.0, 7.6, 1970-01-20 00:00:00, -7.8, -2.8
17.8, 0.0, 17.8, 1970-01-21 00:00:00, -7.8, -2.2
20.3, 0.0, 20.3, 1970-01-22 00:00:00, -6.1, -2.8
2.5, 0.0, 2.5, 1970-01-23 00:00:00, -6.7, -2.8
2.5, 0.0, 2.5, 1970-01-24 00:00:00, -7.2, -2.8
31.8, 0.0, 31.8, 1970-01-25 00:00:00, -7.2, -5.0
11.4, 0.0, 11.4, 1970-01-26 00:00:00, -7.8, -5.6
15.2, 0.0, 15.2, 1970-01-27 00:00:00, -10.0, -7.8
2.5, 0.0, 2.5, 1970-01-28 00:00:00, -12.8, -8.9
0.0, 0.0, 0.0, 1970-01-29 00:00:00, -13.9, -8.9
27.9, 0.0, 27.9, 1970-01-30 00:00:00, -16.7, -6.7
45.7, 0.0, 45.7, 1970-01-31 00:00:00, -10.6, -5.6
15.2, 0.0, 15.2, 1970-02-01 00:00:00, -7.2, -5.6
10.2, 0.0, 10.2, 1970-02-02 00:00:00, -7.8, -3.9
12.7, 0.0, 12.7, 1970-02-03 00:00:00, -9.4, -3.9
0.0, 0.0, 0.0, 1970-02-04 00:00:00, -11.1, -2.8
11.4, 0.0, 11.4, 1970-02-05 00:00:00, -11.7, -7.2
0.0, 0.0, 0.0, 1970-02-06 00:00:00, -9.4, -3.9
0.0, 0.0, 0.0, 1970-02-07 00:00:00, -11.7, -4.4
0.0, 0.0, 0.0, 1970-02-08 00:00:00, -9.4, -1.1
0.0, 0.0, 0.0, 1970-02-09 00:00:00, -6.7, 2.8
0.0, 0.0, 0.0, 1970-02-10 00:00:00, -6.7, 1.7
0.0, 0.0, 0.0, 1970-02-11 00:00:00, -7.2, 2.2
0.0, 0.0, 0.0, 1970-02-12 00:00:00, -6.7, 3.3
1.3, 0.0, 1.3, 1970-02-13 00:00:00, -5.6, -0.6
24.1, 0.0, 24.1, 1970-02-14 00:00:00, -3.9, -1.1
15.2, 0.0, 15.2, 1970-02-15 00:00:00, -5.6, -2.8
3.8, 0.0, 3.8, 1970-02-16 00:00:00, -7.8, -2.2
40.6, 0.0, 40.6, 1970-02-17 00:00:00, -7.2, -2.2
0.0, 0.0, 0.0, 1970-02-18 00:00:00, -6.1, -4.4
0.0, 0.0, 0.0, 1970-02-19 00:00:00, -6.7, -2.2
0.0, 0.0, 0.0, 1970-02-20 00:00:00, -11.7, -2.2
0.0, 0.0, 0.0, 1970-02-21 00:00:00, -11.7, -1.1
0.0, 0.0, 0.0, 1970-02-22 00:00:00, -11.1, 0.6
0.0, 0.0, 0.0, 1970-02-23 00:00:00, -10.6, 1.7
0.0, 0.0, 0.0, 1970-02-24 00:00:00, -10.6, 1.7
0.0, 0.0, 0.0, 1970-02-25 00:00:00, -7.8, 2.8
0.0, 0.0, 0.0, 1970-02-26 00:00:00, -6.1, -0.6
0.0, 0.0, 0.0, 1970-02-27 00:00:00, -9.4, -6.1
0.0, 0.0, 0.0, 1970-02-28 00:00:00, -15.0, -8.3
1.3, 0.0, 1.3, 1970-03-01 00:00:00, -17.8, -7.8
1.3, 0.0, 1.3, 1970-03-02 00:00:00, -16.1, -13.3
1.3, 0.0, 1.3, 1970-03-03 00:00:00, -21.1, -13.9
19.1, 0.0, 19.1, 1970-03-04 00:00:00, -20.0, -7.8
7.6, 0.0, 7.6, 1970-03-05 00:00:00, -11.7, -4.4
31.8, 0.0, 31.8, 1970-03-06 00:00:00, -8.9, -2.2
12.7, 0.0, 12.7, 1970-03-07 00:00:00, -7.8, -3.9
0.0, 0.0, 0.0, 1970-03-08 00:00:00, -11.1, -3.3
0.0, 0.0, 0.0, 1970-03-09 00:00:00, -12.8, -1.1
0.0, 0.0, 0.0, 1970-03-10 00:00:00, -12.8, -1.1
0.0, 0.0, 0.0, 1970-03-11 00:00:00, -12.2, -1.1
17.8, 0.0, 17.8, 1970-03-12 00:00:00, -7.2, -2.8
1.3, 0.0, 1.3, 1970-03-13 00:00:00, -5.6, -0.6
1.3, 0.0, 1.3, 1970-03-14 00:00:00, -6.1, 0.0
20.3, 0.0, 20.3, 1970-03-15 00:00:00, -3.9, 0.6
7.6, 0.0, 7.6, 1970-03-16 00:00:00, -8.9, -2.8
0.0, 0.0, 0.0, 1970-03-17 00:00:00, -8.9, -3.3
0.0, 0.0, 0.0, 1970-03-18 00:00:00, -11.7, -3.9
7.6, 0.0, 7.6, 1970-03-19 00:00:00, -9.4, 3.3
35.6, 0.0, 35.6, 1970-03-20 00:00:00, -4.4, 0.0
12.7, 0.0, 12.7, 1970-03-21 00:00:00, -5.6, 0.0
43.2, 0.0, 43.2, 1970-03-22 00:00:00, -10.0, 0.0
12.7, 0.0, 12.7, 1970-03-23 00:00:00, -5.0, -2.2
0.0, 0.0, 0.0, 1970-03-24 00:00:00, -7.8, -1.7
8.9, 0.0, 8.9, 1970-03-25 00:00:00, -10.6, -3.9
0.0, 0.0, 0.0, 1970-03-26 00:00:00, -10.0, -0.6
10.2, 0.0, 10.2, 1970-03-27 00:00:00, -8.3, -0.6
2.5, 0.0, 2.5, 1970-03-28 00:00:00, -7.2, -0.6
0.0, 0.0, 0.0, 1970-03-29 00:00:00, -7.2, 0.6
0.0, 0.0, 0.0, 1970-03-30 00:00:00, -10.6, -2.2
12.7, 0.0, 12.7, 1970-03-31 00:00:00, -12.2, -1.7
0.0, 0.0, 0.0, 1970-04-01 00:00:00, -5.6, -1.1
0.0, 0.0, 0.0, 1970-04-02 00:00:00, -8.3, -3.3
21.6, 0.0, 21.6, 1970-04-03 00:00:00, -11.1, -1.7
11.4, 0.0, 11.4, 1970-04-04 00:00:00, -5.6, -1.1
5.1, 0.0, 5.1, 1970-04-05 00:00:00, -1.7, 1.1
14.0, 0.0, 14.0, 1970-04-06 00:00:00, -2.8, 0.6
3.8, 0.0, 3.8, 1970-04-07 00:00:00, -8.9, -3.9
21.6, 0.0, 21.6, 1970-04-08 00:00:00, -8.9, -2.2
12.7, 0.0, 12.7, 1970-04-09 00:00:00, -7.8, 1.7
15.2, 0.0, 15.2, 1970-04-10 00:00:00, -6.7, -0.6
1.3, 0.0, 1.3, 1970-04-11 00:00:00, -8.3, -2.8
0.0, 0.0, 0.0, 1970-04-12 00:00:00, -15.6, 0.0
0.0, 0.0, 0.0, 1970-04-13 00:00:00, -11.1, 0.6
0.0, 0.0, 0.0, 1970-04-14 00:00:00, -6.7, 0.6
0.0, 0.0, 0.0, 1970-04-15 00:00:00, -9.4, 0.0
0.0, 0.0, 0.0, 1970-04-16 00:00:00, -10.6, 1.7
0.0, 0.0, 0.0, 1970-04-17 00:00:00, -10.6, 3.3
2.5, 0.0, 2.5, 1970-04-18 00:00:00, -6.7, 2.2
0.0, 0.0, 0.0, 1970-04-19 00:00:00, -3.3, 1.7
0.0, 0.0, 0.0, 1970-04-20 00:00:00, -6.7, 3.3
0.0, 0.0, 0.0, 1970-04-21 00:00:00, -8.3, 3.3
2.5, 0.0, 2.5, 1970-04-22 00:00:00, -6.7, 1.7
33.0, 0.0, 33.0, 1970-04-23 00:00:00, -6.1, -1.7
27.9, 0.0, 27.9, 1970-04-24 00:00:00, -6.7, -2.2
0.0, 0.0, 0.0, 1970-04-25 00:00:00, -8.9, -2.2
0.0, 0.0, 0.0, 1970-04-26 00:00:00, -15.0, -0.6
0.0, 0.0, 0.0, 1970-04-27 00:00:00, -10.0, 1.7
0.0, 0.0, 0.0, 1970-04-28 00:00:00, -7.8, 2.8
2.5, 0.0, 2.5, 1970-04-29 00:00:00, -7.2, 0.6
0.0, 0.0, 0.0, 1970-04-30 00:00:00, -4.4, 3.3
0.0, 0.0, 0.0, 1970-05-01 00:00:00, -0.6, 7.2
0.0, 0.0, 0.0, 1970-05-02 00:00:00, 0.0, 6.7
0.0, 0.0, 0.0, 1970-05-03 00:00:00, -0.6, 9.4
0.0, 0.0, 0.0, 1970-05-04 00:00:00, 2.8, 11.7
0.0, 0.0, 0.0, 1970-05-05 00:00:00, 1.7, 7.8
0.0, 0.0, 0.0, 1970-05-06 00:00:00, -2.2, 5.6
0.0, 0.0, 0.0, 1970-05-07 00:00:00, -2.8, 7.2
5.1, 0.0, 5.1, 1970-05-08 00:00:00, 0.0, 5.0
0.0, 0.0, 0.0, 1970-05-09 00:00:00, -3.3, 1.7
0.0, 0.0, 0.0, 1970-05-10 00:00:00, -2.8, 2.2
12.7, 0.0, 12.7, 1970-05-11 00:00:00, -1.7, 5.0
0.0, 0.0, 0.0, 1970-05-12 00:00:00, -7.8, 3.3
0.0, 0.0, 0.0, 1970-05-13 00:00:00, -4.4, 3.9
11.9, 8.1, 3.8, 1970-05-14 00:00:00, -2.2, 4.4
0.0, 0.0, 0.0, 1970-05-15 00:00:00, -0.6, 7.2
1.5, 1.5, 0.0, 1970-05-16 00:00:00, 0.0, 11.7
1.3, 1.3, 0.0, 1970-05-17 00:00:00, -3.9, 2.2
0.0, 0.0, 0.0, 1970-05-18 00:00:00, -5.0, 6.1
0.0, 0.0, 0.0, 1970-05-19 00:00:00, 0.6, 8.3
0.0, 0.0, 0.0, 1970-05-20 00:00:00, 0.6, 8.3
6.4, 6.4, 0.0, 1970-05-21 00:00:00, 0.6, 10.0
1.8, 1.8, 0.0, 1970-05-22 00:00:00, 1.1, 4.4
0.0, 0.0, 0.0, 1970-05-23 00:00:00, 0.0, 6.1
0.0, 0.0, 0.0, 1970-05-24 00:00:00, 1.1, 8.9
24.6, 24.6, 0.0, 1970-05-25 00:00:00, 2.2, 6.7
3.8, 3.8, 0.0, 1970-05-26 00:00:00, 0.6, 6.7
13.0, 5.3, 7.6, 1970-05-27 00:00:00, -0.6, 3.9
7.1, 3.3, 3.8, 1970-05-28 00:00:00, -1.7, 3.3
0.8, 0.8, 0.0, 1970-05-29 00:00:00, 0.6, 5.0
0.0, 0.0, 0.0, 1970-05-30 00:00:00, -2.8, 7.8
0.0, 0.0, 0.0, 1970-05-31 00:00:00, 0.0, 10.0
0.0, 0.0, 0.0, 1970-06-01 00:00:00, 2.2, 12.8
0.0, 0.0, 0.0, 1970-06-02 00:00:00, 5.6, 13.3
0.0, 0.0, 0.0, 1970-06-03 00:00:00, 6.7, 16.7
1.3, 1.3, 0.0, 1970-06-04 00:00:00, 5.0, 15.6
0.0, 0.0, 0.0, 1970-06-05 00:00:00, 2.2, 12.8
0.0, 0.0, 0.0, 1970-06-06 00:00:00, 5.0, 14.4
0.0, 0.0, 0.0, 1970-06-07 00:00:00, 5.0, 14.4
9.4, 9.4, 0.0, 1970-06-08 00:00:00, 2.8, 12.8
11.2, 11.2, 0.0, 1970-06-09 00:00:00, 1.1, 7.8
1.3, 1.3, 0.0, 1970-06-10 00:00:00, -1.1, 4.4
0.0, 0.0, 0.0, 1970-06-11 00:00:00, -2.2, 5.6
1.3, 1.3, 0.0, 1970-06-12 00:00:00, -1.1, 10.0
0.0, 0.0, 0.0, 1970-06-13 00:00:00, 5.6, 11.1
7.4, 7.4, 0.0, 1970-06-14 00:00:00, 3.9, 11.1
5.1, 5.1, 0.0, 1970-06-15 00:00:00, 3.3, 7.8
0.0, 0.0, 0.0, 1970-06-16 00:00:00, 3.3, 11.1
0.0, 0.0, 0.0, 1970-06-17 00:00:00, 3.9, 11.1
0.0, 0.0, 0.0, 1970-06-18 00:00:00, 5.0, 10.6
0.0, 0.0, 0.0, 1970-06-19 00:00:00, 4.4, 15.0
0.0, 0.0, 0.0, 1970-06-20 00:00:00, 7.2, 20.0
2.3, 2.3, 0.0, 1970-06-21 00:00:00, 8.3, 14.4
0.0, 0.0, 0.0, 1970-06-22 00:00:00, 5.0, 14.4
0.0, 0.0, 0.0, 1970-06-23 00:00:00, 5.6, 20.6
0.0, 0.0, 0.0, 1970-06-24 00:00:00, 7.2, 14.4
0.0, 0.0, 0.0, 1970-06-25 00:00:00, 5.6, 13.9
10.9, 10.9, 0.0, 1970-06-26 00:00:00, 7.8, 16.7
0.5, 0.5, 0.0, 1970-06-27 00:00:00, 6.1, 10.6
7.6, 7.6, 0.0, 1970-06-28 00:00:00, 3.3, 9.4
0.5, 0.5, 0.0, 1970-06-29 00:00:00, 1.1, 6.1
0.0, 0.0, 0.0, 1970-06-30 00:00:00, 2.2, 7.8
0.0, 0.0, 0.0, 1970-07-01 00:00:00, 1.7, 11.7
0.0, 0.0, 0.0, 1970-07-02 00:00:00, 5.0, 14.4
0.0, 0.0, 0.0, 1970-07-03 00:00:00, 6.7, 20.6
2.5, 2.5, 0.0, 1970-07-04 00:00:00, 12.2, 21.1
0.0, 0.0, 0.0, 1970-07-05 00:00:00, 6.1, 18.3
0.0, 0.0, 0.0, 1970-07-06 00:00:00, 6.7, 17.8
0.0, 0.0, 0.0, 1970-07-07 00:00:00, 7.8, 21.7
0.0, 0.0, 0.0, 1970-07-08 00:00:00, 8.9, 21.7
0.0, 0.0, 0.0, 1970-07-09 00:00:00, 8.9, 21.7
0.0, 0.0, 0.0, 1970-07-10 00:00:00, 8.3, 22.2
0.0, 0.0, 0.0, 1970-07-11 00:00:00, 7.8, 15.6
4.1, 4.1, 0.0, 1970-07-12 00:00:00, 7.8, 16.7
0.0, 0.0, 0.0, 1970-07-13 00:00:00, 4.4, 22.2
0.0, 0.0, 0.0, 1970-07-14 00:00:00, 7.2, 22.2
0.0, 0.0, 0.0, 1970-07-15 00:00:00, 8.9, 22.2
16.5, 16.5, 0.0, 1970-07-16 00:00:00, 15.0, 20.6
0.0, 0.0, 0.0, 1970-07-17 00:00:00, 8.9, 20.6
0.0, 0.0, 0.0, 1970-07-18 00:00:00, 9.4, 20.6
0.0, 0.0, 0.0, 1970-07-19 00:00:00, 11.1, 21.1
7.6, 7.6, 0.0, 1970-07-20 00:00:00, 11.1, 15.0
0.0, 0.0, 0.0, 1970-07-21 00:00:00, 7.2, 13.3
0.0, 0.0, 0.0, 1970-07-22 00:00:00, 5.0, 13.3
1.5, 1.5, 0.0, 1970-07-23 00:00:00, 7.8, 14.4
0.0, 0.0, 0.0, 1970-07-24 00:00:00, 5.6, 11.1
36.8, 36.8, 0.0, 1970-07-25 00:00:00, 4.4, 8.9
42.4, 42.4, 0.0, 1970-07-26 00:00:00, 5.0, 10.0
11.4, 11.4, 0.0, 1970-07-27 00:00:00, 7.8, 11.7
0.8, 0.8, 0.0, 1970-07-28 00:00:00, 6.1, 11.7
6.1, 6.1, 0.0, 1970-07-29 00:00:00, 3.9, 9.4
0.0, 0.0, 0.0, 1970-07-30 00:00:00, 3.3, 9.4
0.0, 0.0, 0.0, 1970-07-31 00:00:00, 5.6, 13.3
0.0, 0.0, 0.0, 1970-08-01 00:00:00, 6.1, 17.8
0.0, 0.0, 0.0, 1970-08-02 00:00:00, 8.9, 17.2
0.0, 0.0, 0.0, 1970-08-03 00:00:00, 7.2, 16.7
0.0, 0.0, 0.0, 1970-08-04 00:00:00, 8.9, 18.9
0.0, 0.0, 0.0, 1970-08-05 00:00:00, 11.1, 22.8
0.0, 0.0, 0.0, 1970-08-06 00:00:00, 11.1, 20.6
10.2, 10.2, 0.0, 1970-08-07 00:00:00, 7.8, 14.4
0.0, 0.0, 0.0, 1970-08-08 00:00:00, 2.2, 8.3
0.0, 0.0, 0.0, 1970-08-09 00:00:00, 3.3, 11.7
0.0, 0.0, 0.0, 1970-08-10 00:00:00, 6.1, 16.1
0.0, 0.0, 0.0, 1970-08-11 00:00:00, 8.3, 18.3
1.3, 1.3, 0.0, 1970-08-12 00:00:00, 8.9, 18.3
1.0, 1.0, 0.0, 1970-08-13 00:00:00, 7.8, 12.2
0.0, 0.0, 0.0, 1970-08-14 00:00:00, 1.7, 12.8
0.0, 0.0, 0.0, 1970-08-15 00:00:00, 6.1, 17.8
0.0, 0.0, 0.0, 1970-08-16 00:00:00, 6.7, 17.8
0.0, 0.0, 0.0, 1970-08-17 00:00:00, 4.4, 8.3
0.0, 0.0, 0.0, 1970-08-18 00:00:00, 3.3, 12.2
0.0, 0.0, 0.0, 1970-08-19 00:00:00, 5.6, 16.7
0.0, 0.0, 0.0, 1970-08-20 00:00:00, 7.8, 18.3
0.0, 0.0, 0.0, 1970-08-21 00:00:00, 8.3, 18.9
0.0, 0.0, 0.0, 1970-08-22 00:00:00, 11.1, 21.7
0.0, 0.0, 0.0, 1970-08-23 00:00:00, 10.6, 22.2
0.0, 0.0, 0.0, 1970-08-24 00:00:00, 11.1, 21.1
0.0, 0.0, 0.0, 1970-08-25 00:00:00, 10.0, 18.9
0.0, 0.0, 0.0, 1970-08-26 00:00:00, 7.2, 18.9
6.9, 6.9, 0.0, 1970-08-27 00:00:00, 8.9, 16.7
1.0, 1.0, 0.0, 1970-08-28 00:00:00, 6.1, 16.1
0.0, 0.0, 0.0, 1970-08-29 00:00:00, 3.9, 12.2
0.0, 0.0, 0.0, 1970-08-30 00:00:00, 6.1, 16.7
5.8, 5.8, 0.0, 1970-08-31 00:00:00, 9.4, 18.3
1.3, 1.3, 0.0, 1970-09-01 00:00:00, 7.2, 14.4
12.2, 12.2, 0.0, 1970-09-02 00:00:00, 5.0, 14.4
13.7, 13.7, 0.0, 1970-09-03 00:00:00, 5.0, 6.7
0.0, 0.0, 0.0, 1970-09-04 00:00:00, 0.6, 8.3
22.4, 22.4, 0.0, 1970-09-05 00:00:00, 1.1, 2.8
13.2, 4.8, 8.4, 1970-09-06 00:00:00, 0.6, 3.3
8.6, 2.3, 6.4, 1970-09-07 00:00:00, 0.0, 2.8
1.8, 1.8, 0.0, 1970-09-08 00:00:00, -0.6, 2.2
0.5, 0.5, 0.0, 1970-09-09 00:00:00, 0.6, 6.1
4.3, 4.3, 0.0, 1970-09-10 00:00:00, 1.7, 4.4
1.5, 1.5, 0.0, 1970-09-11 00:00:00, -6.1, -1.7
0.0, 0.0, 0.0, 1970-09-12 00:00:00, -7.2, 0.6
0.0, 0.0, 0.0, 1970-09-13 00:00:00, -5.0, 3.3
0.0, 0.0, 0.0, 1970-09-14 00:00:00, -1.1, 3.3
0.0, 0.0, 0.0, 1970-09-15 00:00:00, -2.2, 3.3
3.3, 3.3, 0.0, 1970-09-16 00:00:00, 1.1, 5.0
21.3, 21.3, 0.0, 1970-09-17 00:00:00, 0.0, 5.0
0.0, 0.0, 0.0, 1970-09-18 00:00:00, 0.6, 6.1
3.3, 2.8, 0.5, 1970-09-19 00:00:00, 1.1, 3.3
0.0, 0.0, 0.0, 1970-09-20 00:00:00, -1.1, 3.9
26.2, 0.8, 25.4, 1970-09-21 00:00:00, -1.1, 3.3
3.3, 0.0, 3.3, 1970-09-22 00:00:00, -1.1, 2.8
0.5, 0.0, 0.5, 1970-09-23 00:00:00, -4.4, -2.8
0.0, 0.0, 0.0, 1970-09-24 00:00:00, -6.1, -1.7
0.0, 0.0, 0.0, 1970-09-25 00:00:00, -5.6, 2.8
0.0, 0.0, 0.0, 1970-09-26 00:00:00, 0.0, 7.2
0.0, 0.0, 0.0, 1970-09-27 00:00:00, 1.1, 11.1
0.0, 0.0, 0.0, 1970-09-28 00:00:00, 3.3, 14.4
0.0, 0.0, 0.0, 1970-09-29 00:00:00, 3.9, 13.9
0.0, 0.0, 0.0, 1970-09-30 00:00:00, 3.9, 12.2
0.0, 0.0, 0.0, 1970-10-01 00:00:00, 3.3, 12.2
0.0, 0.0, 0.0, 1970-10-02 00:00:00, 4.4, 14.4
0.0, 0.0, 0.0, 1970-10-03 00:00:00, 5.0, 15.0
12.7, 12.7, 0.0, 1970-10-04 00:00:00, 5.6, 10.0
2.5, 0.0, 2.5, 1970-10-05 00:00:00, -1.1, 0.6
0.0, 0.0, 0.0, 1970-10-06 00:00:00, -4.4, -3.3
0.0, 0.0, 0.0, 1970-10-07 00:00:00, -7.8, -4.4
10.2, 0.0, 10.2, 1970-10-08 00:00:00, -6.1, -1.7
0.0, 0.0, 0.0, 1970-10-09 00:00:00, -3.9, -0.6
0.0, 0.0, 0.0, 1970-10-10 00:00:00, -2.2, 0.6
7.6, 0.0, 7.6, 1970-10-11 00:00:00, -2.2, 0.0
0.0, 0.0, 0.0, 1970-10-12 00:00:00, -5.0, -2.2
7.6, 0.0, 7.6, 1970-10-13 00:00:00, -4.4, 0.0
0.0, 0.0, 0.0, 1970-10-14 00:00:00, -6.7, 2.2
0.0, 0.0, 0.0, 1970-10-15 00:00:00, -6.7, 3.9
0.0, 0.0, 0.0, 1970-10-16 00:00:00, -3.3, 6.1
5.6, 5.6, 0.0, 1970-10-17 00:00:00, -2.2, 5.0
2.5, 2.5, 0.0, 1970-10-18 00:00:00, -0.6, 3.9
0.0, 0.0, 0.0, 1970-10-19 00:00:00, -0.6, 3.3
10.7, 0.0, 10.7, 1970-10-20 00:00:00, -0.6, 1.7
11.4, 0.0, 11.4, 1970-10-21 00:00:00, -6.1, -1.7
18.0, 0.0, 18.0, 1970-10-22 00:00:00, -6.1, -1.7
0.0, 0.0, 0.0, 1970-10-23 00:00:00, -5.0, -2.2
25.4, 0.0, 25.4, 1970-10-24 00:00:00, -7.2, -0.6
0.0, 0.0, 0.0, 1970-10-25 00:00:00, -7.8, -4.4
0.0, 0.0, 0.0, 1970-10-26 00:00:00, -13.3, -6.1
0.0, 0.0, 0.0, 1970-10-27 00:00:00, -14.4, -5.0
0.0, 0.0, 0.0, 1970-10-28 00:00:00, -10.6, -2.8
0.0, 0.0, 0.0, 1970-10-29 00:00:00, -8.3, 3.3
0.0, 0.0, 0.0, 1970-10-30 00:00:00, -6.1, 4.4
0.0, 0.0, 0.0, 1970-10-31 00:00:00, -6.1, 7.2
0.0, 0.0, 0.0, 1970-11-01 00:00:00, -3.9, 5.6
0.0, 0.0, 0.0, 1970-11-02 00:00:00, -2.2, 7.8
0.0, 0.0, 0.0, 1970-11-03 00:00:00, -4.4, 7.2
0.0, 0.0, 0.0, 1970-11-04 00:00:00, 0.0, 5.6
3.6, 0.0, 3.6, 1970-11-05 00:00:00, -3.9, 0.6
4.6, 0.0, 4.6, 1970-11-06 00:00:00, -2.8, 1.1
7.6, 0.0, 7.6, 1970-11-07 00:00:00, -2.8, 0.6
25.7, 0.0, 25.7, 1970-11-08 00:00:00, -1.7, -1.7
5.1, 0.0, 5.1, 1970-11-09 00:00:00, -3.3, -1.1
10.2, 0.0, 10.2, 1970-11-10 00:00:00, -5.6, -1.7
3.8, 0.0, 3.8, 1970-11-11 00:00:00, -4.4, -3.3
0.0, 0.0, 0.0, 1970-11-12 00:00:00, -4.4, -1.7
0.0, 0.0, 0.0, 1970-11-13 00:00:00, -8.9, -1.1
7.6, 0.0, 7.6, 1970-11-14 00:00:00, -5.6, -3.9
43.2, 0.0, 43.2, 1970-11-15 00:00:00, -4.4, -1.1
25.4, 0.0, 25.4, 1970-11-16 00:00:00, -3.9, -0.6
17.8, 0.0, 17.8, 1970-11-17 00:00:00, -4.4, -2.8
34.0, 0.0, 34.0, 1970-11-18 00:00:00, -9.4, -2.8
20.3, 0.0, 20.3, 1970-11-19 00:00:00, -10.0, -6.7
10.2, 0.0, 10.2, 1970-11-20 00:00:00, -16.1, -8.9
0.0, 0.0, 0.0, 1970-11-21 00:00:00, -22.2, -12.2
10.2, 0.0, 10.2, 1970-11-22 00:00:00, -27.2, -15.6
10.7, 0.0, 10.7, 1970-11-23 00:00:00, -20.0, -6.1
20.3, 0.0, 20.3, 1970-11-24 00:00:00, -15.6, -3.3
0.0, 0.0, 0.0, 1970-11-25 00:00:00, -18.3, -15.0
2.5, 0.0, 2.5, 1970-11-26 00:00:00, -21.1, -12.2
0.0, 0.0, 0.0, 1970-11-27 00:00:00, -15.6, -12.2
0.0, 0.0, 0.0, 1970-11-28 00:00:00, -20.6, -9.4
20.8, 0.0, 20.8, 1970-11-29 00:00:00, -13.3, -7.8
20.3, 0.0, 20.3, 1970-11-30 00:00:00, -13.9, -7.8
16.3, 0.0, 16.3, 1970-12-01 00:00:00, -11.7, -8.3
10.2, 0.0, 10.2, 1970-12-02 00:00:00, -10.6, -7.8
22.9, 0.0, 22.9, 1970-12-03 00:00:00, -13.3, -8.9
12.7, 0.0, 12.7, 1970-12-04 00:00:00, -19.4, -8.3
5.1, 0.0, 5.1, 1970-12-05 00:00:00, -21.1, -1.7
27.9, 0.0, 27.9, 1970-12-06 00:00:00, -12.8, -0.6
24.1, 0.0, 24.1, 1970-12-07 00:00:00, -4.4, -0.6
0.0, 0.0, 0.0, 1970-12-08 00:00:00, -10.6, -6.7
4.1, 0.0, 4.1, 1970-12-09 00:00:00, -16.7, -10.0
29.7, 0.0, 29.7, 1970-12-10 00:00:00, -16.1, -6.7
23.1, 0.0, 23.1, 1970-12-11 00:00:00, -10.0, -6.7
0.0, 0.0, 0.0, 1970-12-12 00:00:00, -16.1, -7.8
7.9, 0.0, 7.9, 1970-12-13 00:00:00, -16.1, -7.2
43.9, 0.0, 43.9, 1970-12-14 00:00:00, -11.7, -6.7
15.2, 0.0, 15.2, 1970-12-15 00:00:00, -10.6, -6.1
8.6, 0.0, 8.6, 1970-12-16 00:00:00, -8.9, -4.4
10.7, 0.0, 10.7, 1970-12-17 00:00:00, -7.8, -5.6
0.0, 0.0, 0.0, 1970-12-18 00:00:00, -15.0, -9.4
5.1, 0.0, 5.1, 1970-12-19 00:00:00, -21.7, -13.9
0.0, 0.0, 0.0, 1970-12-20 00:00:00, -17.8, -11.7
0.0, 0.0, 0.0, 1970-12-21 00:00:00, -23.9, -15.6
17.8, 0.0, 17.8, 1970-12-22 00:00:00, -25.6, -12.2
5.6, 0.0, 5.6, 1970-12-23 00:00:00, -16.1, -12.2
0.0, 0.0, 0.0, 1970-12-24 00:00:00, -16.7, None
0.0, 0.0, 0.0, 1970-12-25 00:00:00, None, None
23.9, 0.0, 23.9, 1970-12-26 00:00:00, None, -6.7
30.5, 0.0, 30.5, 1970-12-27 00:00:00, -16.1, -8.3
18.3, 0.0, 18.3, 1970-12-28 00:00:00, -11.1, -6.7
30.5, 0.0, 30.5, 1970-12-29 00:00:00, -11.1, -7.8
4.6, 0.0, 4.6, 1970-12-30 00:00:00, -10.0, -4.4
9.1, 0.0, 9.1, 1970-12-31 00:00:00, -10.0, -8.3
0.0, 0.0, 0.0, 1971-01-01 00:00:00, -15.6, -8.3
0.0, 0.0, 0.0, 1971-01-02 00:00:00, -17.8, -12.2
0.0, 0.0, 0.0, 1971-01-03 00:00:00, -24.4, -16.7
0.0, 0.0, 0.0, 1971-01-04 00:00:00, -22.2, -12.2
2.5, 0.0, 2.5, 1971-01-05 00:00:00, -18.3, -8.9
5.1, 0.0, 5.1, 1971-01-06 00:00:00, -11.1, 1.7
6.1, 0.0, 6.1, 1971-01-07 00:00:00, -6.1, 2.2
7.4, 0.0, 7.4, 1971-01-08 00:00:00, -6.1, -3.9
41.1, 0.0, 41.1, 1971-01-09 00:00:00, -10.0, -7.2
15.5, 0.0, 15.5, 1971-01-10 00:00:00, -16.7, -8.9
5.1, 0.0, 5.1, 1971-01-11 00:00:00, -18.9, -12.8
6.1, 0.0, 6.1, 1971-01-12 00:00:00, -18.9, -13.3
6.4, 0.0, 6.4, 1971-01-13 00:00:00, -20.0, -13.9
14.0, 0.0, 14.0, 1971-01-14 00:00:00, -18.9, -11.7
5.1, 0.0, 5.1, 1971-01-15 00:00:00, -18.9, -1.7
22.9, 0.0, 22.9, 1971-01-16 00:00:00, -7.2, -2.8
1.0, 0.0, 1.0, 1971-01-17 00:00:00, -6.1, -2.8
6.6, 0.0, 6.6, 1971-01-18 00:00:00, -4.4, 0.6
16.3, 0.0, 16.3, 1971-01-19 00:00:00, -6.1, 0.6
10.2, 0.0, 10.2, 1971-01-20 00:00:00, -10.0, -9.4
2.5, 0.0, 2.5, 1971-01-21 00:00:00, -14.4, -12.2
53.8, 0.0, 53.8, 1971-01-22 00:00:00, -16.7, -6.1
63.5, 0.0, 63.5, 1971-01-23 00:00:00, -10.6, -6.1
18.3, 0.0, 18.3, 1971-01-24 00:00:00, -10.6, -7.8
25.4, 0.0, 25.4, 1971-01-25 00:00:00, -14.4, -6.7
34.3, 0.0, 34.3, 1971-01-26 00:00:00, -8.3, -1.7
17.0, 0.0, 17.0, 1971-01-27 00:00:00, -2.2, -1.1
14.0, 0.0, 14.0, 1971-01-28 00:00:00, -2.8, -1.1
40.6, 0.0, 40.6, 1971-01-29 00:00:00, -1.7, -0.6
20.3, 0.0, 20.3, 1971-01-30 00:00:00, -1.7, 1.7
5.1, 0.0, 5.1, 1971-01-31 00:00:00, 0.6, 2.8
3.8, 0.0, 3.8, 1971-02-01 00:00:00, -2.2, 1.1
2.0, 0.0, 2.0, 1971-02-02 00:00:00, -11.1, -6.1
52.8, 0.0, 52.8, 1971-02-03 00:00:00, -18.3, -10.0
5.1, 0.0, 5.1, 1971-02-04 00:00:00, -13.3, -10.0
0.0, 0.0, 0.0, 1971-02-05 00:00:00, -21.1, -13.9
0.0, 0.0, 0.0, 1971-02-06 00:00:00, -22.2, -11.1
0.0, 0.0, 0.0, 1971-02-07 00:00:00, -20.0, -4.4
0.0, 0.0, 0.0, 1971-02-08 00:00:00, -12.2, -1.7
5.3, 0.0, 5.3, 1971-02-09 00:00:00, -13.3, -4.4
11.2, 0.0, 11.2, 1971-02-10 00:00:00, -8.3, -1.7
11.2, 0.0, 11.2, 1971-02-11 00:00:00, -3.9, -0.6
8.6, 0.0, 8.6, 1971-02-12 00:00:00, -3.3, 1.7
12.7, 0.0, 12.7, 1971-02-13 00:00:00, -1.1, 0.0
34.0, 0.0, 34.0, 1971-02-14 00:00:00, -2.2, -1.1
27.9, 0.0, 27.9, 1971-02-15 00:00:00, -5.6, -4.4
0.0, 0.0, 0.0, 1971-02-16 00:00:00, -7.2, -3.9
0.0, 0.0, 0.0, 1971-02-17 00:00:00, -15.0, -5.6
11.7, 0.0, 11.7, 1971-02-18 00:00:00, -13.3, -5.6
0.0, 0.0, 0.0, 1971-02-19 00:00:00, -10.6, -4.4
0.0, 0.0, 0.0, 1971-02-20 00:00:00, -11.7, -6.7
7.6, 0.0, 7.6, 1971-02-21 00:00:00, -14.4, -7.2
0.0, 0.0, 0.0, 1971-02-22 00:00:00, -8.9, -4.4
61.0, 0.0, 61.0, 1971-02-23 00:00:00, -9.4, -4.4
41.1, 0.0, 41.1, 1971-02-24 00:00:00, -6.7, -3.3
7.6, 0.0, 7.6, 1971-02-25 00:00:00, -12.2, -7.8
4.6, 0.0, 4.6, 1971-02-26 00:00:00, -20.6, -11.1
0.0, 0.0, 0.0, 1971-02-27 00:00:00, -21.1, -10.6
0.0, 0.0, 0.0, 1971-02-28 00:00:00, -18.9, -13.3
5.6, 0.0, 5.6, 1971-03-01 00:00:00, -23.3, -13.3
40.6, 0.0, 40.6, 1971-03-02 00:00:00, -18.3, -10.6
14.0, 0.0, 14.0, 1971-03-03 00:00:00, -12.8, -8.9
0.0, 0.0, 0.0, 1971-03-04 00:00:00, -15.0, -10.0
7.6, 0.0, 7.6, 1971-03-05 00:00:00, -17.8, -11.1
21.8, 0.0, 21.8, 1971-03-06 00:00:00, -14.4, -8.3
8.9, 0.0, 8.9, 1971-03-07 00:00:00, -11.7, -5.6
6.4, 0.0, 6.4, 1971-03-08 00:00:00, -8.9, -6.1
20.3, 0.0, 20.3, 1971-03-09 00:00:00, -10.6, -5.6
30.5, 0.0, 30.5, 1971-03-10 00:00:00, -7.8, -4.4
7.6, 0.0, 7.6, 1971-03-11 00:00:00, -11.1, -2.2
7.6, 0.0, 7.6, 1971-03-12 00:00:00, -7.2, -2.2
0.0, 0.0, 0.0, 1971-03-13 00:00:00, -7.8, -1.7
24.9, 0.0, 24.9, 1971-03-14 00:00:00, -13.9, -5.6
12.7, 0.0, 12.7, 1971-03-15 00:00:00, -8.3, -2.8
0.0, 0.0, 0.0, 1971-03-16 00:00:00, -10.6, -6.7
0.0, 0.0, 0.0, 1971-03-17 00:00:00, -16.7, -6.7
0.0, 0.0, 0.0, 1971-03-18 00:00:00, -16.7, -4.4
5.3, 0.0, 5.3, 1971-03-19 00:00:00, -12.8, -2.2
0.0, 0.0, 0.0, 1971-03-20 00:00:00, -11.1, -6.7
0.0, 0.0, 0.0, 1971-03-21 00:00:00, -17.8, -8.9
10.2, 0.0, 10.2, 1971-03-22 00:00:00, -16.1, -7.2
31.5, 0.0, 31.5, 1971-03-23 00:00:00, -9.4, -3.9
7.6, 0.0, 7.6, 1971-03-24 00:00:00, -6.7, -2.8
7.6, 0.0, 7.6, 1971-03-25 00:00:00, -8.9, -4.4
33.0, 0.0, 33.0, 1971-03-26 00:00:00, -11.1, -3.3
7.6, 0.0, 7.6, 1971-03-27 00:00:00, -10.6, -3.3
40.6, 0.0, 40.6, 1971-03-28 00:00:00, -7.8, -3.3
26.7, 0.0, 26.7, 1971-03-29 00:00:00, -6.7, 1.1
17.8, 0.0, 17.8, 1971-03-30 00:00:00, -6.7, -1.7
3.0, 0.0, 3.0, 1971-03-31 00:00:00, -9.4, -3.3
13.2, 0.0, 13.2, 1971-04-01 00:00:00, -12.8, -0.6
15.2, 0.0, 15.2, 1971-04-02 00:00:00, -6.7, -0.6
0.0, 0.0, 0.0, 1971-04-03 00:00:00, -7.8, 0.6
0.0, 0.0, 0.0, 1971-04-04 00:00:00, -12.2, 3.3
0.0, 0.0, 0.0, 1971-04-05 00:00:00, -3.9, 6.7
7.6, 0.0, 7.6, 1971-04-06 00:00:00, -1.1, 6.7
0.0, 0.0, 0.0, 1971-04-07 00:00:00, -7.8, 0.6
21.3, 0.0, 21.3, 1971-04-08 00:00:00, -8.3, 0.6
19.8, 0.0, 19.8, 1971-04-09 00:00:00, -5.0, 2.2
22.9, 0.0, 22.9, 1971-04-10 00:00:00, -7.8, 0.6
10.2, 0.0, 10.2, 1971-04-11 00:00:00, -7.8, 3.3
0.0, 0.0, 0.0, 1971-04-12 00:00:00, -8.9, 1.7
0.0, 0.0, 0.0, 1971-04-13 00:00:00, -8.3, 5.6
12.7, 0.0, 12.7, 1971-04-14 00:00:00, -5.0, 8.3
0.0, 0.0, 0.0, 1971-04-15 00:00:00, -7.2, 2.2
0.0, 0.0, 0.0, 1971-04-16 00:00:00, -15.0, 1.1
0.0, 0.0, 0.0, 1971-04-17 00:00:00, None, None
0.0, 0.0, 0.0, 1971-04-18 00:00:00, None, None
0.0, 0.0, 0.0, 1971-04-19 00:00:00, 3.3, 6.7
0.0, 0.0, 0.0, 1971-04-20 00:00:00, -8.3, 8.3
5.6, 0.0, 5.6, 1971-04-21 00:00:00, -0.6, 5.0
4.6, 0.0, 4.6, 1971-04-22 00:00:00, -2.8, 6.7
0.0, 0.0, 0.0, 1971-04-23 00:00:00, -0.6, None
0.0, 0.0, 0.0, 1971-04-24 00:00:00, None, None
0.0, 0.0, 0.0, 1971-04-25 00:00:00, None, None
0.0, 0.0, 0.0, 1971-04-26 00:00:00, 0.0, 9.4
9.1, 0.0, 9.1, 1971-04-27 00:00:00, -4.4, 8.3
0.0, 0.0, 0.0, 1971-04-28 00:00:00, -0.6, 5.0
0.0, 0.0, 0.0, 1971-04-29 00:00:00, -3.3, 2.8
0.0, 0.0, 0.0, 1971-04-30 00:00:00, -2.2, 7.2
0.0, 0.0, 0.0, 1971-05-01 00:00:00, None, None
0.0, 0.0, 0.0, 1971-05-02 00:00:00, None, None
0.0, 0.0, 0.0, 1971-05-03 00:00:00, 3.3, 8.9
2.5, 0.0, 2.5, 1971-05-04 00:00:00, 1.1, 8.3
0.0, 0.0, 0.0, 1971-05-05 00:00:00, 1.7, 7.8
0.0, 0.0, 0.0, 1971-05-06 00:00:00, 2.2, 7.8
0.0, 0.0, 0.0, 1971-05-07 00:00:00, -2.8, 8.3
0.0, 0.0, 0.0, 1971-05-08 00:00:00, None, None
0.0, 0.0, 0.0, 1971-05-09 00:00:00, None, None
0.0, 0.0, 0.0, 1971-05-10 00:00:00, -0.6, 8.9
0.0, 0.0, 0.0, 1971-05-11 00:00:00, 2.2, 14.4
11.7, 0.0, 11.7, 1971-05-12 00:00:00, 4.4, 13.9
0.0, 0.0, 0.0, 1971-05-13 00:00:00, 0.0, 1.7
0.0, 0.0, 0.0, 1971-05-14 00:00:00, -6.1, 2.8
0.0, 0.0, 0.0, 1971-05-15 00:00:00, None, None
0.0, 0.0, 0.0, 1971-05-16 00:00:00, None, None
0.0, 0.0, 0.0, 1971-05-17 00:00:00, 1.1, 4.4
0.0, 0.0, 0.0, 1971-05-18 00:00:00, -2.8, 6.7
12.7, 0.0, 12.7, 1971-05-19 00:00:00, 0.0, 4.4
0.0, 0.0, 0.0, 1971-05-20 00:00:00, -3.9, 7.8
0.0, 0.0, 0.0, 1971-05-21 00:00:00, 0.0, 8.9
0.0, 0.0, 0.0, 1971-05-22 00:00:00, None, None
0.0, 0.0, 0.0, 1971-05-23 00:00:00, None, None
0.0, 0.0, 0.0, 1971-05-24 00:00:00, None, None
2.3, 0.0, 2.3, 1971-05-25 00:00:00, 4.4, 7.2
0.0, 0.0, 0.0, 1971-05-26 00:00:00, 2.2, 8.9
0.0, 0.0, 0.0, 1971-05-27 00:00:00, 2.8, 9.4
0.0, 0.0, 0.0, 1971-05-28 00:00:00, -0.6, 8.9
0.0, 0.0, 0.0, 1971-05-29 00:00:00, None, None
0.0, 0.0, 0.0, 1971-05-30 00:00:00, None, None
0.0, 0.0, 0.0, 1971-05-31 00:00:00, 4.4, 11.7
0.0, 0.0, 0.0, 1971-06-01 00:00:00, 1.7, 8.9
3.6, 3.6, 0.0, 1971-06-02 00:00:00, 3.3, 9.4
0.0, 0.0, 0.0, 1971-06-03 00:00:00, 2.8, 7.8
0.0, 0.0, 0.0, 1971-06-04 00:00:00, 1.7, 8.9
0.0, 0.0, 0.0, 1971-06-05 00:00:00, None, None
0.0, 0.0, 0.0, 1971-06-06 00:00:00, None, None
22.4, 22.4, 0.0, 1971-06-07 00:00:00, 2.2, 4.4
23.9, 6.1, 17.8, 1971-06-08 00:00:00, 0.0, 1.7
1.3, 1.3, 0.0, 1971-06-09 00:00:00, -1.1, 3.9
4.1, 4.1, 0.0, 1971-06-10 00:00:00, 1.1, 6.1
0.0, 0.0, 0.0, 1971-06-11 00:00:00, 1.7, 7.2
0.0, 0.0, 0.0, 1971-06-12 00:00:00, None, None
30.5, 0.0, 30.5, 1971-06-13 00:00:00, None, None
16.5, 10.9, 5.6, 1971-06-14 00:00:00, 0.0, 2.8
3.8, 3.8, 0.0, 1971-06-15 00:00:00, 0.6, 6.1
0.0, 0.0, 0.0, 1971-06-16 00:00:00, 0.6, 6.1
0.0, 0.0, 0.0, 1971-06-17 00:00:00, 1.1, 7.8
0.0, 0.0, 0.0, 1971-06-18 00:00:00, 2.8, 9.4
0.0, 0.0, 0.0, 1971-06-19 00:00:00, None, None
0.0, 0.0, 0.0, 1971-06-20 00:00:00, None, None
0.0, 0.0, 0.0, 1971-06-21 00:00:00, 7.8, 11.7
20.3, 20.3, 0.0, 1971-06-22 00:00:00, 5.6, 17.2
0.0, 0.0, 0.0, 1971-06-23 00:00:00, 3.9, 10.6
27.7, 27.7, 0.0, 1971-06-24 00:00:00, 1.7, 6.7
9.1, 9.1, 0.0, 1971-06-25 00:00:00, -1.7, 2.2
0.0, 0.0, 0.0, 1971-06-26 00:00:00, None, None
0.0, 0.0, 0.0, 1971-06-27 00:00:00, None, None
0.0, 0.0, 0.0, 1971-06-28 00:00:00, 4.4, 8.3
0.0, 0.0, 0.0, 1971-06-29 00:00:00, 2.2, 8.3
2.5, 2.5, 0.0, 1971-06-30 00:00:00, 1.7, 11.1
0.0, 0.0, 0.0, 1971-07-01 00:00:00, 4.4, 8.3
0.0, 0.0, 0.0, 1971-07-02 00:00:00, None, None
0.0, 0.0, 0.0, 1971-07-03 00:00:00, None, None
0.0, 0.0, 0.0, 1971-07-04 00:00:00, None, None
2.3, 2.3, 0.0, 1971-07-05 00:00:00, 1.1, 5.6
9.4, 9.4, 0.0, 1971-07-06 00:00:00, 0.0, 4.4
0.0, 0.0, 0.0, 1971-07-07 00:00:00, 0.6, 6.1
2.0, 2.0, 0.0, 1971-07-08 00:00:00, 0.0, 12.2
0.5, 0.5, 0.0, 1971-07-09 00:00:00, 3.9, 9.4
0.0, 0.0, 0.0, 1971-07-10 00:00:00, None, None
0.0, 0.0, 0.0, 1971-07-11 00:00:00, None, None
0.0, 0.0, 0.0, 1971-07-12 00:00:00, 3.3, 9.4
0.0, 0.0, 0.0, 1971-07-13 00:00:00, 0.0, 11.7
0.0, 0.0, 0.0, 1971-07-14 00:00:00, 3.3, 16.1
0.0, 0.0, 0.0, 1971-07-15 00:00:00, 6.1, 18.9
0.0, 0.0, 0.0, 1971-07-16 00:00:00, 5.6, 19.4
0.0, 0.0, 0.0, 1971-07-17 00:00:00, None, None
0.0, 0.0, 0.0, 1971-07-18 00:00:00, None, None
0.0, 0.0, 0.0, 1971-07-19 00:00:00, 11.1, 22.8
0.0, 0.0, 0.0, 1971-07-20 00:00:00, 10.0, 22.8
0.0, 0.0, 0.0, 1971-07-21 00:00:00, 10.0, 20.6
0.0, 0.0, 0.0, 1971-07-22 00:00:00, 12.2, 20.0
0.0, 0.0, 0.0, 1971-07-23 00:00:00, 9.4, 19.4
0.0, 0.0, 0.0, 1971-07-24 00:00:00, None, None
0.0, 0.0, 0.0, 1971-07-25 00:00:00, None, None
0.0, 0.0, 0.0, 1971-07-26 00:00:00, None, 20.6
0.0, 0.0, 0.0, 1971-07-27 00:00:00, 9.4, 21.7
0.0, 0.0, 0.0, 1971-07-28 00:00:00, 8.9, 20.6
0.0, 0.0, 0.0, 1971-07-29 00:00:00, 7.8, 21.7
0.0, 0.0, 0.0, 1971-07-30 00:00:00, 11.1, 23.3
0.0, 0.0, 0.0, 1971-07-31 00:00:00, None, None
0.0, 0.0, 0.0, 1971-08-01 00:00:00, None, None
0.0, 0.0, 0.0, 1971-08-02 00:00:00, None, 22.8
0.0, 0.0, 0.0, 1971-08-03 00:00:00, 9.4, 20.6
0.0, 0.0, 0.0, 1971-08-04 00:00:00, 8.9, 21.1
0.0, 0.0, 0.0, 1971-08-05 00:00:00, 11.1, 23.3
0.0, 0.0, 0.0, 1971-08-06 00:00:00, 15.0, 21.1
0.0, 0.0, 0.0, 1971-08-07 00:00:00, None, None
0.0, 0.0, 0.0, 1971-08-08 00:00:00, None, None
0.0, 0.0, 0.0, 1971-08-09 00:00:00, None, 20.0
0.0, 0.0, 0.0, 1971-08-10 00:00:00, 11.1, 22.2
0.0, 0.0, 0.0, 1971-08-11 00:00:00, 12.8, 23.3
0.0, 0.0, 0.0, 1971-08-12 00:00:00, 12.2, 22.8
0.0, 0.0, 0.0, 1971-08-13 00:00:00, 5.6, 20.0
0.0, 0.0, 0.0, 1971-08-14 00:00:00, None, None
0.0, 0.0, 0.0, 1971-08-15 00:00:00, None, None
1.0, 1.0, 0.0, 1971-08-16 00:00:00, None, 13.3
3.6, 3.6, 0.0, 1971-08-17 00:00:00, 3.3, 14.4
0.0, 0.0, 0.0, 1971-08-18 00:00:00, 6.1, 15.0
0.0, 0.0, 0.0, 1971-08-19 00:00:00, 6.7, 19.4
0.0, 0.0, 0.0, 1971-08-20 00:00:00, 10.0, 17.2
0.0, 0.0, 0.0, 1971-08-21 00:00:00, None, None
0.0, 0.0, 0.0, 1971-08-22 00:00:00, None, None
0.0, 0.0, 0.0, 1971-08-23 00:00:00, None, None
0.0, 0.0, 0.0, 1971-08-24 00:00:00, 6.1, 16.1
0.0, 0.0, 0.0, 1971-08-25 00:00:00, 6.1, 16.7
0.0, 0.0, 0.0, 1971-08-26 00:00:00, 6.1, 17.8
0.0, 0.0, 0.0, 1971-08-27 00:00:00, 7.8, 18.9
0.0, 0.0, 0.0, 1971-08-28 00:00:00, None, None
0.0, 0.0, 0.0, 1971-08-29 00:00:00, None, None
3.0, 3.0, 0.0, 1971-08-30 00:00:00, None, 18.9
19.1, 19.1, 0.0, 1971-08-31 00:00:00, 6.7, 7.8
17.3, 17.3, 0.0, 1971-09-01 00:00:00, 1.1, 5.0
3.0, 3.0, 0.0, 1971-09-02 00:00:00, 1.1, 6.7
0.0, 0.0, 0.0, 1971-09-03 00:00:00, 3.3, 7.2
0.0, 0.0, 0.0, 1971-09-04 00:00:00, None, None
0.0, 0.0, 0.0, 1971-09-05 00:00:00, None, None
0.0, 0.0, 0.0, 1971-09-06 00:00:00, None, None
1.8, 1.8, 0.0, 1971-09-07 00:00:00, None, 6.1
14.2, 14.2, 0.0, 1971-09-08 00:00:00, 3.9, 6.1
0.0, 0.0, 0.0, 1971-09-09 00:00:00, 2.8, 8.9
0.0, 0.0, 0.0, 1971-09-10 00:00:00, 5.0, 8.9
0.0, 0.0, 0.0, 1971-09-11 00:00:00, None, None
0.0, 0.0, 0.0, 1971-09-12 00:00:00, None, None
3.6, 0.0, 3.6, 1971-09-13 00:00:00, None, 3.3
2.3, 0.0, 2.3, 1971-09-14 00:00:00, -0.6, 2.2
0.0, 0.0, 0.0, 1971-09-15 00:00:00, -1.7, 6.1
0.0, 0.0, 0.0, 1971-09-16 00:00:00, -1.1, 6.1
0.0, 0.0, 0.0, 1971-09-17 00:00:00, -0.6, 7.8
0.0, 0.0, 0.0, 1971-09-18 00:00:00, None, None
0.0, 0.0, 0.0, 1971-09-19 00:00:00, None, None
0.0, 0.0, 0.0, 1971-09-20 00:00:00, None, 6.1
0.0, 0.0, 0.0, 1971-09-21 00:00:00, -0.6, 8.9
0.0, 0.0, 0.0, 1971-09-22 00:00:00, 1.1, 12.8
6.4, 6.4, 0.0, 1971-09-23 00:00:00, 3.3, 13.3
10.2, 10.2, 0.0, 1971-09-24 00:00:00, -0.6, 1.7
0.0, 0.0, 0.0, 1971-09-25 00:00:00, None, None
0.0, 0.0, 0.0, 1971-09-26 00:00:00, None, None
17.3, 3.6, 13.7, 1971-09-27 00:00:00, None, 0.6
6.6, 0.0, 6.6, 1971-09-28 00:00:00, -2.2, 1.1
0.0, 0.0, 0.0, 1971-09-29 00:00:00, -2.8, 3.9
0.0, 0.0, 0.0, 1971-09-30 00:00:00, -2.2, 1.1
0.0, 0.0, 0.0, 1971-10-01 00:00:00, -3.3, 8.9
0.0, 0.0, 0.0, 1971-10-02 00:00:00, None, None
0.0, 0.0, 0.0, 1971-10-03 00:00:00, None, None
0.0, 0.0, 0.0, 1971-10-04 00:00:00, 5.6, 6.7
0.0, 0.0, 0.0, 1971-10-05 00:00:00, 3.9, 13.3
3.6, 3.6, 0.0, 1971-10-06 00:00:00, 7.2, 10.0
0.0, 0.0, 0.0, 1971-10-07 00:00:00, 1.1, 12.2
0.0, 0.0, 0.0, 1971-10-08 00:00:00, 2.8, 14.4
0.0, 0.0, 0.0, 1971-10-09 00:00:00, None, None
0.0, 0.0, 0.0, 1971-10-10 00:00:00, None, None
0.0, 0.0, 0.0, 1971-10-11 00:00:00, None, None
17.8, 0.0, 17.8, 1971-10-12 00:00:00, 1.1, 2.2
0.0, 0.0, 0.0, 1971-10-13 00:00:00, -2.8, 1.1
0.0, 0.0, 0.0, 1971-10-14 00:00:00, -4.4, -0.6
0.0, 0.0, 0.0, 1971-10-15 00:00:00, -6.1, -0.6
0.0, 0.0, 0.0, 1971-10-16 00:00:00, None, None
0.0, 0.0, 0.0, 1971-10-17 00:00:00, None, None
12.7, 0.0, 12.7, 1971-10-18 00:00:00, -3.3, -1.7
8.1, 0.0, 8.1, 1971-10-19 00:00:00, -4.4, 0.6
18.8, 0.0, 18.8, 1971-10-20 00:00:00, -5.0, -2.8
8.1, 0.0, 8.1, 1971-10-21 00:00:00, -6.1, -2.8
10.2, 0.0, 10.2, 1971-10-22 00:00:00, -4.4, -0.6
0.0, 0.0, 0.0, 1971-10-23 00:00:00, None, None
38.1, 0.0, 38.1, 1971-10-24 00:00:00, None, None
16.3, 0.0, 16.3, 1971-10-25 00:00:00, -2.2, -1.1
0.0, 0.0, 0.0, 1971-10-26 00:00:00, -11.1, -8.3
0.0, 0.0, 0.0, 1971-10-27 00:00:00, -15.6, -11.7
0.0, 0.0, 0.0, 1971-10-28 00:00:00, -19.4, -8.3
0.0, 0.0, 0.0, 1971-10-29 00:00:00, -14.4, -8.3
0.0, 0.0, 0.0, 1971-10-30 00:00:00, None, None
0.0, 0.0, 0.0, 1971-10-31 00:00:00, None, None
63.5, 0.0, 63.5, 1971-11-01 00:00:00, -6.7, -5.6
20.8, 0.0, 20.8, 1971-11-02 00:00:00, -7.2, -6.1
34.0, 0.0, 34.0, 1971-11-03 00:00:00, -10.6, -2.2
17.8, 0.0, 17.8, 1971-11-04 00:00:00, -12.2, -8.3
0.0, 0.0, 0.0, 1971-11-05 00:00:00, -13.3, -11.1
0.0, 0.0, 0.0, 1971-11-06 00:00:00, None, None
17.8, 0.0, 17.8, 1971-11-07 00:00:00, None, None
13.2, 0.0, 13.2, 1971-11-08 00:00:00, None, -3.3
9.7, 0.0, 9.7, 1971-11-09 00:00:00, -5.6, -1.1
19.8, 0.0, 19.8, 1971-11-10 00:00:00, -3.3, 0.6
0.0, 0.0, 0.0, 1971-11-11 00:00:00, -2.2, None
0.0, 0.0, 0.0, 1971-11-12 00:00:00, None, None
0.0, 0.0, 0.0, 1971-11-13 00:00:00, None, None
0.0, 0.0, 0.0, 1971-11-14 00:00:00, None, None
6.6, 0.0, 6.6, 1971-11-15 00:00:00, None, -5.6
8.6, 0.0, 8.6, 1971-11-16 00:00:00, -10.6, -4.4
2.5, 0.0, 2.5, 1971-11-17 00:00:00, -7.8, -0.6
16.8, 0.0, 16.8, 1971-11-18 00:00:00, -11.7, -1.7
9.7, 0.0, 9.7, 1971-11-19 00:00:00, -6.1, 0.6
0.0, 0.0, 0.0, 1971-11-20 00:00:00, None, None
37.1, 0.0, 37.1, 1971-11-21 00:00:00, None, None
0.0, 0.0, 0.0, 1971-11-22 00:00:00, None, -6.1
19.3, 0.0, 19.3, 1971-11-23 00:00:00, -11.7, -6.1
23.9, 0.0, 23.9, 1971-11-24 00:00:00, -7.8, -5.0
24.9, 0.0, 24.9, 1971-11-25 00:00:00, -7.8, -5.0
4.6, 0.0, 4.6, 1971-11-26 00:00:00, -7.8, -5.6
0.0, 0.0, 0.0, 1971-11-27 00:00:00, None, None
29.0, 0.0, 29.0, 1971-11-28 00:00:00, None, None
0.0, 0.0, 0.0, 1971-11-29 00:00:00, None, None
0.0, 0.0, 0.0, 1971-11-30 00:00:00, -12.8, -7.8
0.0, 0.0, 0.0, 1971-12-01 00:00:00, -15.0, -7.8
23.9, 0.0, 23.9, 1971-12-02 00:00:00, -12.2, -6.7
0.0, 0.0, 0.0, 1971-12-03 00:00:00, -15.0, -7.2
0.0, 0.0, 0.0, 1971-12-04 00:00:00, None, None
53.3, 0.0, 53.3, 1971-12-05 00:00:00, None, -7.2
0.0, 0.0, 0.0, 1971-12-06 00:00:00, -15.6, -12.8
5.1, 0.0, 5.1, 1971-12-07 00:00:00, -22.8, -16.1
40.6, 0.0, 40.6, 1971-12-08 00:00:00, -19.4, -11.1
6.4, 0.0, 6.4, 1971-12-09 00:00:00, -16.1, -10.0
0.0, 0.0, 0.0, 1971-12-10 00:00:00, -17.2, -11.1
0.0, 0.0, 0.0, 1971-12-11 00:00:00, None, None
20.3, 0.0, 20.3, 1971-12-12 00:00:00, None, None
26.9, 0.0, 26.9, 1971-12-13 00:00:00, -10.6, -9.4
20.3, 0.0, 20.3, 1971-12-14 00:00:00, -13.3, -9.4
14.2, 0.0, 14.2, 1971-12-15 00:00:00, -22.2, -17.2
40.1, 0.0, 40.1, 1971-12-16 00:00:00, -22.2, -4.4
10.7, 0.0, 10.7, 1971-12-17 00:00:00, -12.8, -5.0
16.8, 0.0, 16.8, 1971-12-18 00:00:00, -18.3, -10.6
38.1, 0.0, 38.1, 1971-12-19 00:00:00, -13.9, -10.6
16.8, 0.0, 16.8, 1971-12-20 00:00:00, -17.8, -10.6
24.9, 0.0, 24.9, 1971-12-21 00:00:00, -14.4, -5.6
11.2, 0.0, 11.2, 1971-12-22 00:00:00, -10.6, -4.4
0.0, 0.0, 0.0, 1971-12-23 00:00:00, None, None
0.0, 0.0, 0.0, 1971-12-24 00:00:00, None, None
35.1, 0.0, 35.1, 1971-12-25 00:00:00, None, None
0.0, 0.0, 0.0, 1971-12-26 00:00:00, None, None
0.0, 0.0, 0.0, 1971-12-27 00:00:00, -23.3, -12.2
0.0, 0.0, 0.0, 1971-12-28 00:00:00, -18.9, -12.8
4.1, 0.0, 4.1, 1971-12-29 00:00:00, -19.4, -12.2
59.4, 0.0, 59.4, 1971-12-30 00:00:00, -14.4, -7.2
17.0, 0.0, 17.0, 1971-12-31 00:00:00, -13.9, -5.6
0.0, 0.0, 0.0, 1972-01-01 00:00:00, None, None
0.0, 0.0, 0.0, 1972-01-02 00:00:00, None, None
14.2, 0.0, 14.2, 1972-01-03 00:00:00, -16.1, -14.4
48.3, 0.0, 48.3, 1972-01-04 00:00:00, -17.8, -10.6
20.1, 0.0, 20.1, 1972-01-05 00:00:00, -13.3, -5.6
10.7, 0.0, 10.7, 1972-01-06 00:00:00, -12.2, -8.3
6.6, 0.0, 6.6, 1972-01-07 00:00:00, -11.1, None
0.0, 0.0, 0.0, 1972-01-08 00:00:00, None, None
0.0, 0.0, 0.0, 1972-01-09 00:00:00, None, None
73.2, 0.0, 73.2, 1972-01-10 00:00:00, None, None
20.8, 0.0, 20.8, 1972-01-11 00:00:00, None, -11.1
0.0, 0.0, 0.0, 1972-01-12 00:00:00, -19.4, -13.3
7.1, 0.0, 7.1, 1972-01-13 00:00:00, -27.2, -20.0
14.7, 0.0, 14.7, 1972-01-14 00:00:00, -27.2, -15.6
0.0, 0.0, 0.0, 1972-01-15 00:00:00, None, None
0.0, 0.0, 0.0, 1972-01-16 00:00:00, None, None
33.0, 0.0, 33.0, 1972-01-17 00:00:00, None, None
17.8, 0.0, 17.8, 1972-01-18 00:00:00, -17.8, -9.4
22.9, 0.0, 22.9, 1972-01-19 00:00:00, -15.6, -3.3
50.8, 0.0, 50.8, 1972-01-20 00:00:00, -7.2, -1.1
45.7, 0.0, 45.7, 1972-01-21 00:00:00, -5.0, -2.2
14.7, 0.0, 14.7, 1972-01-22 00:00:00, -7.8, -6.7
0.0, 0.0, 0.0, 1972-01-23 00:00:00, -12.8, -8.9
0.0, 0.0, 0.0, 1972-01-24 00:00:00, -28.9, -26.1
0.0, 0.0, 0.0, 1972-01-25 00:00:00, -30.0, -19.4
0.0, 0.0, 0.0, 1972-01-26 00:00:00, -24.4, None
0.0, 0.0, 0.0, 1972-01-27 00:00:00, None, None
0.0, 0.0, 0.0, 1972-01-28 00:00:00, None, None
0.0, 0.0, 0.0, 1972-01-29 00:00:00, None, None
0.0, 0.0, 0.0, 1972-01-30 00:00:00, None, None
0.0, 0.0, 0.0, 1972-01-31 00:00:00, -20.6, -12.8
0.0, 0.0, 0.0, 1972-02-01 00:00:00, -23.3, -13.3
0.0, 0.0, 0.0, 1972-02-02 00:00:00, -22.8, -12.2
0.0, 0.0, 0.0, 1972-02-03 00:00:00, -17.2, -12.2
0.0, 0.0, 0.0, 1972-02-04 00:00:00, -20.6, -12.2
0.0, 0.0, 0.0, 1972-02-05 00:00:00, None, None
23.4, 0.0, 23.4, 1972-02-06 00:00:00, None, None
36.1, 0.0, 36.1, 1972-02-07 00:00:00, -5.0, -2.2
10.2, 0.0, 10.2, 1972-02-08 00:00:00, -5.0, -3.9
0.0, 0.0, 0.0, 1972-02-09 00:00:00, -12.8, -6.7
22.4, 0.0, 22.4, 1972-02-10 00:00:00, -12.2, -5.0
7.6, 0.0, 7.6, 1972-02-11 00:00:00, -8.3, -4.4
0.0, 0.0, 0.0, 1972-02-12 00:00:00, None, None
45.7, 0.0, 45.7, 1972-02-13 00:00:00, None, None
17.8, 0.0, 17.8, 1972-02-14 00:00:00, None, -5.0
33.0, 0.0, 33.0, 1972-02-15 00:00:00, -9.4, -1.1
7.1, 0.0, 7.1, 1972-02-16 00:00:00, -10.6, -5.0
9.1, 0.0, 9.1, 1972-02-17 00:00:00, -12.2, -6.7
5.1, 0.0, 5.1, 1972-02-18 00:00:00, -11.7, -6.7
0.0, 0.0, 0.0, 1972-02-19 00:00:00, None, None
7.1, 0.0, 7.1, 1972-02-20 00:00:00, None, None
7.1, 0.0, 7.1, 1972-02-21 00:00:00, -8.3, -4.4
20.8, 0.0, 20.8, 1972-02-22 00:00:00, -8.3, -3.3
6.4, 0.0, 6.4, 1972-02-23 00:00:00, -10.0, -8.3
38.6, 0.0, 38.6, 1972-02-24 00:00:00, -13.3, -8.3
53.3, 0.0, 53.3, 1972-02-25 00:00:00, -11.1, -7.8
38.6, 0.0, 38.6, 1972-02-26 00:00:00, -10.0, -6.7
26.4, 0.0, 26.4, 1972-02-27 00:00:00, -7.8, 0.6
17.8, 0.0, 17.8, 1972-02-28 00:00:00, -3.9, -1.1
20.3, 0.0, 20.3, 1972-02-29 00:00:00, -9.4, -7.8
0.0, 0.0, 0.0, 1972-03-01 00:00:00, -15.0, -6.7
0.0, 0.0, 0.0, 1972-03-02 00:00:00, -12.2, -6.7
0.0, 0.0, 0.0, 1972-03-03 00:00:00, -12.2, -9.4
0.0, 0.0, 0.0, 1972-03-04 00:00:00, -12.2, -6.7
0.0, 0.0, 0.0, 1972-03-05 00:00:00, -9.4, -1.1
0.0, 0.0, 0.0, 1972-03-06 00:00:00, -12.2, -9.4
59.9, 0.0, 59.9, 1972-03-07 00:00:00, -12.2, -6.1
7.6, 0.0, 7.6, 1972-03-08 00:00:00, -11.1, -3.3
30.0, 0.0, 30.0, 1972-03-09 00:00:00, -6.1, 0.6
17.3, 0.0, 17.3, 1972-03-10 00:00:00, -2.2, 1.1
9.7, 0.0, 9.7, 1972-03-11 00:00:00, -2.2, 1.1
18.8, 0.0, 18.8, 1972-03-12 00:00:00, -1.7, 1.1
7.1, 0.0, 7.1, 1972-03-13 00:00:00, -1.7, 2.8
8.1, 0.0, 8.1, 1972-03-14 00:00:00, -2.8, 0.6
0.0, 0.0, 0.0, 1972-03-15 00:00:00, -2.2, 1.7
0.0, 0.0, 0.0, 1972-03-16 00:00:00, -1.1, 1.7
0.0, 0.0, 0.0, 1972-03-17 00:00:00, -1.1, 4.4
0.0, 0.0, 0.0, 1972-03-18 00:00:00, 1.7, 4.4
0.0, 0.0, 0.0, 1972-03-19 00:00:00, -3.9, -1.1
20.3, 0.0, 20.3, 1972-03-20 00:00:00, 0.0, 2.2
6.6, 0.0, 6.6, 1972-03-21 00:00:00, -7.8, 0.6
29.5, 0.0, 29.5, 1972-03-22 00:00:00, -5.0, 2.8
13.7, 0.0, 13.7, 1972-03-23 00:00:00, -5.0, -2.8
24.4, 0.0, 24.4, 1972-03-24 00:00:00, -11.7, -4.4
0.0, 0.0, 0.0, 1972-03-25 00:00:00, -10.0, -3.9
0.0, 0.0, 0.0, 1972-03-26 00:00:00, -13.9, -2.2
0.0, 0.0, 0.0, 1972-03-27 00:00:00, -12.2, -1.1
0.0, 0.0, 0.0, 1972-03-28 00:00:00, -11.1, -1.1
0.0, 0.0, 0.0, 1972-03-29 00:00:00, -9.4, -1.1
0.0, 0.0, 0.0, 1972-03-30 00:00:00, -3.9, 4.4
0.0, 0.0, 0.0, 1972-03-31 00:00:00, -3.9, 4.4
12.7, 0.0, 12.7, 1972-04-01 00:00:00, None, None
0.0, 0.0, 0.0, 1972-04-02 00:00:00, None, -3.3
0.0, 0.0, 0.0, 1972-04-03 00:00:00, -5.0, -1.1
16.3, 0.0, 16.3, 1972-04-04 00:00:00, -10.0, -2.8
24.4, 0.0, 24.4, 1972-04-05 00:00:00, -4.4, 1.7
16.8, 0.0, 16.8, 1972-04-06 00:00:00, -3.9, 1.7
0.0, 0.0, 0.0, 1972-04-07 00:00:00, -8.3, 0.0
0.0, 0.0, 0.0, 1972-04-08 00:00:00, None, -2.2
22.9, 0.0, 22.9, 1972-04-09 00:00:00, None, None
36.6, 0.0, 36.6, 1972-04-10 00:00:00, -4.4, -3.3
3.6, 0.0, 3.6, 1972-04-11 00:00:00, -9.4, -1.1
2.5, 0.0, 2.5, 1972-04-12 00:00:00, -10.0, 1.7
5.6, 0.0, 5.6, 1972-04-13 00:00:00, -9.4, 1.7
9.1, 0.0, 9.1, 1972-04-14 00:00:00, -5.6, 0.6
0.0, 0.0, 0.0, 1972-04-15 00:00:00, None, None
20.3, 0.0, 20.3, 1972-04-16 00:00:00, None, None
7.6, 0.0, 7.6, 1972-04-17 00:00:00, -6.7, -1.7
0.0, 0.0, 0.0, 1972-04-18 00:00:00, -11.1, -1.1
0.3, 0.0, 0.3, 1972-04-19 00:00:00, -9.4, 2.2
31.0, 0.0, 31.0, 1972-04-20 00:00:00, -5.6, -1.1
6.6, 0.0, 6.6, 1972-04-21 00:00:00, -6.1, -1.1
0.0, 0.0, 0.0, 1972-04-22 00:00:00, -2.8, None
15.2, 0.0, 15.2, 1972-04-23 00:00:00, None, None
13.7, 0.0, 13.7, 1972-04-24 00:00:00, 0.6, 4.4
0.0, 0.0, 0.0, 1972-04-25 00:00:00, -5.0, 4.4
0.0, 0.0, 0.0, 1972-04-26 00:00:00, -5.6, 4.4
0.0, 0.0, 0.0, 1972-04-27 00:00:00, -4.4, 7.8
0.0, 0.0, 0.0, 1972-04-28 00:00:00, 1.7, None
0.0, 0.0, 0.0, 1972-04-29 00:00:00, None, None
0.0, 0.0, 0.0, 1972-04-30 00:00:00, None, None
3.0, 0.0, 3.0, 1972-05-01 00:00:00, 1.7, 5.6
0.0, 0.0, 0.0, 1972-05-02 00:00:00, -1.1, 4.4
0.0, 0.0, 0.0, 1972-05-03 00:00:00, -3.9, 7.2
0.0, 0.0, 0.0, 1972-05-04 00:00:00, -3.9, 6.1
0.0, 0.0, 0.0, 1972-05-05 00:00:00, -5.0, None
0.0, 0.0, 0.0, 1972-05-06 00:00:00, None, None
10.2, 0.0, 10.2, 1972-05-07 00:00:00, None, None
2.5, 0.0, 2.5, 1972-05-08 00:00:00, 3.3, 8.3
0.0, 0.0, 0.0, 1972-05-09 00:00:00, 0.0, 4.4
0.0, 0.0, 0.0, 1972-05-10 00:00:00, 0.6, 6.1
0.0, 0.0, 0.0, 1972-05-11 00:00:00, 0.0, 10.0
0.0, 0.0, 0.0, 1972-05-12 00:00:00, 1.7, 8.9
0.0, 0.0, 0.0, 1972-05-13 00:00:00, None, None
0.0, 0.0, 0.0, 1972-05-14 00:00:00, None, None
20.1, 15.0, 5.1, 1972-05-15 00:00:00, 1.1, 4.4
5.3, 5.3, 0.0, 1972-05-16 00:00:00, 0.6, 5.6
9.4, 9.4, 0.0, 1972-05-17 00:00:00, 0.0, 5.6
2.8, 2.8, 0.0, 1972-05-18 00:00:00, -1.1, 6.7
2.5, 2.5, 0.0, 1972-05-19 00:00:00, -2.8, 6.7
0.0, 0.0, 0.0, 1972-05-20 00:00:00, None, None
0.0, 0.0, 0.0, 1972-05-21 00:00:00, None, None
24.1, 24.1, 0.0, 1972-05-22 00:00:00, None, None
14.5, 2.8, 11.7, 1972-05-23 00:00:00, 1.7, 7.8
3.6, 3.6, 0.0, 1972-05-24 00:00:00, -1.1, 3.3
0.0, 0.0, 0.0, 1972-05-25 00:00:00, -2.8, 8.3
0.0, 0.0, 0.0, 1972-05-26 00:00:00, 1.1, 8.9
0.0, 0.0, 0.0, 1972-05-27 00:00:00, None, None
0.0, 0.0, 0.0, 1972-05-28 00:00:00, None, None
0.0, 0.0, 0.0, 1972-05-29 00:00:00, 6.7, 17.2
1.0, 1.0, 0.0, 1972-05-30 00:00:00, 5.6, 12.8
0.0, 0.0, 0.0, 1972-05-31 00:00:00, 5.6, 12.8
0.0, 0.0, 0.0, 1972-06-01 00:00:00, 0.0, 8.9
0.0, 0.0, 0.0, 1972-06-02 00:00:00, 1.1, 10.0
0.0, 0.0, 0.0, 1972-06-03 00:00:00, None, None
0.0, 0.0, 0.0, 1972-06-04 00:00:00, None, None
0.0, 0.0, 0.0, 1972-06-05 00:00:00, 5.6, 13.3
0.0, 0.0, 0.0, 1972-06-06 00:00:00, 3.3, 13.3
0.0, 0.0, 0.0, 1972-06-07 00:00:00, 5.6, 10.0
0.0, 0.0, 0.0, 1972-06-08 00:00:00, 5.0, 12.8
0.0, 0.0, 0.0, 1972-06-09 00:00:00, 5.0, None
0.0, 0.0, 0.0, 1972-06-10 00:00:00, None, None
45.7, 12.7, 33.0, 1972-06-11 00:00:00, None, None
18.5, 10.9, 7.6, 1972-06-12 00:00:00, -2.2, 1.7
0.0, 0.0, 0.0, 1972-06-13 00:00:00, -2.2, 5.6
2.0, 2.0, 0.0, 1972-06-14 00:00:00, -1.1, 8.9
0.0, 0.0, 0.0, 1972-06-15 00:00:00, 2.8, 11.7
5.1, 5.1, 0.0, 1972-06-16 00:00:00, 3.3, 7.2
0.0, 0.0, 0.0, 1972-06-17 00:00:00, None, None
12.7, 12.7, 0.0, 1972-06-18 00:00:00, None, None
5.1, 5.1, 0.0, 1972-06-19 00:00:00, 4.4, 10.0
8.1, 8.1, 0.0, 1972-06-20 00:00:00, 3.3, 5.6
0.0, 0.0, 0.0, 1972-06-21 00:00:00, 1.7, 7.2
2.3, 2.3, 0.0, 1972-06-22 00:00:00, 2.2, 8.9
6.4, 6.4, 0.0, 1972-06-23 00:00:00, 2.8, 8.3
0.0, 0.0, 0.0, 1972-06-24 00:00:00, None, None
52.1, 52.1, 0.0, 1972-06-25 00:00:00, None, None
6.6, 6.6, 0.0, 1972-06-26 00:00:00, 2.2, 4.4
24.4, 24.4, 0.0, 1972-06-27 00:00:00, 2.2, 5.0
6.6, 6.6, 0.0, 1972-06-28 00:00:00, 2.8, 9.4
0.0, 0.0, 0.0, 1972-06-29 00:00:00, 3.3, 10.6
0.0, 0.0, 0.0, 1972-06-30 00:00:00, 3.3, 7.8
0.0, 0.0, 0.0, 1972-07-01 00:00:00, -0.6, 7.8
0.0, 0.0, 0.0, 1972-07-02 00:00:00, 2.8, 10.0
0.0, 0.0, 0.0, 1972-07-03 00:00:00, 3.3, 11.7
0.0, 0.0, 0.0, 1972-07-04 00:00:00, 4.4, 13.3
0.0, 0.0, 0.0, 1972-07-05 00:00:00, 5.6, 13.9
0.0, 0.0, 0.0, 1972-07-06 00:00:00, 7.2, 14.4
0.0, 0.0, 0.0, 1972-07-07 00:00:00, 4.4, 11.7
14.5, 14.5, 0.0, 1972-07-08 00:00:00, 4.4, 6.1
37.3, 37.3, 0.0, 1972-07-09 00:00:00, 0.0, 2.2
9.7, 9.7, 0.0, 1972-07-10 00:00:00, 0.0, 5.6
27.7, 27.7, 0.0, 1972-07-11 00:00:00, 2.2, 6.1
32.5, 32.5, 0.0, 1972-07-12 00:00:00, 3.9, 7.8
13.5, 13.5, 0.0, 1972-07-13 00:00:00, 5.6, 8.3
0.0, 0.0, 0.0, 1972-07-14 00:00:00, 4.4, 10.0
0.0, 0.0, 0.0, 1972-07-15 00:00:00, 3.9, 13.3
0.0, 0.0, 0.0, 1972-07-16 00:00:00, 6.7, 13.3
6.9, 6.9, 0.0, 1972-07-17 00:00:00, 5.6, 15.0
0.0, 0.0, 0.0, 1972-07-18 00:00:00, 5.0, 12.2
0.0, 0.0, 0.0, 1972-07-19 00:00:00, 4.4, 12.2
0.0, 0.0, 0.0, 1972-07-20 00:00:00, 6.7, 13.3
3.8, 3.8, 0.0, 1972-07-21 00:00:00, 5.6, 14.4
1.3, 1.3, 0.0, 1972-07-22 00:00:00, 5.6, 9.4
0.0, 0.0, 0.0, 1972-07-23 00:00:00, 5.6, 16.1
0.0, 0.0, 0.0, 1972-07-24 00:00:00, 7.8, 18.9
0.0, 0.0, 0.0, 1972-07-25 00:00:00, 7.2, 15.6
0.0, 0.0, 0.0, 1972-07-26 00:00:00, 6.7, 16.7
0.0, 0.0, 0.0, 1972-07-27 00:00:00, 7.2, 17.2
0.0, 0.0, 0.0, 1972-07-28 00:00:00, 7.8, 18.9
0.0, 0.0, 0.0, 1972-07-29 00:00:00, 7.2, 16.7
0.0, 0.0, 0.0, 1972-07-30 00:00:00, 7.8, 18.9
0.0, 0.0, 0.0, 1972-07-31 00:00:00, 10.0, 20.0
0.0, 0.0, 0.0, 1972-08-01 00:00:00, 10.0, 17.8
0.0, 0.0, 0.0, 1972-08-02 00:00:00, 6.1, 17.2
0.0, 0.0, 0.0, 1972-08-03 00:00:00, 7.2, 16.7
0.0, 0.0, 0.0, 1972-08-04 00:00:00, 6.7, 18.3
0.0, 0.0, 0.0, 1972-08-05 00:00:00, 7.2, 17.2
0.0, 0.0, 0.0, 1972-08-06 00:00:00, 8.9, 20.0
0.0, 0.0, 0.0, 1972-08-07 00:00:00, 11.1, 22.2
0.0, 0.0, 0.0, 1972-08-08 00:00:00, 11.7, 23.3
0.0, 0.0, 0.0, 1972-08-09 00:00:00, 9.4, 18.9
0.0, 0.0, 0.0, 1972-08-10 00:00:00, 6.7, 17.8
5.1, 5.1, 0.0, 1972-08-11 00:00:00, 8.3, 15.0
0.0, 0.0, 0.0, 1972-08-12 00:00:00, 6.7, 14.4
5.1, 5.1, 0.0, 1972-08-13 00:00:00, 7.2, 14.4
0.0, 0.0, 0.0, 1972-08-14 00:00:00, 6.1, 16.7
4.6, 4.6, 0.0, 1972-08-15 00:00:00, 8.9, 19.4
5.1, 5.1, 0.0, 1972-08-16 00:00:00, 7.2, 12.2
5.3, 5.3, 0.0, 1972-08-17 00:00:00, 7.2, 9.4
0.0, 0.0, 0.0, 1972-08-18 00:00:00, 3.3, 10.6
0.0, 0.0, 0.0, 1972-08-19 00:00:00, 6.1, 17.2
6.6, 6.6, 0.0, 1972-08-20 00:00:00, 8.3, 16.7
6.4, 6.4, 0.0, 1972-08-21 00:00:00, 8.3, 15.0
0.0, 0.0, 0.0, 1972-08-22 00:00:00, 5.6, 10.6
0.0, 0.0, 0.0, 1972-08-23 00:00:00, 4.4, 15.6
0.0, 0.0, 0.0, 1972-08-24 00:00:00, 8.3, 15.6
0.0, 0.0, 0.0, 1972-08-25 00:00:00, 8.9, 17.8
0.0, 0.0, 0.0, 1972-08-26 00:00:00, 9.4, 19.4
0.0, 0.0, 0.0, 1972-08-27 00:00:00, 10.0, 21.7
13.2, 13.2, 0.0, 1972-08-28 00:00:00, 11.1, 21.1
0.0, 0.0, 0.0, 1972-08-29 00:00:00, 9.4, 17.8
0.0, 0.0, 0.0, 1972-08-30 00:00:00, 1.7, 6.7
0.0, 0.0, 0.0, 1972-08-31 00:00:00, 2.8, 11.1
0.0, 0.0, 0.0, 1972-09-01 00:00:00, -1.1, 12.8
0.0, 0.0, 0.0, 1972-09-02 00:00:00, 6.1, 13.9
0.0, 0.0, 0.0, 1972-09-03 00:00:00, 6.7, 15.6
0.5, 0.5, 0.0, 1972-09-04 00:00:00, 7.8, 16.1
17.3, 17.3, 0.0, 1972-09-05 00:00:00, 3.9, 11.1
27.2, 19.6, 7.6, 1972-09-06 00:00:00, 0.0, 4.4
8.6, 7.6, 1.0, 1972-09-07 00:00:00, 0.6, 5.6
11.2, 4.8, 6.4, 1972-09-08 00:00:00, 0.6, 3.3
30.2, 15.2, 15.0, 1972-09-09 00:00:00, -0.6, 1.7
0.0, 0.0, 0.0, 1972-09-10 00:00:00, -1.1, 4.4
0.0, 0.0, 0.0, 1972-09-11 00:00:00, -0.6, 7.8
0.0, 0.0, 0.0, 1972-09-12 00:00:00, 1.7, 10.0
0.0, 0.0, 0.0, 1972-09-13 00:00:00, 3.3, 10.6
0.0, 0.0, 0.0, 1972-09-14 00:00:00, 5.6, 9.4
7.6, 7.6, 0.0, 1972-09-15 00:00:00, 6.1, 11.1
6.4, 5.1, 1.3, 1972-09-16 00:00:00, 1.7, 6.7
2.5, 0.5, 2.0, 1972-09-17 00:00:00, -1.7, 1.1
17.3, 0.0, 17.3, 1972-09-18 00:00:00, -3.3, 3.3
24.9, 0.0, 24.9, 1972-09-19 00:00:00, -3.3, 1.1
14.2, 0.0, 14.2, 1972-09-20 00:00:00, -3.9, 0.0
0.0, 0.0, 0.0, 1972-09-21 00:00:00, -1.1, 1.7
43.2, 0.0, 43.2, 1972-09-22 00:00:00, -3.3, -1.1
25.4, 0.0, 25.4, 1972-09-23 00:00:00, -5.6, -2.2
0.0, 0.0, 0.0, 1972-09-24 00:00:00, -7.2, -4.4
10.7, 0.0, 10.7, 1972-09-25 00:00:00, -7.8, -3.9
0.0, 0.0, 0.0, 1972-09-26 00:00:00, -10.0, -5.6
10.2, 0.0, 10.2, 1972-09-27 00:00:00, -12.8, -5.6
0.0, 0.0, 0.0, 1972-09-28 00:00:00, -7.2, -3.9
0.0, 0.0, 0.0, 1972-09-29 00:00:00, -4.4, 1.1
0.0, 0.0, 0.0, 1972-09-30 00:00:00, -5.6, 5.0
0.0, 0.0, 0.0, 1972-10-01 00:00:00, None, None
0.0, 0.0, 0.0, 1972-10-02 00:00:00, None, None
0.0, 0.0, 0.0, 1972-10-03 00:00:00, None, None
0.0, 0.0, 0.0, 1972-10-04 00:00:00, None, None
0.0, 0.0, 0.0, 1972-10-05 00:00:00, None, 5.0
0.0, 0.0, 0.0, 1972-10-06 00:00:00, 0.6, 9.4
0.0, 0.0, 0.0, 1972-10-07 00:00:00, 5.0, 10.0
0.0, 0.0, 0.0, 1972-10-08 00:00:00, 3.3, 11.7
0.0, 0.0, 0.0, 1972-10-09 00:00:00, -1.1, 5.6
0.0, 0.0, 0.0, 1972-10-10 00:00:00, -5.6, -3.9
0.0, 0.0, 0.0, 1972-10-11 00:00:00, -6.7, 1.7
0.0, 0.0, 0.0, 1972-10-12 00:00:00, 0.0, 6.1
0.0, 0.0, 0.0, 1972-10-13 00:00:00, 0.6, 6.1
0.0, 0.0, 0.0, 1972-10-14 00:00:00, -3.3, 6.7
0.0, 0.0, 0.0, 1972-10-15 00:00:00, 1.1, 9.4
0.0, 0.0, 0.0, 1972-10-16 00:00:00, 1.7, 9.4
0.0, 0.0, 0.0, 1972-10-17 00:00:00, 1.1, 8.9
0.0, 0.0, 0.0, 1972-10-18 00:00:00, 0.6, 9.4
0.0, 0.0, 0.0, 1972-10-19 00:00:00, 1.7, 10.0
6.9, 6.9, 0.0, 1972-10-20 00:00:00, 1.7, 6.7
0.0, 0.0, 0.0, 1972-10-21 00:00:00, 1.1, 2.8
7.1, 0.0, 7.1, 1972-10-22 00:00:00, -0.6, 1.7
0.0, 0.0, 0.0, 1972-10-23 00:00:00, -2.8, -1.1
10.2, 0.0, 10.2, 1972-10-24 00:00:00, -4.4, 1.7
21.3, 0.0, 21.3, 1972-10-25 00:00:00, -2.2, -1.1
10.2, 0.0, 10.2, 1972-10-26 00:00:00, -4.4, -2.8
20.3, 0.0, 20.3, 1972-10-27 00:00:00, -10.6, -7.2
0.0, 0.0, 0.0, 1972-10-28 00:00:00, -11.1, -3.9
0.0, 0.0, 0.0, 1972-10-29 00:00:00, -10.0, -7.8
12.7, 0.0, 12.7, 1972-10-30 00:00:00, -13.3, -4.4
16.8, 0.0, 16.8, 1972-10-31 00:00:00, -7.8, -4.4
19.8, 0.0, 19.8, 1972-11-01 00:00:00, None, None
10.2, 0.0, 10.2, 1972-11-02 00:00:00, -3.3, -1.1
5.1, 0.0, 5.1, 1972-11-03 00:00:00, -3.3, -0.6
10.2, 0.0, 10.2, 1972-11-04 00:00:00, -2.2, 0.0
15.2, 0.0, 15.2, 1972-11-05 00:00:00, -3.9, -2.8
25.9, 0.0, 25.9, 1972-11-06 00:00:00, -3.9, -2.8
16.8, 0.0, 16.8, 1972-11-07 00:00:00, -4.4, -2.2
0.0, 0.0, 0.0, 1972-11-08 00:00:00, -2.8, -1.7
9.7, 0.0, 9.7, 1972-11-09 00:00:00, -4.4, -2.2
2.5, 0.0, 2.5, 1972-11-10 00:00:00, -3.9, -2.2
0.0, 0.0, 0.0, 1972-11-11 00:00:00, -7.2, -2.2
6.6, 0.0, 6.6, 1972-11-12 00:00:00, -7.8, -1.7
13.2, 0.0, 13.2, 1972-11-13 00:00:00, -4.4, -2.2
4.1, 0.0, 4.1, 1972-11-14 00:00:00, -3.9, -2.8
0.0, 0.0, 0.0, 1972-11-15 00:00:00, -8.9, -2.8
0.0, 0.0, 0.0, 1972-11-16 00:00:00, -4.4, -2.8
0.0, 0.0, 0.0, 1972-11-17 00:00:00, -9.4, -6.1
0.0, 0.0, 0.0, 1972-11-18 00:00:00, -10.6, -3.9
0.0, 0.0, 0.0, 1972-11-19 00:00:00, -7.8, -3.3
0.0, 0.0, 0.0, 1972-11-20 00:00:00, -12.2, -8.9
0.0, 0.0, 0.0, 1972-11-21 00:00:00, -13.3, -8.3
32.0, 0.0, 32.0, 1972-11-22 00:00:00, -10.0, -6.7
17.8, 0.0, 17.8, 1972-11-23 00:00:00, -7.2, -4.4
0.0, 0.0, 0.0, 1972-11-24 00:00:00, -7.8, -6.7
0.0, 0.0, 0.0, 1972-11-25 00:00:00, -7.2, -4.4
43.2, 0.0, 43.2, 1972-11-26 00:00:00, -8.9, -6.7
0.0, 0.0, 0.0, 1972-11-27 00:00:00, -9.4, -8.9
0.0, 0.0, 0.0, 1972-11-28 00:00:00, -15.0, -8.3
12.2, 0.0, 12.2, 1972-11-29 00:00:00, -11.7, -5.0
3.6, 0.0, 3.6, 1972-11-30 00:00:00, -5.6, -1.7
15.2, 0.0, 15.2, 1972-12-01 00:00:00, None, None
0.0, 0.0, 0.0, 1972-12-02 00:00:00, None, None
0.0, 0.0, 0.0, 1972-12-03 00:00:00, None, None
0.0, 0.0, 0.0, 1972-12-04 00:00:00, None, None
0.0, 0.0, 0.0, 1972-12-05 00:00:00, -24.4, -16.7
0.0, 0.0, 0.0, 1972-12-06 00:00:00, -27.8, -21.1
0.0, 0.0, 0.0, 1972-12-07 00:00:00, -26.7, -21.1
0.0, 0.0, 0.0, 1972-12-08 00:00:00, -29.4, -20.6
0.0, 0.0, 0.0, 1972-12-09 00:00:00, -25.0, -18.3
7.6, 0.0, 7.6, 1972-12-10 00:00:00, -25.0, -18.3
2.5, 0.0, 2.5, 1972-12-11 00:00:00, -21.1, -18.9
0.0, 0.0, 0.0, 1972-12-12 00:00:00, -25.6, -19.4
10.2, 0.0, 10.2, 1972-12-13 00:00:00, -23.9, -19.4
2.5, 0.0, 2.5, 1972-12-14 00:00:00, -20.0, -15.0
30.5, 0.0, 17.8, 1972-12-15 00:00:00, -16.7, -10.0
27.9, 0.0, 27.9, 1972-12-16 00:00:00, -13.3, -5.6
29.5, 0.0, 29.5, 1972-12-17 00:00:00, -7.8, -2.2
23.4, 0.0, 23.4, 1972-12-18 00:00:00, -4.4, -2.2
16.8, 0.0, 16.8, 1972-12-19 00:00:00, -3.9, -1.1
26.9, 0.0, 26.9, 1972-12-20 00:00:00, -3.3, -1.7
25.9, 0.0, 25.9, 1972-12-21 00:00:00, -3.3, -1.7
None, 0.0, None, 1972-12-22 00:00:00, -3.3, -2.2
None, 0.0, None, 1972-12-23 00:00:00, -5.0, -1.1
None, 0.0, None, 1972-12-24 00:00:00, -6.1, -4.4
None, 0.0, None, 1972-12-25 00:00:00, -5.6, -3.3
None, 0.0, None, 1972-12-26 00:00:00, -5.0, -1.7
None, 0.0, None, 1972-12-27 00:00:00, -7.8, -6.1
None, 0.0, None, 1972-12-28 00:00:00, None, None
86.4, 0.0, 86.4, 1972-12-29 00:00:00, -15.6, -11.7
None, 0.0, None, 1972-12-30 00:00:00, -15.0, -9.4
None, 0.0, None, 1972-12-31 00:00:00, -13.3, -9.4
0.0, 0.0, 0.0, 1973-01-01 00:00:00, -10.0, -6.1
40.6, 0.0, 40.6, 1973-01-02 00:00:00, -12.2, -10.6
0.0, 0.0, 0.0, 1973-01-03 00:00:00, -25.0, -20.0
2.5, 0.0, 2.5, 1973-01-04 00:00:00, -24.4, -16.7
0.0, 0.0, 0.0, 1973-01-05 00:00:00, -27.8, -21.1
0.0, 0.0, 0.0, 1973-01-06 00:00:00, -27.8, -21.7
0.0, 0.0, 0.0, 1973-01-07 00:00:00, -27.8, -20.0
0.0, 0.0, 0.0, 1973-01-08 00:00:00, -23.3, -15.0
0.0, 0.0, 0.0, 1973-01-09 00:00:00, -21.1, -13.3
4.1, 0.0, 4.1, 1973-01-10 00:00:00, -16.7, -9.4
21.3, 0.0, 21.3, 1973-01-11 00:00:00, -16.1, -10.0
0.0, 0.0, 0.0, 1973-01-12 00:00:00, -11.1, -3.9
0.0, 0.0, 0.0, 1973-01-13 00:00:00, -6.7, -1.7
30.5, 0.0, 30.5, 1973-01-14 00:00:00, -3.9, 0.0
0.0, 0.0, 0.0, 1973-01-15 00:00:00, -2.8, 0.0
0.0, 0.0, 0.0, 1973-01-16 00:00:00, -4.4, -2.8
0.0, 0.0, 0.0, 1973-01-17 00:00:00, -6.7, -3.3
0.0, 0.0, 0.0, 1973-01-18 00:00:00, -9.4, -5.6
0.0, 0.0, 0.0, 1973-01-19 00:00:00, -8.9, -6.7
87.4, 0.0, 87.4, 1973-01-20 00:00:00, -8.9, -7.8
0.0, 0.0, 0.0, 1973-01-21 00:00:00, -11.1, -7.8
0.0, 0.0, 0.0, 1973-01-22 00:00:00, -8.9, -7.2
8.6, 0.0, 8.6, 1973-01-23 00:00:00, -8.9, -6.7
22.9, 0.0, 22.9, 1973-01-24 00:00:00, -7.2, -5.0
13.2, 0.0, 13.2, 1973-01-25 00:00:00, None, None
0.0, 0.0, 0.0, 1973-01-26 00:00:00, None, None
5.1, 0.0, 5.1, 1973-01-27 00:00:00, None, None
0.0, 0.0, 0.0, 1973-01-28 00:00:00, None, None
14.7, 0.0, 14.7, 1973-01-29 00:00:00, None, None
32.0, 0.0, 32.0, 1973-01-30 00:00:00, None, None
6.1, 0.0, 6.1, 1973-01-31 00:00:00, None, None
0.0, 0.0, 0.0, 1973-02-01 00:00:00, -7.8, -6.1
0.0, 0.0, 0.0, 1973-02-02 00:00:00, -7.2, -5.6
0.0, 0.0, 0.0, 1973-02-03 00:00:00, -7.2, -5.0
44.2, 0.0, 44.2, 1973-02-04 00:00:00, -6.7, -4.4
0.0, 0.0, 0.0, 1973-02-05 00:00:00, -12.2, -10.0
0.0, 0.0, 0.0, 1973-02-06 00:00:00, -18.3, -10.6
0.0, 0.0, 0.0, 1973-02-07 00:00:00, -15.6, -8.3
0.0, 0.0, 0.0, 1973-02-08 00:00:00, -14.4, -10.0
0.0, 0.0, 0.0, 1973-02-09 00:00:00, -12.2, -7.8
0.0, 0.0, 0.0, 1973-02-10 00:00:00, -10.6, -7.2
0.0, 0.0, 0.0, 1973-02-11 00:00:00, -9.4, -6.7
35.6, 0.0, 35.6, 1973-02-12 00:00:00, -9.4, -7.2
0.0, 0.0, 0.0, 1973-02-13 00:00:00, -13.3, -7.2
0.0, 0.0, 0.0, 1973-02-14 00:00:00, -13.9, -6.7
5.1, 0.0, 5.1, 1973-02-15 00:00:00, -7.2, -4.4
12.7, 0.0, 12.7, 1973-02-16 00:00:00, -6.1, -3.9
0.0, 0.0, 0.0, 1973-02-17 00:00:00, -5.6, -3.3
25.4, 0.0, 25.4, 1973-02-18 00:00:00, -8.3, -6.7
10.2, 0.0, 10.2, 1973-02-19 00:00:00, -12.8, -7.2
0.0, 0.0, 0.0, 1973-02-20 00:00:00, -13.3, -6.1
0.0, 0.0, 0.0, 1973-02-21 00:00:00, -11.7, -2.2
0.0, 0.0, 0.0, 1973-02-22 00:00:00, -6.7, 3.9
0.0, 0.0, 0.0, 1973-02-23 00:00:00, -5.6, -1.1
0.0, 0.0, 0.0, 1973-02-24 00:00:00, -7.2, -0.6
35.6, 0.0, 35.6, 1973-02-25 00:00:00, -4.4, -1.7
15.7, 0.0, 15.7, 1973-02-26 00:00:00, -3.3, -1.1
5.1, 0.0, 5.1, 1973-02-27 00:00:00, -3.3, -1.1
27.9, 0.0, 27.9, 1973-02-28 00:00:00, -3.9, -1.7
5.1, 0.0, 5.1, 1973-03-01 00:00:00, -6.1, -2.2
0.0, 0.0, 0.0, 1973-03-02 00:00:00, -7.2, -4.4
7.6, 0.0, 7.6, 1973-03-03 00:00:00, -6.7, -4.4
19.8, 0.0, 19.8, 1973-03-04 00:00:00, -8.3, -3.3
4.6, 0.0, 4.6, 1973-03-05 00:00:00, -8.9, -4.4
9.1, 0.0, 9.1, 1973-03-06 00:00:00, -12.2, -3.9
0.0, 0.0, 0.0, 1973-03-07 00:00:00, -11.7, -1.7
0.0, 0.0, 0.0, 1973-03-08 00:00:00, -6.7, -1.7
0.0, 0.0, 0.0, 1973-03-09 00:00:00, -6.7, -4.4
0.0, 0.0, 0.0, 1973-03-10 00:00:00, -6.7, -3.3
0.0, 0.0, 0.0, 1973-03-11 00:00:00, -7.8, -5.6
0.0, 0.0, 0.0, 1973-03-12 00:00:00, -10.0, -6.1
0.0, 0.0, 0.0, 1973-03-13 00:00:00, -11.7, -6.7
57.9, 0.0, 57.9, 1973-03-14 00:00:00, -11.7, -6.1
30.0, 0.0, 30.0, 1973-03-15 00:00:00, -5.6, -2.8
24.4, 0.0, 24.4, 1973-03-16 00:00:00, -11.7, -2.2
18.3, 0.0, 18.3, 1973-03-17 00:00:00, -14.4, -7.8
39.6, 0.0, 39.6, 1973-03-18 00:00:00, -8.9, -5.6
16.8, 0.0, 16.8, 1973-03-19 00:00:00, -4.4, -1.1
9.7, 0.0, 9.7, 1973-03-20 00:00:00, -7.8, 0.0
2.0, 0.0, 2.0, 1973-03-21 00:00:00, -4.4, 1.7
0.0, 0.0, 0.0, 1973-03-22 00:00:00, -8.9, -1.1
0.0, 0.0, 0.0, 1973-03-23 00:00:00, -6.1, 1.1
0.0, 0.0, 0.0, 1973-03-24 00:00:00, -2.2, 2.2
11.2, 0.0, 11.2, 1973-03-25 00:00:00, -12.2, -1.1
0.0, 0.0, 0.0, 1973-03-26 00:00:00, -8.9, -3.3
0.0, 0.0, 0.0, 1973-03-27 00:00:00, -10.6, -3.3
0.0, 0.0, 0.0, 1973-03-28 00:00:00, -10.0, -3.9
9.7, 0.0, 9.7, 1973-03-29 00:00:00, -5.0, -0.6
2.5, 0.0, 2.5, 1973-03-30 00:00:00, -5.6, -1.1
0.0, 0.0, 0.0, 1973-03-31 00:00:00, -6.7, -1.7
4.1, 0.0, 4.1, 1973-04-01 00:00:00, -8.9, -2.8
0.0, 0.0, 0.0, 1973-04-02 00:00:00, -6.7, 0.6
2.5, 0.0, 2.5, 1973-04-03 00:00:00, -3.3, 3.3
17.3, 0.0, 17.3, 1973-04-04 00:00:00, -3.9, 2.8
0.0, 0.0, 0.0, 1973-04-05 00:00:00, -7.8, -3.3
0.0, 0.0, 0.0, 1973-04-06 00:00:00, -13.3, -3.9
0.0, 0.0, 0.0, 1973-04-07 00:00:00, -11.1, -2.2
0.0, 0.0, 0.0, 1973-04-08 00:00:00, -8.3, 2.8
0.0, 0.0, 0.0, 1973-04-09 00:00:00, -2.2, 4.4
0.0, 0.0, 0.0, 1973-04-10 00:00:00, -2.2, 5.6
0.0, 0.0, 0.0, 1973-04-11 00:00:00, -1.7, 3.9
9.7, 0.0, 9.7, 1973-04-12 00:00:00, -6.1, 2.8
0.0, 0.0, 0.0, 1973-04-13 00:00:00, -12.8, -3.9
0.0, 0.0, 0.0, 1973-04-14 00:00:00, -12.2, -2.2
25.9, 0.0, 25.9, 1973-04-15 00:00:00, -5.6, -1.7
7.6, 0.0, 7.6, 1973-04-16 00:00:00, -5.6, -2.8
0.0, 0.0, 0.0, 1973-04-17 00:00:00, -6.7, -2.2
0.0, 0.0, 0.0, 1973-04-18 00:00:00, -10.0, -2.8
0.0, 0.0, 0.0, 1973-04-19 00:00:00, -7.8, 1.7
0.0, 0.0, 0.0, 1973-04-20 00:00:00, -4.4, 2.8
0.0, 0.0, 0.0, 1973-04-21 00:00:00, -1.7, 5.0
6.9, 0.0, 6.9, 1973-04-22 00:00:00, -2.8, 0.6
0.0, 0.0, 0.0, 1973-04-23 00:00:00, -5.6, 0.6
0.0, 0.0, 0.0, 1973-04-24 00:00:00, -10.6, 0.6
0.0, 0.0, 0.0, 1973-04-25 00:00:00, -8.9, 2.2
3.0, 0.0, 3.0, 1973-04-26 00:00:00, -5.6, 2.2
5.6, 0.0, 5.6, 1973-04-27 00:00:00, -7.8, -3.9
0.0, 0.0, 0.0, 1973-04-28 00:00:00, -7.8, -3.3
0.0, 0.0, 0.0, 1973-04-29 00:00:00, -6.7, 1.1
0.0, 0.0, 0.0, 1973-04-30 00:00:00, -2.8, 3.9
0.0, 0.0, 0.0, 1973-05-01 00:00:00, -4.4, 6.7
0.0, 0.0, 0.0, 1973-05-02 00:00:00, -2.8, 8.9
1.8, 1.8, 0.0, 1973-05-03 00:00:00, 1.7, 3.3
0.0, 0.0, 0.0, 1973-05-04 00:00:00, -1.7, 4.4
0.0, 0.0, 0.0, 1973-05-05 00:00:00, -1.7, 5.6
0.0, 0.0, 0.0, 1973-05-06 00:00:00, -1.7, 2.2
5.8, 0.8, 5.1, 1973-05-07 00:00:00, -2.8, 0.6
15.7, 0.0, 15.7, 1973-05-08 00:00:00, -5.0, 0.6
16.8, 0.0, 16.8, 1973-05-09 00:00:00, -5.6, 1.1
2.5, 0.0, 2.5, 1973-05-10 00:00:00, -5.0, -1.1
0.0, 0.0, 0.0, 1973-05-11 00:00:00, -8.9, 5.6
0.0, 0.0, 0.0, 1973-05-12 00:00:00, 0.0, 11.1
0.0, 0.0, 0.0, 1973-05-13 00:00:00, 4.4, 12.8
0.0, 0.0, 0.0, 1973-05-14 00:00:00, 7.2, 13.9
0.0, 0.0, 0.0, 1973-05-15 00:00:00, 4.4, 13.3
0.0, 0.0, 0.0, 1973-05-16 00:00:00, 6.7, 12.2
0.0, 0.0, 0.0, 1973-05-17 00:00:00, 10.0, 12.8
0.0, 0.0, 0.0, 1973-05-18 00:00:00, 3.9, 5.6
0.0, 0.0, 0.0, 1973-05-19 00:00:00, 3.3, 7.8
12.7, 12.7, 0.0, 1973-05-20 00:00:00, -2.8, 0.0
0.0, 0.0, 0.0, 1973-05-21 00:00:00, -1.7, 6.1
0.0, 0.0, 0.0, 1973-05-22 00:00:00, 2.2, 4.4
8.6, 8.6, 0.0, 1973-05-23 00:00:00, 3.3, 7.8
21.1, 16.0, 5.1, 1973-05-24 00:00:00, -2.8, 5.6
8.1, 8.1, 0.0, 1973-05-25 00:00:00, -1.7, 0.0
0.0, 0.0, 0.0, 1973-05-26 00:00:00, -2.2, 1.1
8.4, 8.4, 0.0, 1973-05-27 00:00:00, -0.6, 3.9
0.0, 0.0, 0.0, 1973-05-28 00:00:00, 0.0, 6.1
0.0, 0.0, 0.0, 1973-05-29 00:00:00, 1.7, 11.1
0.0, 0.0, 0.0, 1973-05-30 00:00:00, 5.6, 13.3
8.4, 0.0, 8.4, 1973-05-31 00:00:00, 1.1, None
8.4, 0.0, 8.4, 1973-06-01 00:00:00, -1.1, 1.7
0.0, 0.0, 0.0, 1973-06-02 00:00:00, -2.2, 3.3
0.0, 0.0, 0.0, 1973-06-03 00:00:00, 1.7, 8.3
0.0, 0.0, 0.0, 1973-06-04 00:00:00, 2.2, 8.9
4.6, 4.6, 0.0, 1973-06-05 00:00:00, 4.4, 10.6
16.3, 16.3, 0.0, 1973-06-06 00:00:00, 4.4, 6.7
4.6, 4.6, 0.0, 1973-06-07 00:00:00, 2.8, 6.1
0.0, 0.0, 0.0, 1973-06-08 00:00:00, 2.2, 6.7
6.4, 0.0, 6.4, 1973-06-09 00:00:00, -0.6, 3.3
0.0, 0.0, 0.0, 1973-06-10 00:00:00, -2.2, 2.2
0.0, 0.0, 0.0, 1973-06-11 00:00:00, -2.2, 8.9
7.6, 7.6, 0.0, 1973-06-12 00:00:00, 4.4, 11.1
1.5, 1.5, 0.0, 1973-06-13 00:00:00, 2.2, 6.7
0.0, 0.0, 0.0, 1973-06-14 00:00:00, 4.4, 7.8
0.0, 0.0, 0.0, 1973-06-15 00:00:00, 1.1, 5.6
0.0, 0.0, 0.0, 1973-06-16 00:00:00, -2.2, 5.6
12.7, 12.7, 0.0, 1973-06-17 00:00:00, -1.1, 3.3
0.5, 0.5, 0.0, 1973-06-18 00:00:00, 1.1, 4.4
2.0, 2.0, 0.0, 1973-06-19 00:00:00, 1.7, 6.7
0.0, 0.0, 0.0, 1973-06-20 00:00:00, 3.3, 12.2
0.0, 0.0, 0.0, 1973-06-21 00:00:00, 6.7, 15.6
0.0, 0.0, 0.0, 1973-06-22 00:00:00, 10.0, 17.8
0.0, 0.0, 0.0, 1973-06-23 00:00:00, 7.8, 12.2
22.9, 22.9, 0.0, 1973-06-24 00:00:00, 2.2, 6.7
11.7, 11.7, 0.0, 1973-06-25 00:00:00, 4.4, 7.8
0.0, 0.0, 0.0, 1973-06-26 00:00:00, 3.3, 11.7
0.0, 0.0, 0.0, 1973-06-27 00:00:00, 5.0, 15.0
0.0, 0.0, 0.0, 1973-06-28 00:00:00, 6.7, 13.9
0.0, 0.0, 0.0, 1973-06-29 00:00:00, 4.4, 11.7
4.6, 4.6, 0.0, 1973-06-30 00:00:00, 3.9, 4.4
0.0, 0.0, 0.0, 1973-07-01 00:00:00, 1.1, 6.7
0.0, 0.0, 0.0, 1973-07-02 00:00:00, 2.2, 10.6
0.0, 0.0, 0.0, 1973-07-03 00:00:00, 5.6, 15.6
14.0, 14.0, 0.0, 1973-07-04 00:00:00, 7.8, 11.1
15.5, 15.5, 0.0, 1973-07-05 00:00:00, 3.3, 6.7
0.0, 0.0, 0.0, 1973-07-06 00:00:00, 1.7, 3.3
0.0, 0.0, 0.0, 1973-07-07 00:00:00, 1.7, 6.7
10.7, 10.7, 0.0, 1973-07-08 00:00:00, 3.3, 10.0
0.0, 0.0, 0.0, 1973-07-09 00:00:00, 5.0, 15.0
0.0, 0.0, 0.0, 1973-07-10 00:00:00, 7.8, 19.4
0.0, 0.0, 0.0, 1973-07-11 00:00:00, 2.2, 10.0
0.0, 0.0, 0.0, 1973-07-12 00:00:00, 4.4, 13.9
0.0, 0.0, 0.0, 1973-07-13 00:00:00, 6.1, 16.7
0.0, 0.0, 0.0, 1973-07-14 00:00:00, 8.9, 18.9
0.0, 0.0, 0.0, 1973-07-15 00:00:00, 10.0, 18.3
0.0, 0.0, 0.0, 1973-07-16 00:00:00, 7.8, 16.7
0.0, 0.0, 0.0, 1973-07-17 00:00:00, 6.7, 16.7
0.0, 0.0, 0.0, 1973-07-18 00:00:00, 8.9, 18.9
0.0, 0.0, 0.0, 1973-07-19 00:00:00, 10.0, 23.3
0.0, 0.0, 0.0, 1973-07-20 00:00:00, 12.2, 17.8
23.1, 23.1, 0.0, 1973-07-21 00:00:00, 7.8, 12.2
0.0, 0.0, 0.0, 1973-07-22 00:00:00, 5.6, 10.0
0.0, 0.0, 0.0, 1973-07-23 00:00:00, 5.0, 8.9
0.0, 0.0, 0.0, 1973-07-24 00:00:00, 3.3, 14.4
0.0, 0.0, 0.0, 1973-07-25 00:00:00, 7.8, 12.8
0.0, 0.0, 0.0, 1973-07-26 00:00:00, 7.2, 16.7
0.0, 0.0, 0.0, 1973-07-27 00:00:00, 10.6, 16.7
0.0, 0.0, 0.0, 1973-07-28 00:00:00, 8.9, 20.0
0.0, 0.0, 0.0, 1973-07-29 00:00:00, 11.1, 22.2
0.0, 0.0, 0.0, 1973-07-30 00:00:00, 11.1, 22.8
0.0, 0.0, 0.0, 1973-07-31 00:00:00, 11.7, 23.3
0.0, 0.0, 0.0, 1973-08-01 00:00:00, 11.7, 23.3
0.0, 0.0, 0.0, 1973-08-02 00:00:00, 12.2, 22.2
0.0, 0.0, 0.0, 1973-08-03 00:00:00, 13.3, 23.3
0.0, 0.0, 0.0, 1973-08-04 00:00:00, 6.7, 21.1
19.8, 19.8, 0.0, 1973-08-05 00:00:00, 6.7, 13.3
4.1, 4.1, 0.0, 1973-08-06 00:00:00, 4.4, 10.0
0.0, 0.0, 0.0, 1973-08-07 00:00:00, 5.6, 16.7
0.0, 0.0, 0.0, 1973-08-08 00:00:00, 8.9, 21.1
0.0, 0.0, 0.0, 1973-08-09 00:00:00, 12.2, 21.1
0.0, 0.0, 0.0, 1973-08-10 00:00:00, 12.2, 18.9
0.0, 0.0, 0.0, 1973-08-11 00:00:00, 10.0, 18.9
0.0, 0.0, 0.0, 1973-08-12 00:00:00, 11.1, 21.1
0.0, 0.0, 0.0, 1973-08-13 00:00:00, 12.2, 21.1
0.0, 0.0, 0.0, 1973-08-14 00:00:00, 11.1, 20.0
0.0, 0.0, 0.0, 1973-08-15 00:00:00, 8.9, 17.8
17.8, 17.8, 0.0, 1973-08-16 00:00:00, 7.8, 14.4
2.5, 2.5, 0.0, 1973-08-17 00:00:00, -0.6, 4.4
0.0, 0.0, 0.0, 1973-08-18 00:00:00, -1.1, 3.3
0.0, 0.0, 0.0, 1973-08-19 00:00:00, -1.1, 10.0
0.0, 0.0, 0.0, 1973-08-20 00:00:00, 5.6, 15.6
0.0, 0.0, 0.0, 1973-08-21 00:00:00, 5.6, 17.8
0.0, 0.0, 0.0, 1973-08-22 00:00:00, 8.9, 17.8
4.6, 4.6, 0.0, 1973-08-23 00:00:00, 5.6, 14.4
6.9, 6.9, 0.0, 1973-08-24 00:00:00, 5.6, 7.8
0.0, 0.0, 0.0, 1973-08-25 00:00:00, 2.8, 8.9
5.1, 5.1, 0.0, 1973-08-26 00:00:00, 5.0, 8.3
2.8, 2.8, 0.0, 1973-08-27 00:00:00, 4.4, 7.8
0.0, 0.0, 0.0, 1973-08-28 00:00:00, 2.8, 10.0
0.0, 0.0, 0.0, 1973-08-29 00:00:00, 4.4, 12.8
3.3, 3.3, 0.0, 1973-08-30 00:00:00, 3.9, 7.2
0.0, 0.0, 0.0, 1973-08-31 00:00:00, 0.6, 6.7
0.0, 0.0, 0.0, 1973-09-01 00:00:00, 1.1, 10.0
12.7, 12.7, 0.0, 1973-09-02 00:00:00, 3.9, 13.3
0.0, 0.0, 0.0, 1973-09-03 00:00:00, 4.4, 11.1
0.0, 0.0, 0.0, 1973-09-04 00:00:00, 7.2, 16.1
0.0, 0.0, 0.0, 1973-09-05 00:00:00, 10.0, 20.0
3.8, 3.8, 0.0, 1973-09-06 00:00:00, 12.2, 20.0
0.0, 0.0, 0.0, 1973-09-07 00:00:00, 7.8, 8.9
0.0, 0.0, 0.0, 1973-09-08 00:00:00, 3.3, 12.2
0.0, 0.0, 0.0, 1973-09-09 00:00:00, 2.2, 14.4
0.0, 0.0, 0.0, 1973-09-10 00:00:00, 8.3, 18.3
0.0, 0.0, 0.0, 1973-09-11 00:00:00, 10.0, 19.4
0.0, 0.0, 0.0, 1973-09-12 00:00:00, 7.2, 10.6
0.0, 0.0, 0.0, 1973-09-13 00:00:00, 4.4, 6.7
0.0, 0.0, 0.0, 1973-09-14 00:00:00, 1.7, 4.4
0.0, 0.0, 0.0, 1973-09-15 00:00:00, -1.1, 7.2
0.0, 0.0, 0.0, 1973-09-16 00:00:00, 1.1, 10.0
0.0, 0.0, 0.0, 1973-09-17 00:00:00, 2.8, 11.1
2.5, 2.5, 0.0, 1973-09-18 00:00:00, 6.1, 6.7
9.1, 9.1, 0.0, 1973-09-19 00:00:00, 4.4, 5.0
5.8, 5.8, 0.0, 1973-09-20 00:00:00, 3.3, 5.6
0.0, 0.0, 0.0, 1973-09-21 00:00:00, 3.9, 5.6
0.0, 0.0, 0.0, 1973-09-22 00:00:00, 2.2, 5.6
57.4, 50.8, 6.6, 1973-09-23 00:00:00, 2.2, 3.3
9.1, 6.6, 2.5, 1973-09-24 00:00:00, 1.1, 3.3
0.0, 0.0, 0.0, 1973-09-25 00:00:00, -1.1, 2.2
0.0, 0.0, 0.0, 1973-09-26 00:00:00, 0.0, 4.4
0.0, 0.0, 0.0, 1973-09-27 00:00:00, 3.3, 10.6
0.0, 0.0, 0.0, 1973-09-28 00:00:00, 6.1, 14.4
0.0, 0.0, 0.0, 1973-09-29 00:00:00, 7.8, 7.8
0.0, 0.0, 0.0, 1973-09-30 00:00:00, 2.2, 3.3
2.5, 0.0, 2.5, 1973-10-01 00:00:00, -2.2, -1.7
0.0, 0.0, 0.0, 1973-10-02 00:00:00, -4.4, -1.1
0.0, 0.0, 0.0, 1973-10-03 00:00:00, -2.2, 1.1
4.6, 0.0, 4.6, 1973-10-04 00:00:00, -1.7, 2.2
5.1, 0.0, 5.1, 1973-10-05 00:00:00, 1.1, 2.2
17.8, 0.0, 17.8, 1973-10-06 00:00:00, -2.2, -0.6
0.0, 0.0, 0.0, 1973-10-07 00:00:00, -3.3, -2.8
0.0, 0.0, 0.0, 1973-10-08 00:00:00, -8.3, -1.7
6.6, 0.0, 6.6, 1973-10-09 00:00:00, -4.4, 0.0
3.8, 0.0, 3.8, 1973-10-10 00:00:00, -2.2, -1.1
15.2, 0.0, 15.2, 1973-10-11 00:00:00, -2.2, -0.6
0.0, 0.0, 0.0, 1973-10-12 00:00:00, -5.6, -1.7
22.9, 0.0, 22.9, 1973-10-13 00:00:00, -1.7, 0.6
0.0, 0.0, 0.0, 1973-10-14 00:00:00, -1.7, 0.0
0.0, 0.0, 0.0, 1973-10-15 00:00:00, -6.1, 2.2
7.6, 0.0, 7.6, 1973-10-16 00:00:00, 0.0, 3.3
4.8, 4.8, 0.0, 1973-10-17 00:00:00, 0.0, 6.7
7.1, 7.1, 0.0, 1973-10-18 00:00:00, 3.3, 5.0
0.0, 0.0, 0.0, 1973-10-19 00:00:00, 3.3, 5.6
0.0, 0.0, 0.0, 1973-10-20 00:00:00, 2.2, 3.3
68.3, 66.0, 2.3, 1973-10-21 00:00:00, 0.6, 3.3
0.0, 0.0, 0.0, 1973-10-22 00:00:00, -1.1, 2.8
0.0, 0.0, 0.0, 1973-10-23 00:00:00, 1.1, 4.4
26.4, 0.0, 26.4, 1973-10-24 00:00:00, 1.1, 1.1
0.0, 0.0, 0.0, 1973-10-25 00:00:00, -2.2, -1.1
0.0, 0.0, 0.0, 1973-10-26 00:00:00, -3.3, -2.2
0.0, 0.0, 0.0, 1973-10-27 00:00:00, -2.2, -1.1
15.2, 0.0, 15.2, 1973-10-28 00:00:00, -1.1, 0.6
14.7, 0.0, 14.7, 1973-10-29 00:00:00, -3.3, -1.1
15.2, 0.0, 15.2, 1973-10-30 00:00:00, -3.3, -3.3
5.1, 0.0, 5.1, 1973-10-31 00:00:00, -6.7, -6.1
