station_observations
ONE_DAY_PRECIPITATION, ONE_DAY_RAIN, ONE_DAY_SNOW, time, MIN_TEMP, MAX_TEMP
0.5, 0.5, 0.0, 1975-11-01 00:00:00, 2.2, 7.8
8.1, 8.1, 0.0, 1975-11-02 00:00:00, 0.0, 4.4
4.1, 4.1, 0.0, 1975-11-03 00:00:00, 0.0, 8.3
1.8, 1.8, 0.0, 1975-11-04 00:00:00, 5.0, 12.2
2.0, 2.0, 0.0, 1975-11-05 00:00:00, 2.2, 14.4
2.5, 0.0, 2.5, 1975-11-06 00:00:00, -2.8, 3.9
2.5, 0.0, 2.5, 1975-11-07 00:00:00, -2.8, 6.1
5.1, 0.0, 5.1, 1975-11-08 00:00:00, -3.9, 4.4
0.0, 0.0, 0.0, 1975-11-09 00:00:00, -7.8, None
0.0, 0.0, 0.0, 1975-11-10 00:00:00, -8.9, -2.2
0.0, 0.0, 0.0, 1975-11-11 00:00:00, -10.6, 0.6
0.0, 0.0, 0.0, 1975-11-12 00:00:00, -4.4, None
1.5, 1.5, 0.0, 1975-11-13 00:00:00, -1.1, 8.9
16.3, 16.3, 0.0, 1975-11-14 00:00:00, 1.7, 7.2
2.8, 2.8, 0.0, 1975-11-15 00:00:00, 0.0, 4.4
2.5, 0.0, 2.5, 1975-11-16 00:00:00, -3.9, 0.0
0.0, 0.0, 0.0, 1975-11-17 00:00:00, -5.6, 1.1
0.0, 0.0, 0.0, 1975-11-18 00:00:00, -7.8, -2.8
0.0, 0.0, 0.0, 1975-11-19 00:00:00, -15.6, -5.6
0.0, 0.0, 0.0, 1975-11-20 00:00:00, -15.6, -3.9
0.0, 0.0, 0.0, 1975-11-21 00:00:00, -17.8, -7.2
0.0, 0.0, 0.0, 1975-11-22 00:00:00, -11.7, -4.4
3.8, 0.0, 3.8, 1975-11-23 00:00:00, -7.8, -1.7
0.0, 0.0, 0.0, 1975-11-24 00:00:00, -5.0, 1.1
2.5, 0.0, 2.5, 1975-11-25 00:00:00, -8.3, 1.1
0.0, 0.0, 0.0, 1975-11-26 00:00:00, -6.7, -2.2
0.0, 0.0, 0.0, 1975-11-27 00:00:00, -17.2, -7.2
0.0, 0.0, 0.0, 1975-11-28 00:00:00, -18.3, -9.4
0.0, 0.0, 0.0, 1975-11-29 00:00:00, -19.4, -11.1
0.0, 0.0, 0.0, 1975-11-30 00:00:00, -23.3, -14.4
10.2, 0.0, 10.2, 1975-12-01 00:00:00, -17.8, -6.1
0.0, 0.0, 0.0, 1975-12-02 00:00:00, -11.1, 1.7
6.4, 0.0, 6.4, 1975-12-03 00:00:00, -6.7, 2.2
0.0, 0.0, 0.0, 1975-12-04 00:00:00, -5.6, 3.3
0.0, 0.0, 0.0, 1975-12-05 00:00:00, -10.6, -2.2
0.0, 0.0, 0.0, 1975-12-06 00:00:00, -15.0, -3.9
2.5, 0.0, 2.5, 1975-12-07 00:00:00, -10.0, -2.2
2.5, 0.0, 2.5, 1975-12-08 00:00:00, -9.4, -1.7
6.4, 0.0, 6.4, 1975-12-09 00:00:00, -1.7, 1.1
0.0, 0.0, 0.0, 1975-12-10 00:00:00, -5.0, -1.1
0.0, 0.0, 0.0, 1975-12-11 00:00:00, -17.8, -10.6
0.0, 0.0, 0.0, 1975-12-12 00:00:00, -22.8, -12.2
2.5, 0.0, 2.5, 1975-12-13 00:00:00, -20.6, -11.1
6.4, 0.0, 6.4, 1975-12-14 00:00:00, -23.3, -12.8
0.0, 0.0, 0.0, 1975-12-15 00:00:00, -21.1, -11.7
0.0, 0.0, 0.0, 1975-12-16 00:00:00, -15.0, -9.4
0.0, 0.0, 0.0, 1975-12-17 00:00:00, -16.7, -9.4
0.0, 0.0, 0.0, 1975-12-18 00:00:00, -15.0, -5.0
0.0, 0.0, 0.0, 1975-12-19 00:00:00, -9.4, -7.2
2.5, 0.0, 2.5, 1975-12-20 00:00:00, -10.6, -6.7
0.0, 0.0, 0.0, 1975-12-21 00:00:00, -10.6, -7.8
0.0, 0.0, 0.0, 1975-12-22 00:00:00, -13.3, -8.3
3.8, 0.0, 3.8, 1975-12-23 00:00:00, -13.3, -5.6
0.0, 0.0, 0.0, 1975-12-24 00:00:00, -9.4, -1.1
0.0, 0.0, 0.0, 1975-12-25 00:00:00, -6.7, -0.6
0.0, 0.0, 0.0, 1975-12-26 00:00:00, -4.4, 2.8
2.5, 0.0, 2.5, 1975-12-27 00:00:00, -3.9, -1.1
0.0, 0.0, 0.0, 1975-12-28 00:00:00, -7.8, -1.1
0.0, 0.0, 0.0, 1975-12-29 00:00:00, -5.0, 2.2
0.0, 0.0, 0.0, 1975-12-30 00:00:00, -10.6, -0.6
0.0, 0.0, 0.0, 1975-12-31 00:00:00, -10.6, -10.6
0.0, 0.0, 0.0, 1976-01-01 00:00:00, -19.4, -10.6
0.0, 0.0, 0.0, 1976-01-02 00:00:00, -16.7, -8.3
0.0, 0.0, 0.0, 1976-01-03 00:00:00, -16.1, -8.3
11.4, 0.0, 11.4, 1976-01-04 00:00:00, -13.3, -7.2
0.0, 0.0, 0.0, 1976-01-05 00:00:00, -11.7, -7.8
2.5, 0.0, 2.5, 1976-01-06 00:00:00, -17.2, -11.7
6.4, 0.0, 6.4, 1976-01-07 00:00:00, -21.1, -13.3
3.8, 0.0, 3.8, 1976-01-08 00:00:00, -20.6, -7.8
0.0, 0.0, 0.0, 1976-01-09 00:00:00, -15.0, -6.7
3.8, 0.0, 3.8, 1976-01-10 00:00:00, -11.7, -3.3
0.0, 0.0, 0.0, 1976-01-11 00:00:00, -6.1, -2.2
0.0, 0.0, 0.0, 1976-01-12 00:00:00, -11.1, -3.3
3.8, 0.0, 3.8, 1976-01-13 00:00:00, -14.4, -3.3
7.6, 0.0, 7.6, 1976-01-14 00:00:00, -13.9, -8.9
0.0, 0.0, 0.0, 1976-01-15 00:00:00, -13.3, -5.0
0.0, 0.0, 0.0, 1976-01-16 00:00:00, -6.7, 1.1
0.0, 0.0, 0.0, 1976-01-17 00:00:00, -2.2, 3.9
0.0, 0.0, 0.0, 1976-01-18 00:00:00, -3.3, 2.8
0.0, 0.0, 0.0, 1976-01-19 00:00:00, -13.3, -2.8
0.0, 0.0, 0.0, 1976-01-20 00:00:00, -12.2, -2.2
0.0, 0.0, 0.0, 1976-01-21 00:00:00, -11.7, -1.7
8.9, 0.0, 8.9, 1976-01-22 00:00:00, -7.8, -1.7
0.0, 0.0, 0.0, 1976-01-23 00:00:00, -6.1, -1.7
2.5, 0.0, 2.5, 1976-01-24 00:00:00, -12.2, -3.9
2.5, 0.0, 2.5, 1976-01-25 00:00:00, -12.8, -6.1
3.8, 0.0, 3.8, 1976-01-26 00:00:00, -11.1, -1.7
0.0, 0.0, 0.0, 1976-01-27 00:00:00, -7.8, 2.2
0.0, 0.0, 0.0, 1976-01-28 00:00:00, -4.4, 3.9
0.0, 0.0, 0.0, 1976-01-29 00:00:00, -5.0, 3.9
0.0, 0.0, 0.0, 1976-01-30 00:00:00, -4.4, 3.9
0.0, 0.0, 0.0, 1976-01-31 00:00:00, -12.2, 0.6
0.0, 0.0, 0.0, 1976-02-01 00:00:00, -12.2, 1.1
0.0, 0.0, 0.0, 1976-02-02 00:00:00, -11.7, 0.0
0.0, 0.0, 0.0, 1976-02-03 00:00:00, -10.0, 0.0
0.0, 0.0, 0.0, 1976-02-04 00:00:00, -21.7, -8.3
0.0, 0.0, 0.0, 1976-02-05 00:00:00, -25.0, -7.8
0.0, 0.0, 0.0, 1976-02-06 00:00:00, -21.7, -6.7
0.0, 0.0, 0.0, 1976-02-07 00:00:00, -15.0, -4.4
2.5, 0.0, 2.5, 1976-02-08 00:00:00, -8.9, 0.0
2.5, 0.0, 2.5, 1976-02-09 00:00:00, -6.1, -0.6
0.0, 0.0, 0.0, 1976-02-10 00:00:00, -5.0, 0.6
5.1, 0.0, 5.1, 1976-02-11 00:00:00, -3.3, -0.6
0.0, 0.0, 0.0, 1976-02-12 00:00:00, -7.8, 2.2
6.4, 0.0, 6.4, 1976-02-13 00:00:00, -10.6, 0.6
0.0, 0.0, 0.0, 1976-02-14 00:00:00, -10.6, 2.8
0.0, 0.0, 0.0, 1976-02-15 00:00:00, -5.0, 3.9
0.0, 0.0, 0.0, 1976-02-16 00:00:00, -3.3, 2.2
5.1, 0.0, 5.1, 1976-02-17 00:00:00, -4.4, 0.6
0.0, 0.0, 0.0, 1976-02-18 00:00:00, -7.2, 1.7
0.0, 0.0, 0.0, 1976-02-19 00:00:00, -7.2, 1.7
0.0, 0.0, 0.0, 1976-02-20 00:00:00, -7.2, 2.2
0.0, 0.0, 0.0, 1976-02-21 00:00:00, -11.1, 3.3
0.0, 0.0, 0.0, 1976-02-22 00:00:00, -6.1, 1.7
3.8, 0.0, 3.8, 1976-02-23 00:00:00, -2.2, 4.4
2.5, 0.0, 2.5, 1976-02-24 00:00:00, -3.3, 3.3
2.5, 0.0, 2.5, 1976-02-25 00:00:00, -3.3, 2.8
2.5, 0.0, 2.5, 1976-02-26 00:00:00, -6.1, 0.0
2.5, 0.0, 2.5, 1976-02-27 00:00:00, -9.4, -5.6
0.0, 0.0, 0.0, 1976-02-28 00:00:00, -15.0, -6.1
0.0, 0.0, 0.0, 1976-02-29 00:00:00, -18.3, -3.3
0.0, 0.0, 0.0, 1976-03-01 00:00:00, -15.0, -9.4
0.0, 0.0, 0.0, 1976-03-02 00:00:00, -23.3, -10.6
0.0, 0.0, 0.0, 1976-03-03 00:00:00, -23.9, -10.6
0.0, 0.0, 0.0, 1976-03-04 00:00:00, -26.1, -7.8
0.0, 0.0, 0.0, 1976-03-05 00:00:00, -24.4, -2.2
0.0, 0.0, 0.0, 1976-03-06 00:00:00, -15.0, -2.8
0.0, 0.0, 0.0, 1976-03-07 00:00:00, -7.2, 1.7
0.0, 0.0, 0.0, 1976-03-08 00:00:00, -9.4, 2.8
0.0, 0.0, 0.0, 1976-03-09 00:00:00, -3.3, 6.1
3.8, 0.0, 3.8, 1976-03-10 00:00:00, -1.7, 4.4
0.0, 0.0, 0.0, 1976-03-11 00:00:00, -7.8, -0.6
0.0, 0.0, 0.0, 1976-03-12 00:00:00, -15.0, -3.3
0.0, 0.0, 0.0, 1976-03-13 00:00:00, -9.4, 0.6
0.0, 0.0, 0.0, 1976-03-14 00:00:00, -17.2, 0.0
0.0, 0.0, 0.0, 1976-03-15 00:00:00, -12.2, 3.3
0.0, 0.0, 0.0, 1976-03-16 00:00:00, -3.9, 4.4
0.0, 0.0, 0.0, 1976-03-17 00:00:00, -2.2, 11.1
3.8, 0.0, 3.8, 1976-03-18 00:00:00, -1.1, 7.8
0.0, 0.0, 0.0, 1976-03-19 00:00:00, -1.7, 2.8
0.0, 0.0, 0.0, 1976-03-20 00:00:00, -5.0, 3.3
0.0, 0.0, 0.0, 1976-03-21 00:00:00, -4.4, 3.9
5.1, 0.0, 5.1, 1976-03-22 00:00:00, -1.7, 3.9
0.0, 0.0, 0.0, 1976-03-23 00:00:00, -5.6, 4.4
0.0, 0.0, 0.0, 1976-03-24 00:00:00, -3.3, 2.2
0.0, 0.0, 0.0, 1976-03-25 00:00:00, -3.3, 5.0
0.0, 0.0, 0.0, 1976-03-26 00:00:00, -3.3, 2.8
0.0, 0.0, 0.0, 1976-03-27 00:00:00, -6.1, 2.8
0.0, 0.0, 0.0, 1976-03-28 00:00:00, -8.3, 2.8
0.0, 0.0, 0.0, 1976-03-29 00:00:00, -7.2, 4.4
0.0, 0.0, 0.0, 1976-03-30 00:00:00, -2.2, 9.4
0.0, 0.0, 0.0, 1976-03-31 00:00:00, 2.2, 7.8
0.0, 0.0, 0.0, 1976-04-01 00:00:00, -3.3, 4.4
0.0, 0.0, 0.0, 1976-04-02 00:00:00, -6.1, 8.3
0.0, 0.0, 0.0, 1976-04-03 00:00:00, -2.8, 9.4
0.0, 0.0, 0.0, 1976-04-04 00:00:00, -4.4, 12.2
0.0, 0.0, 0.0, 1976-04-05 00:00:00, -3.9, 16.1
0.0, 0.0, 0.0, 1976-04-06 00:00:00, -3.9, 18.9
0.0, 0.0, 0.0, 1976-04-07 00:00:00, -1.7, 11.1
0.0, 0.0, 0.0, 1976-04-08 00:00:00, -2.2, 17.2
0.0, 0.0, 0.0, 1976-04-09 00:00:00, -1.7, 14.4
0.0, 0.0, 0.0, 1976-04-10 00:00:00, 2.8, 16.7
0.0, 0.0, 0.0, 1976-04-11 00:00:00, -2.2, 18.3
6.1, 6.1, 0.0, 1976-04-12 00:00:00, -1.1, 9.4
0.8, 0.8, 0.0, 1976-04-13 00:00:00, 1.7, 8.3
0.0, 0.0, 0.0, 1976-04-14 00:00:00, -2.2, 7.2
0.5, 0.5, 0.0, 1976-04-15 00:00:00, -1.7, 6.1
0.0, 0.0, 0.0, 1976-04-16 00:00:00, -1.1, 6.1
0.5, 0.5, 0.0, 1976-04-17 00:00:00, -2.8, 5.6
0.0, 0.0, 0.0, 1976-04-18 00:00:00, -1.1, 7.8
0.0, 0.0, 0.0, 1976-04-19 00:00:00, -3.9, 7.2
1.3, 1.3, 0.0, 1976-04-20 00:00:00, -2.2, 7.2
0.0, 0.0, 0.0, 1976-04-21 00:00:00, -1.1, 7.8
0.0, 0.0, 0.0, 1976-04-22 00:00:00, 0.0, 8.3
0.0, 0.0, 0.0, 1976-04-23 00:00:00, -3.3, 12.8
2.8, 2.8, 0.0, 1976-04-24 00:00:00, 3.9, 12.8
0.0, 0.0, 0.0, 1976-04-25 00:00:00, -2.8, 8.3
0.0, 0.0, 0.0, 1976-04-26 00:00:00, -2.8, 11.7
0.0, 0.0, 0.0, 1976-04-27 00:00:00, 1.7, 14.4
0.0, 0.0, 0.0, 1976-04-28 00:00:00, -2.2, 15.6
0.0, 0.0, 0.0, 1976-04-29 00:00:00, -2.8, 17.2
0.0, 0.0, 0.0, 1976-04-30 00:00:00, -2.2, 19.4
0.0, 0.0, 0.0, 1976-05-01 00:00:00, -1.7, 21.1
0.0, 0.0, 0.0, 1976-05-02 00:00:00, -0.6, 21.1
0.0, 0.0, 0.0, 1976-05-03 00:00:00, 7.2, 18.3
0.0, 0.0, 0.0, 1976-05-04 00:00:00, -0.6, 18.9
2.5, 2.5, 0.0, 1976-05-05 00:00:00, 6.7, 10.6
0.0, 0.0, 0.0, 1976-05-06 00:00:00, 2.2, 17.2
0.0, 0.0, 0.0, 1976-05-07 00:00:00, 0.6, 22.2
0.0, 0.0, 0.0, 1976-05-08 00:00:00, 3.3, 17.8
0.0, 0.0, 0.0, 1976-05-09 00:00:00, 3.9, 21.7
5.6, 5.6, 0.0, 1976-05-10 00:00:00, 1.1, 21.7
0.0, 0.0, 0.0, 1976-05-11 00:00:00, 4.4, 13.3
0.0, 0.0, 0.0, 1976-05-12 00:00:00, -1.7, 13.9
10.9, 10.9, 0.0, 1976-05-13 00:00:00, 5.6, 8.9
0.0, 0.0, 0.0, 1976-05-14 00:00:00, 1.1, 13.3
0.0, 0.0, 0.0, 1976-05-15 00:00:00, -2.8, 16.7
3.3, 3.3, 0.0, 1976-05-16 00:00:00, -0.6, 20.6
0.0, 0.0, 0.0, 1976-05-17 00:00:00, 3.3, 11.1
0.0, 0.0, 0.0, 1976-05-18 00:00:00, 1.1, 12.2
0.0, 0.0, 0.0, 1976-05-19 00:00:00, -3.3, 19.4
3.8, 3.8, 0.0, 1976-05-20 00:00:00, 4.4, 7.8
0.0, 0.0, 0.0, 1976-05-21 00:00:00, 2.8, 15.6
0.0, 0.0, 0.0, 1976-05-22 00:00:00, 2.8, 18.9
0.0, 0.0, 0.0, 1976-05-23 00:00:00, 3.3, None
9.9, 9.9, 0.0, 1976-05-24 00:00:00, 5.0, 18.9
5.3, 5.3, 0.0, 1976-05-25 00:00:00, 3.3, 13.3
0.3, 0.3, 0.0, 1976-05-26 00:00:00, 2.2, 16.7
2.5, 2.5, 0.0, 1976-05-27 00:00:00, 5.6, 15.0
0.8, 0.8, 0.0, 1976-05-28 00:00:00, 1.1, 13.3
0.3, 0.3, 0.0, 1976-05-29 00:00:00, 2.2, 13.9
6.6, 6.6, 0.0, 1976-05-30 00:00:00, 2.2, 15.6
0.0, 0.0, 0.0, 1976-05-31 00:00:00, 3.9, 12.2
0.5, 0.5, 0.0, 1976-06-01 00:00:00, 2.2, 11.1
0.0, 0.0, 0.0, 1976-06-02 00:00:00, 1.7, 13.3
0.0, 0.0, 0.0, 1976-06-03 00:00:00, -1.7, 12.2
0.0, 0.0, 0.0, 1976-06-04 00:00:00, -1.7, 15.0
2.8, 2.8, 0.0, 1976-06-05 00:00:00, -0.6, 15.0
0.5, 0.5, 0.0, 1976-06-06 00:00:00, -1.1, 21.1
0.0, 0.0, 0.0, 1976-06-07 00:00:00, 0.0, 22.2
1.8, 1.8, 0.0, 1976-06-08 00:00:00, 0.0, 19.4
1.8, 1.8, 0.0, 1976-06-09 00:00:00, 6.7, 19.4
2.3, 2.3, 0.0, 1976-06-10 00:00:00, 4.4, 12.8
0.0, 0.0, 0.0, 1976-06-11 00:00:00, 2.8, 14.4
3.3, 3.3, 0.0, 1976-06-12 00:00:00, 3.9, 11.1
0.0, 0.0, 0.0, 1976-06-13 00:00:00, 3.3, 15.6
0.0, 0.0, 0.0, 1976-06-14 00:00:00, 0.0, 17.2
10.7, 10.7, 0.0, 1976-06-15 00:00:00, 2.2, 15.6
3.6, 3.6, 0.0, 1976-06-16 00:00:00, 4.4, 10.6
0.0, 0.0, 0.0, 1976-06-17 00:00:00, 2.2, 20.6
0.0, 0.0, 0.0, 1976-06-18 00:00:00, 1.1, 23.9
7.4, 7.4, 0.0, 1976-06-19 00:00:00, 5.6, 16.7
0.0, 0.0, 0.0, 1976-06-20 00:00:00, -3.9, 18.3
13.0, 13.0, 0.0, 1976-06-21 00:00:00, 1.1, 16.1
1.8, 1.8, 0.0, 1976-06-22 00:00:00, 5.0, 17.2
2.5, 2.5, 0.0, 1976-06-23 00:00:00, 7.2, 17.8
5.6, 5.6, 0.0, 1976-06-24 00:00:00, 2.2, 13.3
0.3, 0.3, 0.0, 1976-06-25 00:00:00, 2.8, 11.7
1.3, 1.3, 0.0, 1976-06-26 00:00:00, 3.9, 12.2
0.0, 0.0, 0.0, 1976-06-27 00:00:00, 5.6, 19.4
0.0, 0.0, 0.0, 1976-06-28 00:00:00, 2.2, 25.0
5.1, 5.1, 0.0, 1976-06-29 00:00:00, 7.8, 30.6
0.0, 0.0, 0.0, 1976-06-30 00:00:00, 12.2, 21.1
10.7, 10.7, 0.0, 1976-07-01 00:00:00, 7.2, 13.9
0.0, 0.0, 0.0, 1976-07-02 00:00:00, 1.7, 16.1
0.3, 0.3, 0.0, 1976-07-03 00:00:00, 2.2, 20.0
0.0, 0.0, 0.0, 1976-07-04 00:00:00, 7.2, 19.4
0.0, 0.0, 0.0, 1976-07-05 00:00:00, 4.4, 20.6
4.8, 4.8, 0.0, 1976-07-06 00:00:00, 6.1, 24.4
2.8, 2.8, 0.0, 1976-07-07 00:00:00, 9.4, 22.8
0.0, 0.0, 0.0, 1976-07-08 00:00:00, 8.9, 21.7
6.1, 6.1, 0.0, 1976-07-09 00:00:00, 9.4, 18.3
0.0, 0.0, 0.0, 1976-07-10 00:00:00, 5.6, 21.7
0.0, 0.0, 0.0, 1976-07-11 00:00:00, 9.4, 20.0
6.9, 6.9, 0.0, 1976-07-12 00:00:00, 5.6, 16.1
3.8, 3.8, 0.0, 1976-07-13 00:00:00, 6.1, 17.2
0.0, 0.0, 0.0, 1976-07-14 00:00:00, 5.6, 19.4
0.0, 0.0, 0.0, 1976-07-15 00:00:00, 3.9, 25.0
0.0, 0.0, 0.0, 1976-07-16 00:00:00, 5.6, 28.9
0.0, 0.0, 0.0, 1976-07-17 00:00:00, 5.6, 28.9
0.0, 0.0, 0.0, 1976-07-18 00:00:00, 7.2, 27.2
0.0, 0.0, 0.0, 1976-07-19 00:00:00, 8.9, 27.2
5.1, 5.1, 0.0, 1976-07-20 00:00:00, 9.4, 23.9
12.2, 12.2, 0.0, 1976-07-21 00:00:00, 8.3, 13.9
0.0, 0.0, 0.0, 1976-07-22 00:00:00, 2.2, 20.6
0.0, 0.0, 0.0, 1976-07-23 00:00:00, 10.6, 25.0
0.0, 0.0, 0.0, 1976-07-24 00:00:00, 11.7, 26.7
0.0, 0.0, 0.0, 1976-07-25 00:00:00, 6.7, 27.2
0.0, 0.0, 0.0, 1976-07-26 00:00:00, 10.6, 25.0
0.0, 0.0, 0.0, 1976-07-27 00:00:00, 4.4, 20.0
13.2, 13.2, 0.0, 1976-07-28 00:00:00, 5.6, 17.2
10.9, 10.9, 0.0, 1976-07-29 00:00:00, 6.1, 17.8
4.1, 4.1, 0.0, 1976-07-30 00:00:00, 8.9, 19.4
0.3, 0.3, 0.0, 1976-07-31 00:00:00, 11.1, 19.4
0.8, 0.8, 0.0, 1976-08-01 00:00:00, 8.3, 27.8
4.6, 4.6, 0.0, 1976-08-02 00:00:00, 13.9, 21.1
0.0, 0.0, 0.0, 1976-08-03 00:00:00, 13.9, 20.0
3.8, 3.8, 0.0, 1976-08-04 00:00:00, 10.0, 25.6
0.0, 0.0, 0.0, 1976-08-05 00:00:00, 13.3, 22.2
0.0, 0.0, 0.0, 1976-08-06 00:00:00, 12.8, 24.4
0.0, 0.0, 0.0, 1976-08-07 00:00:00, 11.1, 17.8
0.0, 0.0, 0.0, 1976-08-08 00:00:00, 10.0, 18.9
0.0, 0.0, 0.0, 1976-08-09 00:00:00, 12.2, 21.7
0.0, 0.0, 0.0, 1976-08-10 00:00:00, 12.2, 23.9
0.0, 0.0, 0.0, 1976-08-11 00:00:00, 8.3, 23.3
0.0, 0.0, 0.0, 1976-08-12 00:00:00, 10.0, 23.3
0.5, 0.5, 0.0, 1976-08-13 00:00:00, 7.8, 22.8
1.3, 1.3, 0.0, 1976-08-14 00:00:00, 10.0, 20.0
12.2, 12.2, 0.0, 1976-08-15 00:00:00, 11.7, 20.6
15.0, 15.0, 0.0, 1976-08-16 00:00:00, 7.8, 12.8
3.0, 3.0, 0.0, 1976-08-17 00:00:00, 6.1, 11.1
0.0, 0.0, 0.0, 1976-08-18 00:00:00, 5.0, 15.6
2.3, 2.3, 0.0, 1976-08-19 00:00:00, 5.0, 15.6
0.8, 0.8, 0.0, 1976-08-20 00:00:00, 7.2, 16.7
0.0, 0.0, 0.0, 1976-08-21 00:00:00, 3.9, 18.9
0.0, 0.0, 0.0, 1976-08-22 00:00:00, 2.8, 24.4
6.6, 6.6, 0.0, 1976-08-23 00:00:00, 9.4, 20.6
12.4, 12.4, 0.0, 1976-08-24 00:00:00, 11.7, 17.2
10.2, 10.2, 0.0, 1976-08-25 00:00:00, 9.4, 17.8
3.3, 3.3, 0.0, 1976-08-26 00:00:00, 6.1, 11.1
2.0, 2.0, 0.0, 1976-08-27 00:00:00, 3.3, 13.3
0.0, 0.0, 0.0, 1976-08-28 00:00:00, 7.2, 15.6
0.0, 0.0, 0.0, 1976-08-29 00:00:00, 7.2, 22.8
0.0, 0.0, 0.0, 1976-08-30 00:00:00, 7.2, 26.1
0.0, 0.0, 0.0, 1976-08-31 00:00:00, 5.0, 25.0
11.7, 11.7, 0.0, 1976-09-01 00:00:00, 6.1, 27.2
0.0, 0.0, 0.0, 1976-09-02 00:00:00, 8.9, 16.7
0.3, 0.3, 0.0, 1976-09-03 00:00:00, 5.0, 15.0
11.4, 11.4, 0.0, 1976-09-04 00:00:00, 7.8, 18.3
18.5, 18.5, 0.0, 1976-09-05 00:00:00, 10.0, 14.4
1.5, 1.5, 0.0, 1976-09-06 00:00:00, 6.1, 12.2
0.0, 0.0, 0.0, 1976-09-07 00:00:00, 3.3, 13.3
0.0, 0.0, 0.0, 1976-09-08 00:00:00, -1.7, 15.6
0.0, 0.0, 0.0, 1976-09-09 00:00:00, -0.6, 18.9
0.0, 0.0, 0.0, 1976-09-10 00:00:00, 1.7, 22.2
17.8, 17.8, 0.0, 1976-09-11 00:00:00, 1.1, 17.2
0.0, 0.0, 0.0, 1976-09-12 00:00:00, 7.8, 16.7
0.0, 0.0, 0.0, 1976-09-13 00:00:00, 6.7, 18.3
0.0, 0.0, 0.0, 1976-09-14 00:00:00, 2.2, 13.9
0.0, 0.0, 0.0, 1976-09-15 00:00:00, 2.2, 18.9
0.0, 0.0, 0.0, 1976-09-16 00:00:00, 1.1, 21.7
0.0, 0.0, 0.0, 1976-09-17 00:00:00, 5.6, 20.0
0.0, 0.0, 0.0, 1976-09-18 00:00:00, 3.9, 21.7
0.0, 0.0, 0.0, 1976-09-19 00:00:00, 3.9, 21.1
0.0, 0.0, 0.0, 1976-09-20 00:00:00, 3.3, 23.3
0.0, 0.0, 0.0, 1976-09-21 00:00:00, 3.3, 21.7
0.0, 0.0, 0.0, 1976-09-22 00:00:00, 4.4, 21.1
0.0, 0.0, 0.0, 1976-09-23 00:00:00, 4.4, 20.0
0.0, 0.0, 0.0, 1976-09-24 00:00:00, 7.2, 19.4
0.0, 0.0, 0.0, 1976-09-25 00:00:00, 5.0, 20.6
0.0, 0.0, 0.0, 1976-09-26 00:00:00, 2.2, 21.1
0.0, 0.0, 0.0, 1976-09-27 00:00:00, 2.2, 20.6
0.0, 0.0, 0.0, 1976-09-28 00:00:00, 2.8, 21.1
0.0, 0.0, 0.0, 1976-09-29 00:00:00, 5.6, 23.3
0.0, 0.0, 0.0, 1976-09-30 00:00:00, 7.2, 20.0
0.0, 0.0, 0.0, 1976-10-01 00:00:00, 5.0, 19.4
4.3, 4.3, 0.0, 1976-10-02 00:00:00, 5.0, 11.7
0.0, 0.0, 0.0, 1976-10-03 00:00:00, -1.1, 7.8
0.0, 0.0, 0.0, 1976-10-04 00:00:00, 0.0, 10.0
0.5, 0.5, 0.0, 1976-10-05 00:00:00, -2.2, 5.6
0.0, 0.0, 0.0, 1976-10-06 00:00:00, 0.0, 8.3
0.0, 0.0, 0.0, 1976-10-07 00:00:00, -1.1, 12.8
0.0, 0.0, 0.0, 1976-10-08 00:00:00, -1.7, 13.9
0.0, 0.0, 0.0, 1976-10-09 00:00:00, 0.6, 17.2
0.5, 0.5, 0.0, 1976-10-10 00:00:00, 4.4, 10.6
0.0, 0.0, 0.0, 1976-10-11 00:00:00, 3.3, 14.4
0.0, 0.0, 0.0, 1976-10-12 00:00:00, 0.6, 8.9
1.5, 1.5, 0.0, 1976-10-13 00:00:00, 1.1, 17.8
0.0, 0.0, 0.0, 1976-10-14 00:00:00, -0.6, 11.1
0.0, 0.0, 0.0, 1976-10-15 00:00:00, -6.7, 9.4
0.0, 0.0, 0.0, 1976-10-16 00:00:00, -5.0, 3.9
0.0, 0.0, 0.0, 1976-10-17 00:00:00, -3.3, 8.9
0.0, 0.0, 0.0, 1976-10-18 00:00:00, -7.2, 7.2
0.0, 0.0, 0.0, 1976-10-19 00:00:00, -6.7, 8.9
0.0, 0.0, 0.0, 1976-10-20 00:00:00, -6.7, 8.9
0.0, 0.0, 0.0, 1976-10-21 00:00:00, -5.6, 8.3
0.3, 0.0, 0.3, 1976-10-22 00:00:00, -3.3, 1.1
0.0, 0.0, 0.0, 1976-10-23 00:00:00, -5.6, 2.2
0.0, 0.0, 0.0, 1976-10-24 00:00:00, -3.3, 2.2
0.0, 0.0, 0.0, 1976-10-25 00:00:00, 0.0, 3.9
0.0, 0.0, 0.0, 1976-10-26 00:00:00, 0.0, 5.0
0.0, 0.0, 0.0, 1976-10-27 00:00:00, 0.0, 8.9
1.0, 1.0, 0.0, 1976-10-28 00:00:00, 3.9, 6.1
0.5, 0.5, 0.0, 1976-10-29 00:00:00, 1.1, 6.7
0.0, 0.0, 0.0, 1976-10-30 00:00:00, -2.2, 6.7
0.3, 0.3, 0.0, 1976-10-31 00:00:00, 0.0, 5.6
0.0, 0.0, 0.0, 1976-11-01 00:00:00, -0.6, 5.0
0.0, 0.0, 0.0, 1976-11-02 00:00:00, -6.7, 5.0
0.0, 0.0, 0.0, 1976-11-03 00:00:00, -7.2, 5.0
2.0, 0.0, 2.0, 1976-11-04 00:00:00, -7.2, 3.9
0.0, 0.0, 0.0, 1976-11-05 00:00:00, -1.1, 2.2
0.0, 0.0, 0.0, 1976-11-06 00:00:00, -0.6, 1.7
0.0, 0.0, 0.0, 1976-11-07 00:00:00, -1.7, 1.7
0.0, 0.0, 0.0, 1976-11-08 00:00:00, -2.2, 5.0
0.0, 0.0, 0.0, 1976-11-09 00:00:00, -2.2, 0.6
0.0, 0.0, 0.0, 1976-11-10 00:00:00, -5.0, 3.9
0.0, 0.0, 0.0, 1976-11-11 00:00:00, -8.9, 2.2
0.0, 0.0, 0.0, 1976-11-12 00:00:00, -11.1, 0.6
0.0, 0.0, 0.0, 1976-11-13 00:00:00, -13.3, -1.1
0.0, 0.0, 0.0, 1976-11-14 00:00:00, -15.0, -2.8
0.0, 0.0, 0.0, 1976-11-15 00:00:00, -11.7, 0.0
5.1, 0.0, 5.1, 1976-11-16 00:00:00, -4.4, 2.2
0.0, 0.0, 0.0, 1976-11-17 00:00:00, -3.3, 5.0
0.0, 0.0, 0.0, 1976-11-18 00:00:00, -6.7, -1.1
0.0, 0.0, 0.0, 1976-11-19 00:00:00, -6.1, 0.6
0.0, 0.0, 0.0, 1976-11-20 00:00:00, -13.3, -0.6
0.0, 0.0, 0.0, 1976-11-21 00:00:00, -12.2, -4.4
0.0, 0.0, 0.0, 1976-11-22 00:00:00, -11.7, -2.8
3.0, 0.0, 3.0, 1976-11-23 00:00:00, -6.7, -1.7
6.6, 0.0, 6.6, 1976-11-24 00:00:00, -2.8, -0.6
0.0, 0.0, 0.0, 1976-11-25 00:00:00, -4.4, -1.1
0.0, 0.0, 0.0, 1976-11-26 00:00:00, -15.6, -5.0
2.0, 0.0, 2.0, 1976-11-27 00:00:00, -17.2, -7.2
0.0, 0.0, 0.0, 1976-11-28 00:00:00, -12.8, -7.8
0.0, 0.0, 0.0, 1976-11-29 00:00:00, -11.1, -6.7
0.0, 0.0, 0.0, 1976-11-30 00:00:00, -7.8, -5.0
0.0, 0.0, 0.0, 1976-12-01 00:00:00, -7.2, -6.1
0.0, 0.0, 0.0, 1976-12-02 00:00:00, -9.4, -2.2
0.0, 0.0, 0.0, 1976-12-03 00:00:00, -7.8, -5.0
0.0, 0.0, 0.0, 1976-12-04 00:00:00, -9.4, -6.1
1.5, 0.0, 1.5, 1976-12-05 00:00:00, -10.0, -5.6
10.2, 0.0, 10.2, 1976-12-06 00:00:00, -8.9, -5.6
4.1, 0.0, 4.1, 1976-12-07 00:00:00, -11.7, 1.1
1.0, 0.0, 1.0, 1976-12-08 00:00:00, -4.4, 3.3
0.0, 0.0, 0.0, 1976-12-09 00:00:00, -6.1, -1.7
0.0, 0.0, 0.0, 1976-12-10 00:00:00, -11.7, 0.6
1.0, 0.0, 1.0, 1976-12-11 00:00:00, -6.7, 1.7
0.0, 0.0, 0.0, 1976-12-12 00:00:00, -12.8, -1.7
0.0, 0.0, 0.0, 1976-12-13 00:00:00, -9.4, -3.3
0.0, 0.0, 0.0, 1976-12-14 00:00:00, -11.7, 1.1
1.0, 0.0, 1.0, 1976-12-15 00:00:00, -6.7, 3.9
0.0, 0.0, 0.0, 1976-12-16 00:00:00, 1.1, 5.6
1.0, 0.0, 1.0, 1976-12-17 00:00:00, 1.7, 6.1
0.0, 0.0, 0.0, 1976-12-18 00:00:00, 0.0, 1.1
0.0, 0.0, 0.0, 1976-12-19 00:00:00, -3.9, -1.1
0.5, 0.0, 0.5, 1976-12-20 00:00:00, -4.4, -2.2
0.0, 0.0, 0.0, 1976-12-21 00:00:00, -6.7, -1.7
0.0, 0.0, 0.0, 1976-12-22 00:00:00, -8.9, -3.9
0.0, 0.0, 0.0, 1976-12-23 00:00:00, -6.1, -2.8
0.0, 0.0, 0.0, 1976-12-24 00:00:00, -6.7, -3.3
5.1, 0.0, 5.1, 1976-12-25 00:00:00, -6.7, -1.1
4.6, 0.0, 4.6, 1976-12-26 00:00:00, -4.4, 0.6
0.0, 0.0, 0.0, 1976-12-27 00:00:00, -3.9, -0.6
0.0, 0.0, 0.0, 1976-12-28 00:00:00, -10.0, -2.8
0.0, 0.0, 0.0, 1976-12-29 00:00:00, -12.2, -5.0
0.0, 0.0, 0.0, 1976-12-30 00:00:00, -16.1, -6.7
0.0, 0.0, 0.0, 1976-12-31 00:00:00, -16.7, -7.2
0.0, 0.0, 0.0, 1977-01-01 00:00:00, -15.0, -8.9
1.0, 0.0, 1.0, 1977-01-02 00:00:00, -17.2, -12.8
0.0, 0.0, 0.0, 1977-01-03 00:00:00, -18.3, -11.7
0.0, 0.0, 0.0, 1977-01-04 00:00:00, -23.3, -12.8
0.0, 0.0, 0.0, 1977-01-05 00:00:00, -23.3, -12.8
2.0, 0.0, 2.0, 1977-01-06 00:00:00, -16.1, -9.4
0.0, 0.0, 0.0, 1977-01-07 00:00:00, -14.4, -7.2
0.5, 0.0, 0.5, 1977-01-08 00:00:00, -13.9, -9.4
2.0, 0.0, 2.0, 1977-01-09 00:00:00, -13.3, -10.6
0.0, 0.0, 0.0, 1977-01-10 00:00:00, -13.3, -8.3
2.0, 0.0, 2.0, 1977-01-11 00:00:00, -16.1, -8.3
0.5, 0.0, 0.5, 1977-01-12 00:00:00, -12.8, -7.2
1.5, 0.0, 1.5, 1977-01-13 00:00:00, -13.9, -7.8
1.0, 0.0, 1.0, 1977-01-14 00:00:00, -12.2, -5.6
1.0, 0.0, 1.0, 1977-01-15 00:00:00, -18.3, -9.4
0.5, 0.0, 0.5, 1977-01-16 00:00:00, -13.3, -6.7
0.0, 0.0, 0.0, 1977-01-17 00:00:00, -8.3, 2.2
0.5, 0.0, 0.5, 1977-01-18 00:00:00, -4.4, 1.1
0.0, 0.0, 0.0, 1977-01-19 00:00:00, -5.6, -1.7
0.0, 0.0, 0.0, 1977-01-20 00:00:00, -5.0, -3.3
0.0, 0.0, 0.0, 1977-01-21 00:00:00, -6.7, -1.7
0.0, 0.0, 0.0, 1977-01-22 00:00:00, -9.4, -6.1
0.0, 0.0, 0.0, 1977-01-23 00:00:00, -9.4, -7.2
1.0, 0.0, 1.0, 1977-01-24 00:00:00, -10.6, -6.1
0.0, 0.0, 0.0, 1977-01-25 00:00:00, -11.1, -7.2
0.0, 0.0, 0.0, 1977-01-26 00:00:00, -10.0, -6.1
0.0, 0.0, 0.0, 1977-01-27 00:00:00, -12.8, -5.0
0.0, 0.0, 0.0, 1977-01-28 00:00:00, -8.9, -4.4
0.0, 0.0, 0.0, 1977-01-29 00:00:00, -8.9, -5.0
0.0, 0.0, 0.0, 1977-01-30 00:00:00, -16.1, -6.1
0.0, 0.0, 0.0, 1977-01-31 00:00:00, -15.0, -3.3
0.0, 0.0, 0.0, 1977-02-01 00:00:00, -8.3, -2.2
0.0, 0.0, 0.0, 1977-02-02 00:00:00, -12.8, -2.8
0.0, 0.0, 0.0, 1977-02-03 00:00:00, -8.3, -4.4
4.1, 0.0, 4.1, 1977-02-04 00:00:00, -7.8, -2.8
0.0, 0.0, 0.0, 1977-02-05 00:00:00, -6.1, 0.6
0.0, 0.0, 0.0, 1977-02-06 00:00:00, -5.6, -2.2
0.0, 0.0, 0.0, 1977-02-07 00:00:00, -6.7, -2.2
2.0, 0.0, 2.0, 1977-02-08 00:00:00, -10.0, -2.2
1.0, 0.0, 1.0, 1977-02-09 00:00:00, -6.1, 1.7
2.5, 0.0, 2.5, 1977-02-10 00:00:00, -7.8, 0.6
0.0, 0.0, 0.0, 1977-02-11 00:00:00, -5.6, 2.2
0.0, 0.0, 0.0, 1977-02-12 00:00:00, -1.1, 3.9
0.0, 0.0, 0.0, 1977-02-13 00:00:00, -2.8, 6.1
0.0, 0.0, 0.0, 1977-02-14 00:00:00, -11.1, 1.7
0.0, 0.0, 0.0, 1977-02-15 00:00:00, -7.8, 3.9
0.0, 0.0, 0.0, 1977-02-16 00:00:00, -5.0, 4.4
0.0, 0.0, 0.0, 1977-02-17 00:00:00, -3.3, 3.3
0.0, 0.0, 0.0, 1977-02-18 00:00:00, -7.8, 1.7
0.0, 0.0, 0.0, 1977-02-19 00:00:00, -10.6, 4.4
0.0, 0.0, 0.0, 1977-02-20 00:00:00, -9.4, 4.4
0.0, 0.0, 0.0, 1977-02-21 00:00:00, -4.4, 2.8
0.5, 0.0, 0.5, 1977-02-22 00:00:00, -3.3, 5.6
0.0, 0.0, 0.0, 1977-02-23 00:00:00, -1.7, 1.7
0.0, 0.0, 0.0, 1977-02-24 00:00:00, -12.8, 2.8
0.0, 0.0, 0.0, 1977-02-25 00:00:00, -8.9, 2.8
0.0, 0.0, 0.0, 1977-02-26 00:00:00, -5.6, 3.3
0.0, 0.0, 0.0, 1977-02-27 00:00:00, -6.1, 2.8
0.0, 0.0, 0.0, 1977-02-28 00:00:00, -11.1, 2.8
0.0, 0.0, 0.0, 1977-03-01 00:00:00, -7.8, 2.8
0.0, 0.0, 0.0, 1977-03-02 00:00:00, -4.4, 3.9
0.0, 0.0, 0.0, 1977-03-03 00:00:00, -12.8, 3.9
0.0, 0.0, 0.0, 1977-03-04 00:00:00, -6.1, 6.1
0.0, 0.0, 0.0, 1977-03-05 00:00:00, -4.4, 7.8
0.0, 0.0, 0.0, 1977-03-06 00:00:00, 0.6, 6.7
1.0, 0.0, 1.0, 1977-03-07 00:00:00, 0.6, 4.4
2.0, 0.0, 2.0, 1977-03-08 00:00:00, -1.7, 3.9
0.0, 0.0, 0.0, 1977-03-09 00:00:00, -1.1, 4.4
0.0, 0.0, 0.0, 1977-03-10 00:00:00, -4.4, 2.2
0.0, 0.0, 0.0, 1977-03-11 00:00:00, -9.4, 4.4
0.0, 0.0, 0.0, 1977-03-12 00:00:00, -1.1, 4.4
0.0, 0.0, 0.0, 1977-03-13 00:00:00, -5.6, 2.2
0.0, 0.0, 0.0, 1977-03-14 00:00:00, -12.2, -2.2
3.6, 0.0, 3.6, 1977-03-15 00:00:00, -14.4, 1.1
0.0, 0.0, 0.0, 1977-03-16 00:00:00, -7.8, 2.8
0.0, 0.0, 0.0, 1977-03-17 00:00:00, -8.9, 3.3
0.0, 0.0, 0.0, 1977-03-18 00:00:00, -7.2, 3.3
0.0, 0.0, 0.0, 1977-03-19 00:00:00, -10.6, 1.7
0.0, 0.0, 0.0, 1977-03-20 00:00:00, -8.3, 2.8
0.0, 0.0, 0.0, 1977-03-21 00:00:00, -7.2, 3.3
0.0, 0.0, 0.0, 1977-03-22 00:00:00, -2.2, 6.7
0.0, 0.0, 0.0, 1977-03-23 00:00:00, 0.6, 8.9
0.0, 0.0, 0.0, 1977-03-24 00:00:00, -3.3, 6.1
0.0, 0.0, 0.0, 1977-03-25 00:00:00, -5.0, 5.6
2.5, 0.0, 2.5, 1977-03-26 00:00:00, -2.8, 5.0
0.0, 0.0, 0.0, 1977-03-27 00:00:00, -2.8, 3.3
0.0, 0.0, 0.0, 1977-03-28 00:00:00, -8.3, 6.1
0.0, 0.0, 0.0, 1977-03-29 00:00:00, -7.8, 7.2
0.0, 0.0, 0.0, 1977-03-30 00:00:00, -8.9, 5.0
0.0, 0.0, 0.0, 1977-03-31 00:00:00, -3.3, 5.0
0.0, 0.0, 0.0, 1977-04-01 00:00:00, -8.3, 6.1
0.0, 0.0, 0.0, 1977-04-02 00:00:00, -5.0, 6.1
0.0, 0.0, 0.0, 1977-04-03 00:00:00, -1.1, 6.1
0.0, 0.0, 0.0, 1977-04-04 00:00:00, -2.8, 15.6
0.0, 0.0, 0.0, 1977-04-05 00:00:00, -3.9, 17.8
0.0, 0.0, 0.0, 1977-04-06 00:00:00, -4.4, 20.0
0.0, 0.0, 0.0, 1977-04-07 00:00:00, -2.2, 20.6
0.0, 0.0, 0.0, 1977-04-08 00:00:00, -2.2, 21.1
0.0, 0.0, 0.0, 1977-04-09 00:00:00, -1.7, 9.4
0.0, 0.0, 0.0, 1977-04-10 00:00:00, -1.7, 8.3
0.0, 0.0, 0.0, 1977-04-11 00:00:00, -2.2, 6.7
0.0, 0.0, 0.0, 1977-04-12 00:00:00, -6.1, 12.2
0.8, 0.8, 0.0, 1977-04-13 00:00:00, 0.6, 6.1
0.0, 0.0, 0.0, 1977-04-14 00:00:00, -3.3, 8.3
1.0, 0.0, 1.0, 1977-04-15 00:00:00, 0.0, 9.4
6.4, 6.4, 0.0, 1977-04-16 00:00:00, 0.0, 6.7
0.0, 0.0, 0.0, 1977-04-17 00:00:00, -3.3, 4.4
0.0, 0.0, 0.0, 1977-04-18 00:00:00, -2.8, 3.9
0.0, 0.0, 0.0, 1977-04-19 00:00:00, -6.7, 4.4
0.0, 0.0, 0.0, 1977-04-20 00:00:00, -6.1, 5.0
0.0, 0.0, 0.0, 1977-04-21 00:00:00, -2.2, 9.4
0.0, 0.0, 0.0, 1977-04-22 00:00:00, 0.6, 18.3
0.0, 0.0, 0.0, 1977-04-23 00:00:00, -1.7, 23.3
0.0, 0.0, 0.0, 1977-04-24 00:00:00, 0.0, 26.1
0.0, 0.0, 0.0, 1977-04-25 00:00:00, 0.0, 27.2
0.0, 0.0, 0.0, 1977-04-26 00:00:00, 3.3, 17.8
0.0, 0.0, 0.0, 1977-04-27 00:00:00, 1.1, 16.1
0.0, 0.0, 0.0, 1977-04-28 00:00:00, -3.3, 17.8
0.0, 0.0, 0.0, 1977-04-29 00:00:00, -2.2, 15.6
0.0, 0.0, 0.0, 1977-04-30 00:00:00, -1.1, 20.6
0.0, 0.0, 0.0, 1977-05-01 00:00:00, -2.2, 20.6
5.1, 5.1, 0.0, 1977-05-02 00:00:00, 1.1, 12.2
6.1, 6.1, 0.0, 1977-05-03 00:00:00, 4.4, 13.9
11.4, 11.4, 0.0, 1977-05-04 00:00:00, 3.3, 7.2
13.2, 13.2, 0.0, 1977-05-05 00:00:00, 0.0, 7.2
6.4, 6.4, 0.0, 1977-05-06 00:00:00, 0.0, 13.3
0.0, 0.0, 0.0, 1977-05-07 00:00:00, -1.1, 19.4
7.1, 7.1, 0.0, 1977-05-08 00:00:00, 2.2, 17.2
0.3, 0.3, 0.0, 1977-05-09 00:00:00, 5.6, 16.7
12.2, 12.2, 0.0, 1977-05-10 00:00:00, -1.7, 17.2
2.3, 2.3, 0.0, 1977-05-11 00:00:00, 6.7, 8.9
0.0, 0.0, 0.0, 1977-05-12 00:00:00, 0.0, 11.7
2.5, 2.5, 0.0, 1977-05-13 00:00:00, 3.3, 13.3
0.8, 0.8, 0.0, 1977-05-14 00:00:00, 1.7, 12.2
2.0, 2.0, 0.0, 1977-05-15 00:00:00, 3.3, 9.4
0.0, 0.0, 0.0, 1977-05-16 00:00:00, 0.0, 11.1
0.0, 0.0, 0.0, 1977-05-17 00:00:00, -1.7, 14.4
0.0, 0.0, 0.0, 1977-05-18 00:00:00, 3.9, 12.2
0.0, 0.0, 0.0, 1977-05-19 00:00:00, 1.7, 16.1
0.0, 0.0, 0.0, 1977-05-20 00:00:00, 2.2, 16.1
0.0, 0.0, 0.0, 1977-05-21 00:00:00, 4.4, 15.0
0.0, 0.0, 0.0, 1977-05-22 00:00:00, 3.9, 16.7
2.5, 2.5, 0.0, 1977-05-23 00:00:00, 2.2, 20.6
0.0, 0.0, 0.0, 1977-05-24 00:00:00, 5.0, 15.0
0.0, 0.0, 0.0, 1977-05-25 00:00:00, 0.6, 15.0
2.5, 2.5, 0.0, 1977-05-26 00:00:00, 0.0, 16.7
0.5, 0.5, 0.0, 1977-05-27 00:00:00, 2.2, 9.4
0.3, 0.3, 0.0, 1977-05-28 00:00:00, 2.2, 8.9
3.6, 3.6, 0.0, 1977-05-29 00:00:00, 2.2, 8.3
0.0, 0.0, 0.0, 1977-05-30 00:00:00, 2.8, 17.2
0.0, 0.0, 0.0, 1977-05-31 00:00:00, 6.1, 17.8
10.2, 10.2, 0.0, 1977-06-01 00:00:00, 8.3, 18.3
0.3, 0.3, 0.0, 1977-06-02 00:00:00, 2.2, 10.6
2.5, 2.5, 0.0, 1977-06-03 00:00:00, -3.3, 13.9
0.0, 0.0, 0.0, 1977-06-04 00:00:00, 3.3, 15.0
0.8, 0.8, 0.0, 1977-06-05 00:00:00, 3.3, 22.8
0.0, 0.0, 0.0, 1977-06-06 00:00:00, 5.0, 29.4
11.4, 11.4, 0.0, 1977-06-07 00:00:00, 8.9, 30.6
0.0, 0.0, 0.0, 1977-06-08 00:00:00, 12.2, 22.2
0.0, 0.0, 0.0, 1977-06-09 00:00:00, 1.1, 17.2
0.0, 0.0, 0.0, 1977-06-10 00:00:00, 1.1, 20.6
0.0, 0.0, 0.0, 1977-06-11 00:00:00, 5.6, 23.3
0.0, 0.0, 0.0, 1977-06-12 00:00:00, 4.4, 19.4
0.5, 0.5, 0.0, 1977-06-13 00:00:00, 5.0, 19.4
0.0, 0.0, 0.0, 1977-06-14 00:00:00, 3.3, 21.1
0.0, 0.0, 0.0, 1977-06-15 00:00:00, 7.2, 21.1
0.0, 0.0, 0.0, 1977-06-16 00:00:00, 3.9, 23.9
0.0, 0.0, 0.0, 1977-06-17 00:00:00, 3.9, 26.1
0.0, 0.0, 0.0, 1977-06-18 00:00:00, 5.0, 28.3
0.5, 0.5, 0.0, 1977-06-19 00:00:00, 8.3, 27.8
2.3, 2.3, 0.0, 1977-06-20 00:00:00, 11.7, 16.7
1.0, 1.0, 0.0, 1977-06-21 00:00:00, 8.3, 21.1
0.3, 0.3, 0.0, 1977-06-22 00:00:00, 10.0, 21.7
0.0, 0.0, 0.0, 1977-06-23 00:00:00, 2.2, 24.4
4.6, 4.6, 0.0, 1977-06-24 00:00:00, 6.1, 24.4
11.4, 11.4, 0.0, 1977-06-25 00:00:00, 8.3, 21.7
0.0, 0.0, 0.0, 1977-06-26 00:00:00, 7.8, 21.7
0.0, 0.0, 0.0, 1977-06-27 00:00:00, 6.1, 20.0
2.5, 2.5, 0.0, 1977-06-28 00:00:00, 3.9, 21.1
0.0, 0.0, 0.0, 1977-06-29 00:00:00, 5.6, 17.2
0.0, 0.0, 0.0, 1977-06-30 00:00:00, 1.1, 20.6
1.0, 1.0, 0.0, 1977-07-01 00:00:00, 1.1, 24.4
2.0, 2.0, 0.0, 1977-07-02 00:00:00, 5.0, 15.0
2.0, 2.0, 0.0, 1977-07-03 00:00:00, 1.1, 13.3
6.6, 6.6, 0.0, 1977-07-04 00:00:00, 2.2, 18.9
1.0, 1.0, 0.0, 1977-07-05 00:00:00, 6.1, 15.6
3.8, 3.8, 0.0, 1977-07-06 00:00:00, 5.6, 12.8
0.0, 0.0, 0.0, 1977-07-07 00:00:00, 5.0, 15.6
0.0, 0.0, 0.0, 1977-07-08 00:00:00, 6.1, 23.9
2.3, 2.3, 0.0, 1977-07-09 00:00:00, 8.9, 18.9
0.0, 0.0, 0.0, 1977-07-10 00:00:00, 7.8, 21.1
3.6, 3.6, 0.0, 1977-07-11 00:00:00, 4.0, 16.1
8.1, 8.1, 0.0, 1977-07-12 00:00:00, 6.7, 20.6
1.3, 1.3, 0.0, 1977-07-13 00:00:00, 7.2, 19.4
6.6, 6.6, 0.0, 1977-07-14 00:00:00, 5.6, 19.4
0.0, 0.0, 0.0, 1977-07-15 00:00:00, 8.9, 22.2
1.0, 1.0, 0.0, 1977-07-16 00:00:00, 7.2, 23.3
1.5, 1.5, 0.0, 1977-07-17 00:00:00, 9.4, 20.0
0.5, 0.5, 0.0, 1977-07-18 00:00:00, 5.6, 16.7
0.8, 0.8, 0.0, 1977-07-19 00:00:00, 2.8, 19.4
0.0, 0.0, 0.0, 1977-07-20 00:00:00, -1.1, 23.9
0.0, 0.0, 0.0, 1977-07-21 00:00:00, 6.1, 26.7
0.0, 0.0, 0.0, 1977-07-22 00:00:00, 5.0, 27.2
0.0, 0.0, 0.0, 1977-07-23 00:00:00, 8.3, 27.8
0.0, 0.0, 0.0, 1977-07-24 00:00:00, 7.2, 28.9
0.0, 0.0, 0.0, 1977-07-25 00:00:00, 13.3, 28.3
0.0, 0.0, 0.0, 1977-07-26 00:00:00, 10.6, 29.4
0.0, 0.0, 0.0, 1977-07-27 00:00:00, 10.0, 30.0
13.7, 13.7, 0.0, 1977-07-28 00:00:00, 8.9, 21.0
9.4, 9.4, 0.0, 1977-07-29 00:00:00, 9.4, 11.7
0.0, 0.0, 0.0, 1977-07-30 00:00:00, 7.8, 19.4
0.0, 0.0, 0.0, 1977-07-31 00:00:00, 8.9, 24.4
0.0, 0.0, 0.0, 1977-08-01 00:00:00, 6.7, 27.8
0.0, 0.0, 0.0, 1977-08-02 00:00:00, 8.9, 28.3
3.0, 3.0, 0.0, 1977-08-03 00:00:00, 11.1, 25.0
0.0, 0.0, 0.0, 1977-08-04 00:00:00, 11.1, 21.1
0.0, 0.0, 0.0, 1977-08-05 00:00:00, 7.2, 23.9
1.3, 1.3, 0.0, 1977-08-06 00:00:00, 6.1, 22.2
1.0, 1.0, 0.0, 1977-08-07 00:00:00, 5.6, 26.1
0.0, 0.0, 0.0, 1977-08-08 00:00:00, 9.4, 23.9
0.0, 0.0, 0.0, 1977-08-09 00:00:00, 12.2, 26.1
0.0, 0.0, 0.0, 1977-08-10 00:00:00, 5.0, 26.7
0.0, 0.0, 0.0, 1977-08-11 00:00:00, 5.6, 30.0
13.5, 13.5, 0.0, 1977-08-12 00:00:00, 9.4, 27.8
15.2, 15.2, 0.0, 1977-08-13 00:00:00, 12.2, 22.8
0.0, 0.0, 0.0, 1977-08-14 00:00:00, 9.4, 20.6
0.0, 0.0, 0.0, 1977-08-15 00:00:00, 6.1, 24.4
0.0, 0.0, 0.0, 1977-08-16 00:00:00, 4.4, 25.6
0.0, 0.0, 0.0, 1977-08-17 00:00:00, 5.6, 29.4
0.0, 0.0, 0.0, 1977-08-18 00:00:00, 8.3, 30.6
0.0, 0.0, 0.0, 1977-08-19 00:00:00, 11.7, 29.4
0.0, 0.0, 0.0, 1977-08-20 00:00:00, 12.8, 28.3
11.2, 11.2, 0.0, 1977-08-21 00:00:00, 7.8, 27.8
7.4, 7.4, 0.0, 1977-08-22 00:00:00, 10.6, 16.7
11.7, 11.7, 0.0, 1977-08-23 00:00:00, 8.3, 19.4
7.9, 7.9, 0.0, 1977-08-24 00:00:00, 9.4, 15.0
1.0, 1.0, 0.0, 1977-08-25 00:00:00, 5.6, 12.8
0.5, 0.5, 0.0, 1977-08-26 00:00:00, 4.4, 16.7
0.0, 0.0, 0.0, 1977-08-27 00:00:00, 3.3, 16.1
14.2, 14.2, 0.0, 1977-08-28 00:00:00, 5.0, 14.4
0.0, 0.0, 0.0, 1977-08-29 00:00:00, 4.4, 15.6
0.0, 0.0, 0.0, 1977-08-30 00:00:00, 1.7, 17.2
0.0, 0.0, 0.0, 1977-08-31 00:00:00, 3.9, 12.2
0.0, 0.0, 0.0, 1977-09-01 00:00:00, 3.9, 16.7
1.3, 1.3, 0.0, 1977-09-02 00:00:00, 1.7, 14.4
0.0, 0.0, 0.0, 1977-09-03 00:00:00, 7.8, 17.2
11.2, 11.2, 0.0, 1977-09-04 00:00:00, 7.8, 16.7
0.0, 0.0, 0.0, 1977-09-05 00:00:00, 5.0, 18.3
0.0, 0.0, 0.0, 1977-09-06 00:00:00, 3.3, 19.4
2.5, 2.5, 0.0, 1977-09-07 00:00:00, 2.8, 17.8
0.0, 0.0, 0.0, 1977-09-08 00:00:00, 1.7, 16.1
0.0, 0.0, 0.0, 1977-09-09 00:00:00, 4.4, 18.3
0.0, 0.0, 0.0, 1977-09-10 00:00:00, 0.0, 17.8
0.0, 0.0, 0.0, 1977-09-11 00:00:00, 0.6, 18.9
0.0, 0.0, 0.0, 1977-09-12 00:00:00, 1.7, 19.4
2.0, 2.0, 0.0, 1977-09-13 00:00:00, 3.3, 21.7
1.5, 1.5, 0.0, 1977-09-14 00:00:00, 8.3, 16.1
0.0, 0.0, 0.0, 1977-09-15 00:00:00, 3.9, 12.2
4.1, 4.1, 0.0, 1977-09-16 00:00:00, 3.9, 13.9
1.3, 1.3, 0.0, 1977-09-17 00:00:00, 6.1, 12.8
0.0, 0.0, 0.0, 1977-09-18 00:00:00, 5.0, 15.0
0.8, 0.8, 0.0, 1977-09-19 00:00:00, 5.0, 13.3
6.1, 6.1, 0.0, 1977-09-20 00:00:00, 5.0, 11.7
1.3, 1.3, 0.0, 1977-09-21 00:00:00, 4.4, 12.8
0.0, 0.0, 0.0, 1977-09-22 00:00:00, 1.7, 12.8
0.0, 0.0, 0.0, 1977-09-23 00:00:00, 2.2, 10.0
0.0, 0.0, 0.0, 1977-09-24 00:00:00, 3.9, 10.6
0.0, 0.0, 0.0, 1977-09-25 00:00:00, 2.2, 13.3
0.0, 0.0, 0.0, 1977-09-26 00:00:00, 0.6, 8.9
0.0, 0.0, 0.0, 1977-09-27 00:00:00, -1.7, 13.9
0.0, 0.0, 0.0, 1977-09-28 00:00:00, -2.2, 12.2
0.0, 0.0, 0.0, 1977-09-29 00:00:00, 2.2, 12.2
0.0, 0.0, 0.0, 1977-09-30 00:00:00, 2.8, 11.1
0.8, 0.8, 0.0, 1977-10-01 00:00:00, 0.6, 9.4
0.3, 0.3, 0.0, 1977-10-02 00:00:00, 0.6, 10.0
0.0, 0.0, 0.0, 1977-10-03 00:00:00, -3.3, 10.0
0.0, 0.0, 0.0, 1977-10-04 00:00:00, -5.6, 10.0
0.0, 0.0, 0.0, 1977-10-05 00:00:00, -6.1, 10.6
0.0, 0.0, 0.0, 1977-10-06 00:00:00, -5.6, 12.8
0.0, 0.0, 0.0, 1977-10-07 00:00:00, -5.6, 11.7
1.3, 1.3, 0.0, 1977-10-08 00:00:00, 1.7, 10.6
0.0, 0.0, 0.0, 1977-10-09 00:00:00, -3.3, 7.2
0.0, 0.0, 0.0, 1977-10-10 00:00:00, -6.1, 5.6
0.0, 0.0, 0.0, 1977-10-11 00:00:00, -6.7, 7.2
1.0, 1.0, 0.0, 1977-10-12 00:00:00, -5.0, 9.4
0.0, 0.0, 0.0, 1977-10-13 00:00:00, -1.1, 10.0
0.0, 0.0, 0.0, 1977-10-14 00:00:00, -6.1, 10.0
3.3, 3.3, 0.0, 1977-10-15 00:00:00, -5.6, 12.8
0.0, 0.0, 0.0, 1977-10-16 00:00:00, -1.1, 12.8
0.0, 0.0, 0.0, 1977-10-17 00:00:00, -3.3, 12.2
2.0, 2.0, 0.0, 1977-10-18 00:00:00, -3.9, 11.1
0.0, 0.0, 0.0, 1977-10-19 00:00:00, -3.9, 10.6
0.0, 0.0, 0.0, 1977-10-20 00:00:00, -4.4, 10.6
0.0, 0.0, 0.0, 1977-10-21 00:00:00, -5.6, 7.8
0.0, 0.0, 0.0, 1977-10-22 00:00:00, 0.0, 10.6
0.8, 0.8, 0.0, 1977-10-23 00:00:00, 0.6, 11.7
1.3, 1.3, 0.0, 1977-10-24 00:00:00, -2.2, 10.6
1.0, 1.0, 0.0, 1977-10-25 00:00:00, -1.1, 7.2
0.0, 0.0, 0.0, 1977-10-26 00:00:00, -1.7, 8.9
0.0, 0.0, 0.0, 1977-10-27 00:00:00, -3.9, 8.3
0.0, 0.0, 0.0, 1977-10-28 00:00:00, -4.4, 6.1
0.0, 0.0, 0.0, 1977-10-29 00:00:00, 0.0, 10.6
0.0, 0.0, 0.0, 1977-10-30 00:00:00, 0.6, 8.3
0.0, 0.0, 0.0, 1977-10-31 00:00:00, -1.7, 5.6
2.0, 0.0, 2.0, 1977-11-01 00:00:00, -2.2, 0.0
2.0, 0.0, 2.0, 1977-11-02 00:00:00, -1.1, 2.2
4.1, 0.0, 4.1, 1977-11-03 00:00:00, -4.4, 0.6
0.0, 0.0, 0.0, 1977-11-04 00:00:00, -6.7, 1.7
0.0, 0.0, 0.0, 1977-11-05 00:00:00, -6.7, -1.1
4.1, 0.0, 4.1, 1977-11-06 00:00:00, -6.7, 2.2
0.0, 0.0, 0.0, 1977-11-07 00:00:00, -4.4, 0.0
0.0, 0.0, 0.0, 1977-11-08 00:00:00, -11.1, -1.7
3.0, 0.0, 3.0, 1977-11-09 00:00:00, -12.2, -1.7
0.0, 0.0, 0.0, 1977-11-10 00:00:00, -3.9, 1.7
0.0, 0.0, 0.0, 1977-11-11 00:00:00, -1.7, 7.8
0.0, 0.0, 0.0, 1977-11-12 00:00:00, -1.7, 3.9
7.1, 0.0, 7.1, 1977-11-13 00:00:00, 1.1, 5.6
1.0, 0.0, 1.0, 1977-11-14 00:00:00, -1.7, 2.2
5.1, 0.0, 5.1, 1977-11-15 00:00:00, -6.7, 0.0
1.0, 0.0, 1.0, 1977-11-16 00:00:00, -6.7, -2.2
0.0, 0.0, 0.0, 1977-11-17 00:00:00, -12.2, -5.6
0.0, 0.0, 0.0, 1977-11-18 00:00:00, -13.3, -5.0
0.0, 0.0, 0.0, 1977-11-19 00:00:00, -17.2, -7.2
0.0, 0.0, 0.0, 1977-11-20 00:00:00, -18.9, -9.4
0.0, 0.0, 0.0, 1977-11-21 00:00:00, -21.1, -13.3
0.0, 0.0, 0.0, 1977-11-22 00:00:00, -25.6, -14.4
4.1, 0.0, 4.1, 1977-11-23 00:00:00, -21.1, -13.3
2.0, 0.0, 2.0, 1977-11-24 00:00:00, -21.1, -9.4
19.1, 0.0, 19.1, 1977-11-25 00:00:00, -12.8, -3.9
0.0, 0.0, 0.0, 1977-11-26 00:00:00, -7.2, -0.6
1.0, 0.0, 1.0, 1977-11-27 00:00:00, -7.8, -2.8
3.0, 0.0, 3.0, 1977-11-28 00:00:00, -6.1, 2.8
0.0, 0.0, 0.0, 1977-11-29 00:00:00, -2.8, 1.7
0.0, 0.0, 0.0, 1977-11-30 00:00:00, -7.2, 0.0
3.0, 0.0, 3.0, 1977-12-01 00:00:00, -8.9, -3.9
15.0, 0.0, 15.0, 1977-12-02 00:00:00, -10.6, -3.3
19.1, 0.0, 19.1, 1977-12-03 00:00:00, -5.6, 0.0
4.1, 0.0, 4.1, 1977-12-04 00:00:00, -11.1, -8.3
3.0, 0.0, 3.0, 1977-12-05 00:00:00, -16.7, -12.2
9.9, 0.0, 9.9, 1977-12-06 00:00:00, -16.1, -11.1
0.0, 0.0, 0.0, 1977-12-07 00:00:00, -18.9, -14.4
0.0, 0.0, 0.0, 1977-12-08 00:00:00, -26.7, -21.1
3.0, 0.0, 3.0, 1977-12-09 00:00:00, -31.7, -19.4
25.9, 0.0, 25.9, 1977-12-10 00:00:00, -23.3, -13.9
4.1, 0.0, 4.1, 1977-12-11 00:00:00, -17.8, -3.9
1.0, 0.0, 1.0, 1977-12-12 00:00:00, -7.2, 0.0
5.1, 0.0, 5.1, 1977-12-13 00:00:00, -5.6, 2.2
0.0, 0.0, 0.0, 1977-12-14 00:00:00, -1.1, 1.7
2.0, 0.0, 2.0, 1977-12-15 00:00:00, -1.1, 1.7
0.0, 0.0, 0.0, 1977-12-16 00:00:00, -1.0, 2.2
2.0, 0.0, 2.0, 1977-12-17 00:00:00, -4.4, -2.2
0.0, 0.0, 0.0, 1977-12-18 00:00:00, -6.7, -3.9
0.0, 0.0, 0.0, 1977-12-19 00:00:00, -7.8, -4.4
0.0, 0.0, 0.0, 1977-12-20 00:00:00, -10.6, -7.2
0.0, 0.0, 0.0, 1977-12-21 00:00:00, -12.8, -8.3
1.0, 0.0, 1.0, 1977-12-22 00:00:00, -15.0, -10.6
0.0, 0.0, 0.0, 1977-12-23 00:00:00, -15.6, -10.0
0.0, 0.0, 0.0, 1977-12-24 00:00:00, -27.2, -15.6
0.0, 0.0, 0.0, 1977-12-25 00:00:00, -28.3, -16.1
0.0, 0.0, 0.0, 1977-12-26 00:00:00, -26.1, -15.0
0.0, 0.0, 0.0, 1977-12-27 00:00:00, -25.6, -13.9
0.0, 0.0, 0.0, 1977-12-28 00:00:00, -26.1, -11.1
0.0, 0.0, 0.0, 1977-12-29 00:00:00, -24.4, -13.3
0.0, 0.0, 0.0, 1977-12-30 00:00:00, -18.3, -7.2
0.0, 0.0, 0.0, 1977-12-31 00:00:00, -24.4, -13.9
0.0, 0.0, 0.0, 1978-01-01 00:00:00, -28.0, -16.0
0.0, 0.0, 0.0, 1978-01-02 00:00:00, -30.0, -19.0
5.0, 0.0, 5.0, 1978-01-03 00:00:00, -32.0, -15.0
25.0, 0.0, 25.0, 1978-01-04 00:00:00, -22.0, -13.0
11.0, 0.0, 11.0, 1978-01-05 00:00:00, -16.0, -12.0
1.0, 0.0, 1.0, 1978-01-06 00:00:00, -14.0, -4.0
6.0, 0.0, 6.0, 1978-01-07 00:00:00, -16.0, -10.0
0.0, 0.0, 0.0, 1978-01-08 00:00:00, -12.0, -7.0
0.0, 0.0, 0.0, 1978-01-09 00:00:00, -8.0, -3.0
0.0, 0.0, 0.0, 1978-01-10 00:00:00, -13.0, -5.0
0.0, 0.0, 0.0, 1978-01-11 00:00:00, -18.0, -8.0
1.0, 0.0, 1.0, 1978-01-12 00:00:00, -15.0, -8.0
1.0, 0.0, 1.0, 1978-01-13 00:00:00, -18.0, -8.0
0.0, 0.0, 0.0, 1978-01-14 00:00:00, -17.0, -7.0
1.0, 0.0, 1.0, 1978-01-15 00:00:00, -8.0, -3.0
1.0, 0.0, 1.0, 1978-01-16 00:00:00, -11.0, -4.0
0.0, 0.0, 0.0, 1978-01-17 00:00:00, -8.0, -3.0
0.0, 0.0, 0.0, 1978-01-18 00:00:00, -8.0, -4.0
0.0, 0.0, 0.0, 1978-01-19 00:00:00, -10.0, -2.0
0.0, 0.0, 0.0, 1978-01-20 00:00:00, -16.0, -7.0
3.0, 0.0, 3.0, 1978-01-21 00:00:00, -9.0, -3.0
2.0, 0.0, 2.0, 1978-01-22 00:00:00, -7.0, -2.0
0.0, 0.0, 0.0, 1978-01-23 00:00:00, -11.0, -4.0
1.0, 0.0, 1.0, 1978-01-24 00:00:00, -7.0, -4.0
1.0, 0.0, 1.0, 1978-01-25 00:00:00, -8.0, -3.0
0.0, 0.0, 0.0, 1978-01-26 00:00:00, -8.0, -3.0
0.0, 0.0, 0.0, 1978-01-27 00:00:00, -10.0, -3.0
0.0, 0.0, 0.0, 1978-01-28 00:00:00, -16.0, -4.0
0.0, 0.0, 0.0, 1978-01-29 00:00:00, -21.0, -8.0
0.0, 0.0, 0.0, 1978-01-30 00:00:00, -22.0, -8.0
0.0, 0.0, 0.0, 1978-01-31 00:00:00, -21.0, -12.0
1.0, 0.0, 1.0, 1978-02-01 00:00:00, -17.0, -12.0
8.0, 0.0, 8.0, 1978-02-02 00:00:00, -15.0, -8.0
5.0, 0.0, 5.0, 1978-02-03 00:00:00, -11.0, -6.0
0.0, 0.0, 0.0, 1978-02-04 00:00:00, -11.0, -2.0
0.0, 0.0, 0.0, 1978-02-05 00:00:00, -4.0, 1.0
0.0, 0.0, 0.0, 1978-02-06 00:00:00, -2.0, 2.0
2.0, 0.0, 2.0, 1978-02-07 00:00:00, -2.0, 4.0
0.0, 0.0, 0.0, 1978-02-08 00:00:00, -1.0, 2.0
0.0, 0.0, 0.0, 1978-02-09 00:00:00, -4.0, 0.0
0.0, 0.0, 0.0, 1978-02-10 00:00:00, -6.0, 1.0
0.0, 0.0, 0.0, 1978-02-11 00:00:00, -9.0, -2.0
0.0, 0.0, 0.0, 1978-02-12 00:00:00, -10.0, -2.0
0.0, 0.0, 0.0, 1978-02-13 00:00:00, -18.0, -5.0
0.0, 0.0, 0.0, 1978-02-14 00:00:00, -9.0, -2.0
0.0, 0.0, 0.0, 1978-02-15 00:00:00, -11.0, 1.0
0.0, 0.0, 0.0, 1978-02-16 00:00:00, -10.0, 0.0
0.0, 0.0, 0.0, 1978-02-17 00:00:00, -10.0, 1.0
0.0, 0.0, 0.0, 1978-02-18 00:00:00, -10.0, 1.0
0.0, 0.0, 0.0, 1978-02-19 00:00:00, -4.0, 4.0
0.0, 0.0, 0.0, 1978-02-20 00:00:00, -7.0, 4.0
0.0, 0.0, 0.0, 1978-02-21 00:00:00, -2.0, 5.0
2.0, 0.0, 2.0, 1978-02-22 00:00:00, -7.0, 5.0
0.0, 0.0, 0.0, 1978-02-23 00:00:00, -2.0, 5.0
0.0, 0.0, 0.0, 1978-02-24 00:00:00, -11.0, 3.0
0.0, 0.0, 0.0, 1978-02-25 00:00:00, -13.0, 2.0
0.0, 0.0, 0.0, 1978-02-26 00:00:00, -16.0, 2.0
0.0, 0.0, 0.0, 1978-02-27 00:00:00, -16.0, -1.0
0.0, 0.0, 0.0, 1978-02-28 00:00:00, -18.0, -2.0
0.0, 0.0, 0.0, 1978-03-01 00:00:00, -17.0, -3.0
0.0, 0.0, 0.0, 1978-03-02 00:00:00, -17.0, -3.0
0.0, 0.0, 0.0, 1978-03-03 00:00:00, -21.0, -3.0
0.0, 0.0, 0.0, 1978-03-04 00:00:00, -22.0, 1.0
0.0, 0.0, 0.0, 1978-03-05 00:00:00, -18.0, 3.0
0.0, 0.0, 0.0, 1978-03-06 00:00:00, -11.0, 4.0
0.0, 0.0, 0.0, 1978-03-07 00:00:00, -3.0, 7.0
0.0, 0.0, 0.0, 1978-03-08 00:00:00, 1.0, 7.0
0.0, 0.0, 0.0, 1978-03-09 00:00:00, -5.0, 7.0
0.0, 0.0, 0.0, 1978-03-10 00:00:00, -2.0, 6.0
0.0, 0.0, 0.0, 1978-03-11 00:00:00, -3.0, 6.0
0.0, 0.0, 0.0, 1978-03-12 00:00:00, -2.0, 3.0
0.0, 0.0, 0.0, 1978-03-13 00:00:00, -5.0, 2.0
0.0, 0.0, 0.0, 1978-03-14 00:00:00, -6.0, 3.0
0.0, 0.0, 0.0, 1978-03-15 00:00:00, -7.0, 5.0
0.0, 0.0, 0.0, 1978-03-16 00:00:00, -5.0, 3.0
0.0, 0.0, 0.0, 1978-03-17 00:00:00, -1.0, 6.0
0.0, 0.0, 0.0, 1978-03-18 00:00:00, -2.0, 8.0
0.0, 0.0, 0.0, 1978-03-19 00:00:00, -2.0, 7.0
0.0, 0.0, 0.0, 1978-03-20 00:00:00, -1.0, 8.0
0.0, 0.0, 0.0, 1978-03-21 00:00:00, 0.0, 12.0
0.0, 0.0, 0.0, 1978-03-22 00:00:00, -6.0, 12.0
0.8, 0.8, 0.0, 1978-03-23 00:00:00, 0.0, 13.0
0.0, 0.0, 0.0, 1978-03-24 00:00:00, 1.0, 11.0
1.3, 1.3, 0.0, 1978-03-25 00:00:00, 2.0, 8.0
1.3, 1.3, 0.0, 1978-03-26 00:00:00, 0.0, 7.0
0.0, 0.0, 0.0, 1978-03-27 00:00:00, 0.0, 10.0
1.0, 1.0, 0.0, 1978-03-28 00:00:00, 0.0, 11.0
0.0, 0.0, 0.0, 1978-03-29 00:00:00, 1.0, 16.0
0.0, 0.0, 0.0, 1978-03-30 00:00:00, -1.0, 12.0
0.0, 0.0, 0.0, 1978-03-31 00:00:00, -3.0, 10.0
1.3, 1.3, 0.0, 1978-04-01 00:00:00, -2.0, 8.0
0.5, 0.5, 0.0, 1978-04-02 00:00:00, 0.0, 6.0
0.0, 0.0, 0.0, 1978-04-03 00:00:00, -2.0, 9.0
4.0, 0.0, 4.0, 1978-04-04 00:00:00, -3.0, 10.0
1.0, 0.0, 1.0, 1978-04-05 00:00:00, -1.0, 6.0
0.0, 0.0, 0.0, 1978-04-06 00:00:00, -2.0, 9.0
0.0, 0.0, 0.0, 1978-04-07 00:00:00, -6.0, 14.0
0.0, 0.0, 0.0, 1978-04-08 00:00:00, -2.0, 8.0
0.0, 0.0, 0.0, 1978-04-09 00:00:00, -4.0, 10.0
24.1, 24.1, 0.0, 1978-04-10 00:00:00, -3.0, 13.0
0.0, 0.0, 0.0, 1978-04-11 00:00:00, 0.0, 4.0
0.0, 0.0, 0.0, 1978-04-12 00:00:00, -4.0, 6.0
0.0, 0.0, 0.0, 1978-04-13 00:00:00, -5.0, 7.0
0.0, 0.0, 0.0, 1978-04-14 00:00:00, -1.0, 3.0
1.3, 1.3, 0.0, 1978-04-15 00:00:00, -3.0, 11.0
2.8, 2.8, 0.0, 1978-04-16 00:00:00, -2.0, 13.0
0.0, 0.0, 0.0, 1978-04-17 00:00:00, 1.0, 7.0
0.0, 0.0, 0.0, 1978-04-18 00:00:00, -1.0, 13.0
0.0, 0.0, 0.0, 1978-04-19 00:00:00, -3.0, 14.0
5.8, 5.8, 0.0, 1978-04-20 00:00:00, 0.0, 9.0
10.7, 10.7, 0.0, 1978-04-21 00:00:00, 2.0, 8.0
0.0, 0.0, 0.0, 1978-04-22 00:00:00, 0.0, 8.0
0.0, 0.0, 0.0, 1978-04-23 00:00:00, -3.0, 9.0
0.0, 0.0, 0.0, 1978-04-24 00:00:00, -3.0, 12.0
0.0, 0.0, 0.0, 1978-04-25 00:00:00, 1.0, 19.0
0.0, 0.0, 0.0, 1978-04-26 00:00:00, 0.0, 21.0
0.5, 0.5, 0.0, 1978-04-27 00:00:00, 3.0, 21.0
9.4, 9.4, 0.0, 1978-04-28 00:00:00, 4.0, 14.0
3.0, 3.0, 0.0, 1978-04-29 00:00:00, 4.0, 14.0
0.0, 0.0, 0.0, 1978-04-30 00:00:00, 4.0, 16.0
0.0, 0.0, 0.0, 1978-05-01 00:00:00, -1.0, 19.0
4.8, 4.8, 0.0, 1978-05-02 00:00:00, 4.0, 15.0
0.0, 0.0, 0.0, 1978-05-03 00:00:00, 0.0, 10.0
0.0, 0.0, 0.0, 1978-05-04 00:00:00, -4.0, 9.0
0.0, 0.0, 0.0, 1978-05-05 00:00:00, -1.0, 11.0
0.0, 0.0, 0.0, 1978-05-06 00:00:00, -3.0, 15.0
0.0, 0.0, 0.0, 1978-05-07 00:00:00, -3.0, 16.0
2.0, 2.0, 0.0, 1978-05-08 00:00:00, -2.0, 14.0
4.8, 4.8, 0.0, 1978-05-09 00:00:00, 4.0, 10.0
3.3, 3.3, 0.0, 1978-05-10 00:00:00, 1.0, 13.0
0.0, 0.0, 0.0, 1978-05-11 00:00:00, 2.0, 12.0
0.0, 0.0, 0.0, 1978-05-12 00:00:00, 3.0, 13.0
0.5, 0.5, 0.0, 1978-05-13 00:00:00, 0.0, 11.0
0.0, 0.0, 0.0, 1978-05-14 00:00:00, 7.0, 12.0
11.7, 11.7, 0.0, 1978-05-15 00:00:00, 5.0, 11.0
0.2, 0.2, 0.0, 1978-05-16 00:00:00, 4.0, 14.0
0.0, 0.0, 0.0, 1978-05-17 00:00:00, 3.0, 17.0
0.0, 0.0, 0.0, 1978-05-18 00:00:00, 0.0, 20.0
0.0, 0.0, 0.0, 1978-05-19 00:00:00, 1.0, 23.0
0.3, 0.3, 0.0, 1978-05-20 00:00:00, 2.0, 24.0
0.0, 0.0, 0.0, 1978-05-21 00:00:00, 1.0, 24.0
0.0, 0.0, 0.0, 1978-05-22 00:00:00, 6.0, 16.0
1.3, 1.3, 0.0, 1978-05-23 00:00:00, -3.0, 14.0
6.8, 6.8, 0.0, 1978-05-24 00:00:00, 2.0, 10.0
0.8, 0.8, 0.0, 1978-05-25 00:00:00, 3.0, 7.0
0.0, 0.0, 0.0, 1978-05-26 00:00:00, 2.0, 12.0
0.3, 0.3, 0.0, 1978-05-27 00:00:00, 3.0, 14.0
0.0, 0.0, 0.0, 1978-05-28 00:00:00, 4.0, 16.0
0.0, 0.0, 0.0, 1978-05-29 00:00:00, 1.0, 13.0
0.0, 0.0, 0.0, 1978-05-30 00:00:00, 1.0, 17.0
0.0, 0.0, 0.0, 1978-05-31 00:00:00, 3.0, 19.0
0.0, 0.0, 0.0, 1978-06-01 00:00:00, 1.0, 22.0
0.0, 0.0, 0.0, 1978-06-02 00:00:00, 4.0, 27.0
0.0, 0.0, 0.0, 1978-06-03 00:00:00, 6.0, 28.0
0.0, 0.0, 0.0, 1978-06-04 00:00:00, 6.0, 29.0
0.0, 0.0, 0.0, 1978-06-05 00:00:00, 7.0, 27.0
0.0, 0.0, 0.0, 1978-06-06 00:00:00, 9.0, 22.0
0.0, 0.0, 0.0, 1978-06-07 00:00:00, 4.0, 24.0
1.5, 1.5, 0.0, 1978-06-08 00:00:00, 4.0, 24.0
10.4, 10.4, 0.0, 1978-06-09 00:00:00, 8.0, 13.0
3.0, 3.0, 0.0, 1978-06-10 00:00:00, 6.0, 13.0
0.0, 0.0, 0.0, 1978-06-11 00:00:00, 4.0, 16.0
0.0, 0.0, 0.0, 1978-06-12 00:00:00, 6.0, 20.0
6.1, 6.1, 0.0, 1978-06-13 00:00:00, 7.0, 16.0
3.6, 3.6, 0.0, 1978-06-14 00:00:00, 4.0, 17.0
4.1, 4.1, 0.0, 1978-06-15 00:00:00, 4.0, 11.0
1.3, 1.3, 0.0, 1978-06-16 00:00:00, 4.0, 13.0
0.0, 0.0, 0.0, 1978-06-17 00:00:00, 4.0, 19.0
1.0, 1.0, 0.0, 1978-06-18 00:00:00, 6.0, 16.0
0.0, 0.0, 0.0, 1978-06-19 00:00:00, -1.0, 19.0
0.0, 0.0, 0.0, 1978-06-20 00:00:00, 0.0, 22.0
1.0, 1.0, 0.0, 1978-06-21 00:00:00, 7.0, 24.0
0.0, 0.0, 0.0, 1978-06-22 00:00:00, 9.0, 22.0
5.0, 5.0, 0.0, 1978-06-23 00:00:00, 6.0, 17.0
1.3, 1.3, 0.0, 1978-06-24 00:00:00, 7.0, 17.0
1.5, 1.5, 0.0, 1978-06-25 00:00:00, 4.0, 21.0
0.0, 0.0, 0.0, 1978-06-26 00:00:00, 4.0, 18.0
0.0, 0.0, 0.0, 1978-06-27 00:00:00, 4.0, 27.0
0.0, 0.0, 0.0, 1978-06-28 00:00:00, 8.0, 30.0
0.5, 0.5, 0.0, 1978-06-29 00:00:00, 9.0, 27.0
0.5, 0.5, 0.0, 1978-06-30 00:00:00, 9.0, 18.0
0.0, 0.0, 0.0, 1978-07-01 00:00:00, 8.0, 24.0
0.0, 0.0, 0.0, 1978-07-02 00:00:00, 6.0, 22.0
7.6, 7.6, 0.0, 1978-07-03 00:00:00, 7.0, 27.0
0.5, 0.5, 0.0, 1978-07-04 00:00:00, 6.0, 25.0
17.2, 17.2, 0.0, 1978-07-05 00:00:00, 6.0, 26.0
2.1, 2.1, 0.0, 1978-07-06 00:00:00, 11.0, 24.0
7.2, 7.2, 0.0, 1978-07-07 00:00:00, 11.0, 25.0
1.5, 1.5, 0.0, 1978-07-08 00:00:00, 9.0, 24.0
6.1, 6.1, 0.0, 1978-07-09 00:00:00, 13.0, 23.0
22.1, 22.1, 0.0, 1978-07-10 00:00:00, 10.0, 14.0
2.5, 2.5, 0.0, 1978-07-11 00:00:00, 7.0, 12.0
0.0, 0.0, 0.0, 1978-07-12 00:00:00, 6.0, 22.0
0.0, 0.0, 0.0, 1978-07-13 00:00:00, 7.0, 22.0
0.0, 0.0, 0.0, 1978-07-14 00:00:00, 11.0, 25.0
0.0, 0.0, 0.0, 1978-07-15 00:00:00, 9.0, 26.0
2.3, 2.3, 0.0, 1978-07-16 00:00:00, 8.0, 22.0
0.5, 0.5, 0.0, 1978-07-17 00:00:00, 9.0, 21.0
5.6, 5.6, 0.0, 1978-07-18 00:00:00, 7.0, 19.0
0.0, 0.0, 0.0, 1978-07-19 00:00:00, 4.0, 23.0
0.5, 0.5, 0.0, 1978-07-20 00:00:00, 4.0, 23.0
0.0, 0.0, 0.0, 1978-07-21 00:00:00, 8.0, 25.0
0.0, 0.0, 0.0, 1978-07-22 00:00:00, 8.0, 25.0
0.0, 0.0, 0.0, 1978-07-23 00:00:00, 10.0, 30.0
0.0, 0.0, 0.0, 1978-07-24 00:00:00, 9.0, 29.0
0.0, 0.0, 0.0, 1978-07-25 00:00:00, 6.0, 30.0
4.1, 4.1, 0.0, 1978-07-26 00:00:00, 10.0, 31.0
0.0, 0.0, 0.0, 1978-07-27 00:00:00, 11.0, 30.0
0.0, 0.0, 0.0, 1978-07-28 00:00:00, 7.0, 26.0
0.0, 0.0, 0.0, 1978-07-29 00:00:00, 5.0, 28.0
0.0, 0.0, 0.0, 1978-07-30 00:00:00, 8.0, 25.0
0.0, 0.0, 0.0, 1978-07-31 00:00:00, 9.0, 27.0
0.0, 0.0, 0.0, 1978-08-01 00:00:00, 7.0, 25.0
0.0, 0.0, 0.0, 1978-08-02 00:00:00, 9.0, 26.0
0.0, 0.0, 0.0, 1978-08-03 00:00:00, 6.0, 30.0
3.0, 3.0, 0.0, 1978-08-04 00:00:00, 8.0, 32.0
0.0, 0.0, 0.0, 1978-08-05 00:00:00, 9.0, 28.0
0.0, 0.0, 0.0, 1978-08-06 00:00:00, 7.0, 28.0
0.0, 0.0, 0.0, 1978-08-07 00:00:00, 7.0, 29.0
0.0, 0.0, 0.0, 1978-08-08 00:00:00, 9.0, 32.0
9.4, 9.4, 0.0, 1978-08-09 00:00:00, 8.0, 29.0
0.0, 0.0, 0.0, 1978-08-10 00:00:00, 7.0, 30.0
6.4, 6.4, 0.0, 1978-08-11 00:00:00, 6.0, 29.0
15.0, 15.0, 0.0, 1978-08-12 00:00:00, 8.0, 24.0
0.0, 0.0, 0.0, 1978-08-13 00:00:00, 9.0, 20.0
0.0, 0.0, 0.0, 1978-08-14 00:00:00, 7.0, 16.0
7.7, 7.7, 0.0, 1978-08-15 00:00:00, 8.0, 14.0
6.9, 6.9, 0.0, 1978-08-16 00:00:00, 7.0, 11.0
0.0, 0.0, 0.0, 1978-08-17 00:00:00, 7.0, 21.5
1.3, 1.3, 0.0, 1978-08-18 00:00:00, 7.0, 17.0
5.4, 5.4, 0.0, 1978-08-19 00:00:00, 6.0, 15.0
4.8, 4.8, 0.0, 1978-08-20 00:00:00, 6.0, 15.0
0.0, 0.0, 0.0, 1978-08-21 00:00:00, 4.0, 17.0
2.8, 2.8, 0.0, 1978-08-22 00:00:00, 2.0, 18.0
0.8, 0.8, 0.0, 1978-08-23 00:00:00, 2.0, 12.0
8.2, 8.2, 0.0, 1978-08-24 00:00:00, 5.0, 14.0
4.8, 4.8, 0.0, 1978-08-25 00:00:00, 8.0, 14.0
0.0, 0.0, 0.0, 1978-08-26 00:00:00, 5.0, 14.0
0.0, 0.0, 0.0, 1978-08-27 00:00:00, 3.0, 17.0
0.2, 0.2, 0.0, 1978-08-28 00:00:00, 4.0, 17.0
0.0, 0.0, 0.0, 1978-08-29 00:00:00, 3.0, 21.0
0.0, 0.0, 0.0, 1978-08-30 00:00:00, 3.0, 23.0
0.0, 0.0, 0.0, 1978-08-31 00:00:00, 7.0, 17.5
1.3, 1.3, 0.0, 1978-09-01 00:00:00, 8.0, 15.0
3.6, 3.6, 0.0, 1978-09-02 00:00:00, 9.0, 19.0
0.0, 0.0, 0.0, 1978-09-03 00:00:00, 11.0, 18.0
3.0, 3.0, 0.0, 1978-09-04 00:00:00, 10.0, 15.0
0.3, 0.3, 0.0, 1978-09-05 00:00:00, 6.0, 17.0
0.0, 0.0, 0.0, 1978-09-06 00:00:00, 9.0, 18.0
2.5, 2.5, 0.0, 1978-09-07 00:00:00, 10.0, 17.0
7.3, 7.3, 0.0, 1978-09-08 00:00:00, 8.0, 15.0
1.2, 1.2, 0.0, 1978-09-09 00:00:00, 4.0, 15.0
1.4, 1.4, 0.0, 1978-09-10 00:00:00, 6.0, 17.0
0.0, 0.0, 0.0, 1978-09-11 00:00:00, 6.0, 14.0
0.0, 0.0, 0.0, 1978-09-12 00:00:00, 7.0, 21.0
0.2, 0.2, 0.0, 1978-09-13 00:00:00, 4.0, 19.0
3.2, 3.2, 0.0, 1978-09-14 00:00:00, 8.0, 16.0
1.6, 1.6, 0.0, 1978-09-15 00:00:00, 6.0, 12.0
0.0, 0.0, 0.0, 1978-09-16 00:00:00, 2.0, 9.0
0.0, 0.0, 0.0, 1978-09-17 00:00:00, -2.0, 10.0
0.0, 0.0, 0.0, 1978-09-18 00:00:00, -2.0, 12.0
0.0, 0.0, 0.0, 1978-09-19 00:00:00, -2.0, 15.0
0.0, 0.0, 0.0, 1978-09-20 00:00:00, -3.0, 12.0
0.5, 0.5, 0.0, 1978-09-21 00:00:00, 6.0, 12.0
9.9, 9.9, 0.0, 1978-09-22 00:00:00, 1.0, 6.0
0.0, 0.0, 0.0, 1978-09-23 00:00:00, 3.0, 16.0
0.0, 0.0, 0.0, 1978-09-24 00:00:00, 3.0, 21.0
0.0, 0.0, 0.0, 1978-09-25 00:00:00, 1.0, 19.0
0.0, 0.0, 0.0, 1978-09-26 00:00:00, 0.0, 18.0
2.5, 2.5, 0.0, 1978-09-27 00:00:00, 0.0, 10.0
0.0, 0.0, 0.0, 1978-09-28 00:00:00, 6.0, 16.0
0.0, 0.0, 0.0, 1978-09-29 00:00:00, 4.0, 14.0
0.7, 0.7, 0.0, 1978-09-30 00:00:00, 1.0, 12.0
0.0, 0.0, 0.0, 1978-10-01 00:00:00, 5.0, 13.0
0.0, 0.0, 0.0, 1978-10-02 00:00:00, -3.0, 14.0
1.3, 1.3, 0.0, 1978-10-03 00:00:00, 3.0, 11.0
0.0, 0.0, 0.0, 1978-10-04 00:00:00, -1.0, 14.0
0.0, 0.0, 0.0, 1978-10-05 00:00:00, -3.0, 14.0
0.0, 0.0, 0.0, 1978-10-06 00:00:00, -3.0, 14.0
0.0, 0.0, 0.0, 1978-10-07 00:00:00, -1.0, 16.0
0.0, 0.0, 0.0, 1978-10-08 00:00:00, -1.0, 16.0
0.0, 0.0, 0.0, 1978-10-09 00:00:00, -1.0, 17.0
2.3, 2.3, 0.0, 1978-10-10 00:00:00, 4.0, 11.0
0.5, 0.5, 0.0, 1978-10-11 00:00:00, -1.0, 6.0
0.0, 0.0, 0.0, 1978-10-12 00:00:00, -3.0, 7.0
0.0, 0.0, 0.0, 1978-10-13 00:00:00, -5.0, 14.0
0.0, 0.0, 0.0, 1978-10-14 00:00:00, -3.0, 12.0
0.0, 0.0, 0.0, 1978-10-15 00:00:00, -3.0, 13.0
0.0, 0.0, 0.0, 1978-10-16 00:00:00, -2.0, 14.0
0.0, 0.0, 0.0, 1978-10-17 00:00:00, 2.0, 18.0
0.0, 0.0, 0.0, 1978-10-18 00:00:00, -2.0, 14.0
0.0, 0.0, 0.0, 1978-10-19 00:00:00, -2.0, 15.5
0.9, 0.9, 0.0, 1978-10-20 00:00:00, 1.5, 7.0
0.0, 0.0, 0.0, 1978-10-21 00:00:00, -0.5, 7.0
0.0, 0.0, 0.0, 1978-10-22 00:00:00, -5.0, 6.5
5.6, 5.6, 0.0, 1978-10-23 00:00:00, 0.0, 5.5
0.0, 0.0, 0.0, 1978-10-24 00:00:00, 0.5, 8.0
0.0, 0.0, 0.0, 1978-10-25 00:00:00, -3.0, 6.0
0.0, 0.0, 0.0, 1978-10-26 00:00:00, -4.0, 5.0
0.0, 0.0, 0.0, 1978-10-27 00:00:00, -4.5, 6.5
11.0, 0.0, 11.0, 1978-10-28 00:00:00, -3.0, 4.0
7.0, 0.0, 7.0, 1978-10-29 00:00:00, 0.0, 2.0
0.0, 0.0, 0.0, 1978-10-30 00:00:00, -3.0, 1.0
0.0, 0.0, 0.0, 1978-10-31 00:00:00, -5.0, 0.0
0.0, 0.0, 0.0, 1978-11-01 00:00:00, -5.0, 4.5
0.0, 0.0, 0.0, 1978-11-02 00:00:00, -3.5, 5.0
0.0, 0.0, 0.0, 1978-11-03 00:00:00, -2.5, 3.0
0.0, 0.0, 0.0, 1978-11-04 00:00:00, -2.0, 2.0
0.0, 0.0, 0.0, 1978-11-05 00:00:00, -6.5, -0.5
0.0, 0.0, 0.0, 1978-11-06 00:00:00, -4.0, 3.0
10.1, 10.1, 0.0, 1978-11-07 00:00:00, -4.0, 3.5
0.0, 0.0, 0.0, 1978-11-08 00:00:00, 0.5, 1.0
0.0, 0.0, 0.0, 1978-11-09 00:00:00, -9.0, -2.0
0.0, 0.0, 0.0, 1978-11-10 00:00:00, -19.5, -2.0
0.0, 0.0, 0.0, 1978-11-11 00:00:00, -19.5, -4.5
0.0, 0.0, 0.0, 1978-11-12 00:00:00, -19.0, -4.0
0.0, 0.0, 0.0, 1978-11-13 00:00:00, -16.5, -3.5
0.0, 0.0, 0.0, 1978-11-14 00:00:00, -17.0, -3.0
0.0, 0.0, 0.0, 1978-11-15 00:00:00, -16.0, -4.5
6.0, 0.0, 6.0, 1978-11-16 00:00:00, -14.0, -3.5
8.0, 0.0, 8.0, 1978-11-17 00:00:00, -9.0, -4.5
0.0, 0.0, 0.0, 1978-11-18 00:00:00, -16.5, -10.5
0.0, 0.0, 0.0, 1978-11-19 00:00:00, -22.5, -10.5
0.0, 0.0, 0.0, 1978-11-20 00:00:00, -25.5, -11.5
0.0, 0.0, 0.0, 1978-11-21 00:00:00, -25.0, -9.0
0.0, 0.0, 0.0, 1978-11-22 00:00:00, -25.0, -8.0
0.0, 0.0, 0.0, 1978-11-23 00:00:00, -19.5, -4.0
0.0, 0.0, 0.0, 1978-11-24 00:00:00, -11.5, -2.0
1.0, 0.0, 1.0, 1978-11-25 00:00:00, -7.0, -2.0
0.0, 0.0, 0.0, 1978-11-26 00:00:00, -8.5, -3.0
2.0, 0.0, 2.0, 1978-11-27 00:00:00, -8.0, -2.5
0.0, 0.0, 0.0, 1978-11-28 00:00:00, -6.0, -2.0
2.0, 0.0, 2.0, 1978-11-29 00:00:00, -5.5, -1.5
1.0, 0.0, 1.0, 1978-11-30 00:00:00, -7.5, -2.5
0.0, 0.0, 0.0, 1978-12-01 00:00:00, -6.0, -4.0
0.0, 0.0, 0.0, 1978-12-02 00:00:00, -4.5, -4.0
2.5, 0.0, 2.5, 1978-12-03 00:00:00, -6.5, -4.0
0.0, 0.0, 0.0, 1978-12-04 00:00:00, -8.0, -4.0
0.0, 0.0, 0.0, 1978-12-05 00:00:00, -11.0, -4.0
0.0, 0.0, 0.0, 1978-12-06 00:00:00, -18.0, -7.0
0.5, 0.0, 0.5, 1978-12-07 00:00:00, -25.0, -12.5
0.0, 0.0, 0.0, 1978-12-08 00:00:00, -20.0, -11.5
0.5, 0.0, 0.5, 1978-12-09 00:00:00, -13.5, -7.0
11.0, 0.0, 11.0, 1978-12-10 00:00:00, -16.5, -5.0
1.0, 0.0, 1.0, 1978-12-11 00:00:00, -9.5, -2.0
0.0, 0.0, 0.0, 1978-12-12 00:00:00, -9.0, -3.0
1.0, 0.0, 1.0, 1978-12-13 00:00:00, -18.0, -6.0
4.0, 0.0, 4.0, 1978-12-14 00:00:00, -11.0, -3.5
1.0, 0.0, 1.0, 1978-12-15 00:00:00, -9.0, -3.0
0.0, 0.0, 0.0, 1978-12-16 00:00:00, -10.0, -3.0
0.0, 0.0, 0.0, 1978-12-17 00:00:00, -11.5, -7.0
0.0, 0.0, 0.0, 1978-12-18 00:00:00, -15.0, -5.0
1.0, 0.0, 1.0, 1978-12-19 00:00:00, -19.0, -10.0
7.0, 0.0, 7.0, 1978-12-20 00:00:00, -19.0, -4.5
5.0, 0.0, 5.0, 1978-12-21 00:00:00, -11.5, -4.0
0.5, 0.0, 0.5, 1978-12-22 00:00:00, -10.5, -4.0
7.0, 0.0, 7.0, 1978-12-23 00:00:00, -11.0, -5.5
0.0, 0.0, 0.0, 1978-12-24 00:00:00, -9.5, -2.5
1.0, 0.0, 1.0, 1978-12-25 00:00:00, -12.5, -6.0
2.0, 0.0, 2.0, 1978-12-26 00:00:00, -14.0, -9.0
0.0, 0.0, 0.0, 1978-12-27 00:00:00, -14.5, -9.0
0.0, 0.0, 0.0, 1978-12-28 00:00:00, -20.5, -15.0
0.0, 0.0, 0.0, 1978-12-29 00:00:00, -29.0, -19.0
0.0, 0.0, 0.0, 1978-12-30 00:00:00, -31.0, -22.0
0.0, 0.0, 0.0, 1978-12-31 00:00:00, -35.5, -24.0
1.0, 0.0, 1.0, 1979-01-01 00:00:00, -33.5, -23.5
0.0, 0.0, 0.0, 1979-01-02 00:00:00, -28.0, -18.0
0.0, 0.0, 0.0, 1979-01-03 00:00:00, -27.0, -22.0
0.0, 0.0, 0.0, 1979-01-04 00:00:00, -32.0, -18.0
0.0, 0.0, 0.0, 1979-01-05 00:00:00, -31.0, -19.0
0.0, 0.0, 0.0, 1979-01-06 00:00:00, -31.5, -19.0
0.0, 0.0, 0.0, 1979-01-07 00:00:00, -30.0, -16.5
0.0, 0.0, 0.0, 1979-01-08 00:00:00, -29.5, -16.5
3.0, 0.0, 3.0, 1979-01-09 00:00:00, -29.0, -15.0
3.0, 0.0, 3.0, 1979-01-10 00:00:00, -29.5, -17.0
4.0, 0.0, 4.0, 1979-01-11 00:00:00, -18.0, -11.5
2.0, 0.0, 2.0, 1979-01-12 00:00:00, -14.0, -11.5
0.0, 0.0, 0.0, 1979-01-13 00:00:00, -15.5, -11.0
0.0, 0.0, 0.0, 1979-01-14 00:00:00, -28.0, -14.5
0.0, 0.0, 0.0, 1979-01-15 00:00:00, -30.0, -19.0
0.0, 0.0, 0.0, 1979-01-16 00:00:00, -29.5, -16.5
0.0, 0.0, 0.0, 1979-01-17 00:00:00, -24.0, -12.0
1.0, 0.0, 1.0, 1979-01-18 00:00:00, -24.0, -8.0
5.0, 0.0, 5.0, 1979-01-19 00:00:00, -22.5, -11.5
2.0, 0.0, 2.0, 1979-01-20 00:00:00, -18.5, -6.5
0.0, 0.0, 0.0, 1979-01-21 00:00:00, -10.5, -4.5
0.0, 0.0, 0.0, 1979-01-22 00:00:00, -19.0, -10.0
0.5, 0.0, 0.5, 1979-01-23 00:00:00, -15.0, -6.0
0.0, 0.0, 0.0, 1979-01-24 00:00:00, -15.0, -4.0
0.0, 0.0, 0.0, 1979-01-25 00:00:00, -20.5, -6.5
1.0, 0.0, 1.0, 1979-01-26 00:00:00, -24.5, -11.5
0.0, 0.0, 0.0, 1979-01-27 00:00:00, -15.0, -8.0
0.0, 0.0, 0.0, 1979-01-28 00:00:00, -15.0, -6.0
0.0, 0.0, 0.0, 1979-01-29 00:00:00, -15.0, -6.0
3.0, 0.0, 3.0, 1979-01-30 00:00:00, -24.0, -13.0
0.0, 0.0, 0.0, 1979-01-31 00:00:00, -16.0, -10.0
1.0, 0.0, 1.0, 1979-02-01 00:00:00, -24.0, -12.0
2.0, 0.0, 2.0, 1979-02-02 00:00:00, -24.0, -14.0
0.0, 0.0, 0.0, 1979-02-03 00:00:00, -16.0, -7.5
5.0, 0.0, 5.0, 1979-02-04 00:00:00, -19.0, -7.0
0.5, 0.0, 0.5, 1979-02-05 00:00:00, -10.0, -0.5
4.0, 0.0, 4.0, 1979-02-06 00:00:00, -11.0, -1.5
0.0, 0.0, 0.0, 1979-02-07 00:00:00, -4.0, 0.0
4.0, 0.0, 4.0, 1979-02-08 00:00:00, -13.0, -3.0
2.0, 0.0, 2.0, 1979-02-09 00:00:00, -4.5, 0.0
1.0, 0.0, 1.0, 1979-02-10 00:00:00, -5.0, 0.0
2.0, 0.0, 2.0, 1979-02-11 00:00:00, -9.0, 2.0
20.0, 0.0, 20.0, 1979-02-12 00:00:00, -6.0, -4.5
5.0, 0.0, 5.0, 1979-02-13 00:00:00, -10.0, -6.0
0.0, 0.0, 0.0, 1979-02-14 00:00:00, -15.0, -9.0
0.0, 0.0, 0.0, 1979-02-15 00:00:00, -21.0, -10.0
4.0, 0.0, 4.0, 1979-02-16 00:00:00, -19.0, -4.5
4.0, 0.0, 4.0, 1979-02-17 00:00:00, -12.0, -1.0
3.0, 0.0, 3.0, 1979-02-18 00:00:00, -6.0, 0.0
0.0, 0.0, 0.0, 1979-02-19 00:00:00, -7.0, -0.5
0.0, 0.0, 0.0, 1979-02-20 00:00:00, -9.0, -1.5
0.0, 0.0, 0.0, 1979-02-21 00:00:00, -11.0, -3.0
0.0, 0.0, 0.0, 1979-02-22 00:00:00, -14.0, -6.5
6.0, 0.0, 6.0, 1979-02-23 00:00:00, -16.0, 0.0
0.0, 0.0, 0.0, 1979-02-24 00:00:00, -16.0, 0.0
0.0, 0.0, 0.0, 1979-02-25 00:00:00, -0.5, 6.5
0.0, 0.0, 0.0, 1979-02-26 00:00:00, 3.0, 6.0
2.0, 0.0, 2.0, 1979-02-27 00:00:00, -3.0, -2.0
0.0, 0.0, 0.0, 1979-02-28 00:00:00, -5.5, -2.0
0.0, 0.0, 0.0, 1979-03-01 00:00:00, -14.0, 0.0
0.0, 0.0, 0.0, 1979-03-02 00:00:00, -12.5, 0.0
0.0, 0.0, 0.0, 1979-03-03 00:00:00, -10.0, 4.5
0.0, 0.0, 0.0, 1979-03-04 00:00:00, -8.0, 6.0
0.0, 0.0, 0.0, 1979-03-05 00:00:00, 0.0, 6.5
0.0, 0.0, 0.0, 1979-03-06 00:00:00, 1.0, 8.0
0.0, 0.0, 0.0, 1979-03-07 00:00:00, 1.0, 7.0
0.0, 0.0, 0.0, 1979-03-08 00:00:00, -4.0, 4.5
0.0, 0.0, 0.0, 1979-03-09 00:00:00, -10.0, 5.0
0.0, 0.0, 0.0, 1979-03-10 00:00:00, -8.0, 8.0
1.0, 0.0, 1.0, 1979-03-11 00:00:00, -7.0, 11.0
0.0, 0.0, 0.0, 1979-03-12 00:00:00, 0.0, 4.5
0.0, 0.0, 0.0, 1979-03-13 00:00:00, -8.0, 7.5
0.0, 0.0, 0.0, 1979-03-14 00:00:00, -7.0, 10.0
0.0, 0.0, 0.0, 1979-03-15 00:00:00, -6.5, 7.0
0.0, 0.0, 0.0, 1979-03-16 00:00:00, -6.5, 6.0
0.0, 0.0, 0.0, 1979-03-17 00:00:00, -7.0, 8.5
0.0, 0.0, 0.0, 1979-03-18 00:00:00, -7.5, 9.0
0.0, 0.0, 0.0, 1979-03-19 00:00:00, -8.0, 10.0
0.0, 0.0, 0.0, 1979-03-20 00:00:00, -7.0, 9.5
0.0, 0.0, 0.0, 1979-03-21 00:00:00, -8.0, 10.0
0.0, 0.0, 0.0, 1979-03-22 00:00:00, -5.0, 10.0
0.0, 0.0, 0.0, 1979-03-23 00:00:00, -5.5, 12.0
0.0, 0.0, 0.0, 1979-03-24 00:00:00, -5.0, 10.0
0.0, 0.0, 0.0, 1979-03-25 00:00:00, -3.0, 3.0
0.0, 0.0, 0.0, 1979-03-26 00:00:00, -3.5, 0.0
0.0, 0.0, 0.0, 1979-03-27 00:00:00, -6.0, 0.0
0.0, 0.0, 0.0, 1979-03-28 00:00:00, -13.0, 2.0
0.0, 0.0, 0.0, 1979-03-29 00:00:00, -9.5, 3.0
5.0, 0.0, 5.0, 1979-03-30 00:00:00, -5.0, 2.0
1.0, 0.0, 1.0, 1979-03-31 00:00:00, -9.5, 1.5
0.0, 0.0, 0.0, 1979-04-01 00:00:00, -12.5, 0.5
0.0, 0.0, 0.0, 1979-04-02 00:00:00, -10.0, 2.0
2.0, 0.0, 2.0, 1979-04-03 00:00:00, -8.0, 2.0
0.0, 0.0, 0.0, 1979-04-04 00:00:00, -2.0, 5.5
0.0, 0.0, 0.0, 1979-04-05 00:00:00, 0.0, 8.0
0.0, 0.0, 0.0, 1979-04-06 00:00:00, 1.0, 10.5
0.0, 0.0, 0.0, 1979-04-07 00:00:00, -2.0, 9.0
0.0, 0.0, 0.0, 1979-04-08 00:00:00, -2.0, 11.0
0.0, 0.0, 0.0, 1979-04-09 00:00:00, -1.0, 8.0
0.0, 0.0, 0.0, 1979-04-10 00:00:00, 0.0, 5.0
1.0, 0.0, 1.0, 1979-04-11 00:00:00, -2.0, 7.0
0.0, 0.0, 0.0, 1979-04-12 00:00:00, -2.0, 6.5
0.0, 0.0, 0.0, 1979-04-13 00:00:00, 0.5, 8.0
7.0, 0.0, 7.0, 1979-04-14 00:00:00, -1.5, 6.0
1.0, 0.0, 1.0, 1979-04-15 00:00:00, -1.5, 7.0
2.5, 1.5, 1.0, 1979-04-16 00:00:00, -1.0, 9.5
4.7, 2.7, 2.0, 1979-04-17 00:00:00, 0.5, 7.0
0.7, 0.7, 0.0, 1979-04-18 00:00:00, 0.0, 7.0
0.0, 0.0, 0.0, 1979-04-19 00:00:00, -3.0, 6.5
0.0, 0.0, 0.0, 1979-04-20 00:00:00, -3.0, 6.0
0.0, 0.0, 0.0, 1979-04-21 00:00:00, -3.0, 7.5
0.0, 0.0, 0.0, 1979-04-22 00:00:00, -4.0, 12.0
0.0, 0.0, 0.0, 1979-04-23 00:00:00, -2.0, 9.0
0.0, 0.0, 0.0, 1979-04-24 00:00:00, -3.5, 13.0
0.0, 0.0, 0.0, 1979-04-25 00:00:00, -2.5, 16.5
0.0, 0.0, 0.0, 1979-04-26 00:00:00, -1.5, 18.0
0.0, 0.0, 0.0, 1979-04-27 00:00:00, -2.0, 19.5
0.0, 0.0, 0.0, 1979-04-28 00:00:00, -1.5, 20.0
0.0, 0.0, 0.0, 1979-04-29 00:00:00, -1.0, 20.0
0.0, 0.0, 0.0, 1979-04-30 00:00:00, 0.0, 18.5
4.0, 0.0, 4.0, 1979-05-01 00:00:00, 0.5, 16.0
1.9, 1.9, 0.0, 1979-05-02 00:00:00, -0.5, 10.5
1.0, 1.0, 0.0, 1979-05-03 00:00:00, 0.5, 12.0
1.3, 1.3, 0.0, 1979-05-04 00:00:00, 0.5, 12.5
4.6, 4.6, 0.0, 1979-05-05 00:00:00, 3.0, 8.0
6.0, 6.0, 0.0, 1979-05-06 00:00:00, 3.0, 11.5
1.0, 1.0, 0.0, 1979-05-07 00:00:00, 0.0, 9.0
0.0, 0.0, 0.0, 1979-05-08 00:00:00, 1.0, 11.5
0.0, 0.0, 0.0, 1979-05-09 00:00:00, 0.0, 14.0
0.0, 0.0, 0.0, 1979-05-10 00:00:00, -2.0, 10.5
0.0, 0.0, 0.0, 1979-05-11 00:00:00, -1.0, 15.0
3.5, 3.5, 0.0, 1979-05-12 00:00:00, -0.5, 14.5
0.2, 0.2, 0.0, 1979-05-13 00:00:00, 0.5, 12.5
0.0, 0.0, 0.0, 1979-05-14 00:00:00, -2.0, 18.0
5.3, 5.3, 0.0, 1979-05-15 00:00:00, 1.0, 15.0
0.0, 0.0, 0.0, 1979-05-16 00:00:00, 5.0, 11.5
0.4, 0.4, 0.0, 1979-05-17 00:00:00, -1.0, 13.5
0.0, 0.0, 0.0, 1979-05-18 00:00:00, -0.5, 12.0
0.0, 0.0, 0.0, 1979-05-19 00:00:00, -4.0, 12.0
1.0, 1.0, 0.0, 1979-05-20 00:00:00, -3.0, 15.0
0.0, 0.0, 0.0, 1979-05-21 00:00:00, 0.5, 17.0
0.0, 0.0, 0.0, 1979-05-22 00:00:00, -1.0, 22.0
1.5, 1.5, 0.0, 1979-05-23 00:00:00, 1.5, 23.0
0.0, 0.0, 0.0, 1979-05-24 00:00:00, 8.0, 19.0
0.0, 0.0, 0.0, 1979-05-25 00:00:00, 5.0, 22.0
4.0, 4.0, 0.0, 1979-05-26 00:00:00, 6.0, 23.0
0.0, 0.0, 0.0, 1979-05-27 00:00:00, 2.5, 10.0
0.0, 0.0, 0.0, 1979-05-28 00:00:00, -2.0, 15.0
0.0, 0.0, 0.0, 1979-05-29 00:00:00, -1.0, 14.0
0.0, 0.0, 0.0, 1979-05-30 00:00:00, 3.0, 18.0
0.0, 0.0, 0.0, 1979-05-31 00:00:00, 2.5, 20.0
0.0, 0.0, 0.0, 1979-06-01 00:00:00, 3.0, 20.5
0.0, 0.0, 0.0, 1979-06-02 00:00:00, 4.5, 21.0
3.0, 3.0, 0.0, 1979-06-03 00:00:00, 5.0, 24.0
0.0, 0.0, 0.0, 1979-06-04 00:00:00, 9.0, 19.0
0.0, 0.0, 0.0, 1979-06-05 00:00:00, 7.0, 18.0
0.0, 0.0, 0.0, 1979-06-06 00:00:00, -1.0, 12.0
0.0, 0.0, 0.0, 1979-06-07 00:00:00, 2.0, 14.0
0.0, 0.0, 0.0, 1979-06-08 00:00:00, 3.0, 17.0
0.0, 0.0, 0.0, 1979-06-09 00:00:00, 5.0, 19.5
0.0, 0.0, 0.0, 1979-06-10 00:00:00, 6.0, 24.0
0.0, 0.0, 0.0, 1979-06-11 00:00:00, 9.0, 22.0
8.2, 8.2, 0.0, 1979-06-12 00:00:00, 6.0, 24.0
0.0, 0.0, 0.0, 1979-06-13 00:00:00, 8.0, 14.0
0.0, 0.0, 0.0, 1979-06-14 00:00:00, 0.0, 12.0
0.0, 0.0, 0.0, 1979-06-15 00:00:00, -1.0, 18.0
0.0, 0.0, 0.0, 1979-06-16 00:00:00, 1.0, 20.0
0.0, 0.0, 0.0, 1979-06-17 00:00:00, 6.5, 23.0
0.0, 0.0, 0.0, 1979-06-18 00:00:00, 6.0, 25.0
4.0, 4.0, 0.0, 1979-06-19 00:00:00, 11.0, 23.0
3.9, 3.9, 0.0, 1979-06-20 00:00:00, 7.0, 17.5
0.0, 0.0, 0.0, 1979-06-21 00:00:00, 6.0, 18.0
1.2, 1.2, 0.0, 1979-06-22 00:00:00, 7.0, 19.0
0.0, 0.0, 0.0, 1979-06-23 00:00:00, 9.0, 21.0
0.0, 0.0, 0.0, 1979-06-24 00:00:00, 8.0, 20.0
0.0, 0.0, 0.0, 1979-06-25 00:00:00, 1.0, 24.0
0.0, 0.0, 0.0, 1979-06-26 00:00:00, 4.0, 27.0
0.0, 0.0, 0.0, 1979-06-27 00:00:00, 4.0, 27.0
0.0, 0.0, 0.0, 1979-06-28 00:00:00, 6.0, 29.0
0.0, 0.0, 0.0, 1979-06-29 00:00:00, 7.0, 27.0
1.6, 1.6, 0.0, 1979-06-30 00:00:00, 9.0, 24.0
5.2, 5.2, 0.0, 1979-07-01 00:00:00, 3.5, 10.5
0.5, 0.5, 0.0, 1979-07-02 00:00:00, 4.5, 13.0
0.0, 0.0, 0.0, 1979-07-03 00:00:00, 5.0, 20.0
0.0, 0.0, 0.0, 1979-07-04 00:00:00, 4.0, 25.0
0.0, 0.0, 0.0, 1979-07-05 00:00:00, 8.0, 27.0
5.0, 5.0, 0.0, 1979-07-06 00:00:00, 12.0, 26.0
0.0, 0.0, 0.0, 1979-07-07 00:00:00, 12.0, 23.0
0.0, 0.0, 0.0, 1979-07-08 00:00:00, 7.5, 19.5
3.5, 3.5, 0.0, 1979-07-09 00:00:00, 6.5, 24.5
0.5, 0.5, 0.0, 1979-07-10 00:00:00, 12.0, 16.0
0.0, 0.0, 0.0, 1979-07-11 00:00:00, 11.0, 18.0
1.6, 1.6, 0.0, 1979-07-12 00:00:00, 7.5, 16.0
0.0, 0.0, 0.0, 1979-07-13 00:00:00, 4.0, 18.5
0.0, 0.0, 0.0, 1979-07-14 00:00:00, 5.0, 20.0
0.0, 0.0, 0.0, 1979-07-15 00:00:00, 4.5, 25.0
0.0, 0.0, 0.0, 1979-07-16 00:00:00, 6.0, 27.5
0.0, 0.0, 0.0, 1979-07-17 00:00:00, 8.0, 31.0
0.0, 0.0, 0.0, 1979-07-18 00:00:00, 9.0, 32.0
0.0, 0.0, 0.0, 1979-07-19 00:00:00, 10.5, 33.0
0.0, 0.0, 0.0, 1979-07-20 00:00:00, 11.5, 33.0
0.0, 0.0, 0.0, 1979-07-21 00:00:00, 15.0, 32.0
0.0, 0.0, 0.0, 1979-07-22 00:00:00, 9.5, 28.5
21.0, 21.0, 0.0, 1979-07-23 00:00:00, 9.5, 23.0
0.0, 0.0, 0.0, 1979-07-24 00:00:00, 6.0, 22.0
0.0, 0.0, 0.0, 1979-07-25 00:00:00, 6.0, 23.0
0.0, 0.0, 0.0, 1979-07-26 00:00:00, 7.0, 25.0
0.0, 0.0, 0.0, 1979-07-27 00:00:00, 7.0, 24.0
0.0, 0.0, 0.0, 1979-07-28 00:00:00, 10.5, 24.0
0.0, 0.0, 0.0, 1979-07-29 00:00:00, 8.5, 22.0
0.0, 0.0, 0.0, 1979-07-30 00:00:00, 6.0, 28.0
0.0, 0.0, 0.0, 1979-07-31 00:00:00, 8.0, 27.0
0.0, 0.0, 0.0, 1979-08-01 00:00:00, 8.0, 26.0
1.4, 1.4, 0.0, 1979-08-02 00:00:00, 7.0, 24.5
0.0, 0.0, 0.0, 1979-08-03 00:00:00, 8.5, 23.0
0.0, 0.0, 0.0, 1979-08-04 00:00:00, 4.0, 24.0
0.0, 0.0, 0.0, 1979-08-05 00:00:00, 12.0, 25.0
0.0, 0.0, 0.0, 1979-08-06 00:00:00, 6.0, 23.5
0.0, 0.0, 0.0, 1979-08-07 00:00:00, 4.5, 25.5
0.0, 0.0, 0.0, 1979-08-08 00:00:00, 10.5, 23.0
0.0, 0.0, 0.0, 1979-08-09 00:00:00, 5.0, 26.0
0.0, 0.0, 0.0, 1979-08-10 00:00:00, 5.0, 29.0
0.0, 0.0, 0.0, 1979-08-11 00:00:00, 10.0, 26.0
0.0, 0.0, 0.0, 1979-08-12 00:00:00, 7.0, 26.0
0.0, 0.0, 0.0, 1979-08-13 00:00:00, 10.0, 26.0
0.0, 0.0, 0.0, 1979-08-14 00:00:00, 9.0, 19.0
4.0, 4.0, 0.0, 1979-08-15 00:00:00, 11.0, 19.5
0.4, 0.4, 0.0, 1979-08-16 00:00:00, 12.0, 18.5
2.8, 2.8, 0.0, 1979-08-17 00:00:00, 7.0, 25.0
0.0, 0.0, 0.0, 1979-08-18 00:00:00, 9.5, 25.0
0.0, 0.0, 0.0, 1979-08-19 00:00:00, 8.5, 24.5
0.0, 0.0, 0.0, 1979-08-20 00:00:00, 8.0, 27.5
0.0, 0.0, 0.0, 1979-08-21 00:00:00, 10.5, 28.5
0.0, 0.0, 0.0, 1979-08-22 00:00:00, 11.0, 25.5
0.0, 0.0, 0.0, 1979-08-23 00:00:00, 6.5, 26.5
2.5, 2.5, 0.0, 1979-08-24 00:00:00, 12.5, 18.0
1.6, 1.6, 0.0, 1979-08-25 00:00:00, 11.0, 15.0
0.0, 0.0, 0.0, 1979-08-26 00:00:00, 10.0, 21.0
0.0, 0.0, 0.0, 1979-08-27 00:00:00, 8.5, 24.5
0.0, 0.0, 0.0, 1979-08-28 00:00:00, 5.5, 24.5
0.0, 0.0, 0.0, 1979-08-29 00:00:00, 8.0, 24.0
0.0, 0.0, 0.0, 1979-08-30 00:00:00, 7.5, 21.0
0.0, 0.0, 0.0, 1979-08-31 00:00:00, 10.0, 19.0
