station_observations
ONE_DAY_PRECIPITATION, ONE_DAY_RAIN, SNOW_ON_THE_GROUND, ONE_DAY_SNOW, time, MIN_TEMP, MAX_TEMP
0.0, 0.0, 0.0, 0.0, 1991-09-01 00:00:00, 5.0, 15.0
0.0, 0.0, 0.0, 0.0, 1991-09-02 00:00:00, None, None
20.0, 20.0, 0.0, 0.0, 1991-09-03 00:00:00, None, 15.0
1.0, 1.0, 0.0, 0.0, 1991-09-04 00:00:00, 10.5, 16.0
7.2, 7.2, 0.0, 0.0, 1991-09-05 00:00:00, 10.5, 18.0
1.2, 1.2, 0.0, 0.0, 1991-09-06 00:00:00, 6.0, 14.5
0.0, 0.0, 0.0, 0.0, 1991-09-07 00:00:00, 6.0, 13.5
0.0, 0.0, 0.0, 0.0, 1991-09-08 00:00:00, 3.5, 15.0
3.0, 3.0, 0.0, 0.0, 1991-09-09 00:00:00, 7.5, 11.5
3.1, 3.1, 0.0, 0.0, 1991-09-10 00:00:00, 7.0, 11.5
6.2, 6.2, 0.0, 0.0, 1991-09-11 00:00:00, 8.5, 15.0
4.1, 4.1, 0.0, 0.0, 1991-09-12 00:00:00, 7.5, 10.5
0.0, 0.0, 0.0, 0.0, 1991-09-13 00:00:00, 6.5, 12.5
3.0, 3.0, 0.0, 0.0, 1991-09-14 00:00:00, 6.5, 11.5
0.0, 0.0, 0.0, 0.0, 1991-09-15 00:00:00, 7.0, 11.5
0.0, 0.0, 0.0, 0.0, 1991-09-16 00:00:00, 5.0, 13.0
4.7, 4.7, 0.0, 0.0, 1991-09-17 00:00:00, 5.5, 17.0
1.8, 1.8, 0.0, 0.0, 1991-09-18 00:00:00, 8.0, 15.0
2.5, 2.5, 0.0, 0.0, 1991-09-19 00:00:00, 5.0, 10.0
0.0, 0.0, 0.0, 0.0, 1991-09-20 00:00:00, 3.0, 10.5
4.6, 4.6, 0.0, 0.0, 1991-09-21 00:00:00, 3.0, 12.5
2.8, 2.8, 0.0, 0.0, 1991-09-22 00:00:00, 3.5, 9.5
13.4, 13.4, 0.0, 0.0, 1991-09-23 00:00:00, 6.0, 15.0
1.2, 1.2, 0.0, 0.0, 1991-09-24 00:00:00, 10.0, 15.5
0.0, 0.0, 0.0, 0.0, 1991-09-25 00:00:00, 7.5, 19.0
2.8, 2.8, 0.0, 0.0, 1991-09-26 00:00:00, 7.0, 13.0
3.8, 3.8, 0.0, 0.0, 1991-09-27 00:00:00, 8.0, 14.0
0.0, 0.0, 0.0, 0.0, 1991-09-28 00:00:00, 3.0, 11.0
9.8, 9.8, 0.0, 0.0, 1991-09-29 00:00:00, -1.0, 10.0
2.6, 2.6, 0.0, 0.0, 1991-09-30 00:00:00, 1.0, 9.5
