station_observations
ONE_DAY_PRECIPITATION, ONE_DAY_RAIN, ONE_DAY_SNOW, time, MIN_TEMP, MAX_TEMP, SNOW_ON_THE_GROUND
0.0, 0.0, 0.0, 1991-06-11 00:00:00, None, 17.5, 0.0
0.0, 0.0, 0.0, 1991-06-12 00:00:00, None, 18.0, 0.0
0.0, 0.0, 0.0, 1991-06-13 00:00:00, None, 18.0, 0.0
0.0, 0.0, 0.0, 1991-06-14 00:00:00, None, 19.0, 0.0
0.0, 0.0, 0.0, 1991-06-15 00:00:00, None, 16.5, 0.0
0.0, 0.0, 0.0, 1991-06-16 00:00:00, None, 16.0, 0.0
0.0, 0.0, 0.0, 1991-06-17 00:00:00, None, 17.5, 0.0
0.0, 0.0, 0.0, 1991-06-18 00:00:00, None, 19.0, 0.0
0.0, 0.0, 0.0, 1991-06-19 00:00:00, None, 23.0, 0.0
0.0, 0.0, 0.0, 1991-06-20 00:00:00, 9.5, 26.0, 0.0
0.0, 0.0, 0.0, 1991-06-21 00:00:00, 14.5, 26.0, 0.0
0.0, 0.0, 0.0, 1991-08-01 00:00:00, 10.5, 20.0, 0.0
0.0, 0.0, 0.0, 1991-08-02 00:00:00, 11.0, 18.0, 0.0
31.4, 31.4, 0.0, 1991-08-03 00:00:00, 12.0, 15.5, 0.0
0.2, 0.2, 0.0, 1991-08-04 00:00:00, 9.0, 18.0, 0.0
1.2, 1.2, 0.0, 1991-08-05 00:00:00, 8.0, 16.0, 0.0
0.0, 0.0, 0.0, 1991-08-06 00:00:00, 6.0, 17.5, 0.0
0.0, 0.0, 0.0, 1991-08-07 00:00:00, 8.5, 21.5, 0.0
0.0, 0.0, 0.0, 1991-08-08 00:00:00, 13.0, 17.0, 0.0
18.2, 18.2, 0.0, 1991-08-09 00:00:00, 11.5, 16.5, 0.0
0.0, 0.0, 0.0, 1991-08-10 00:00:00, 10.5, 19.0, 0.0
0.0, 0.0, 0.0, 1991-08-11 00:00:00, 12.0, 21.5, 0.0
0.0, 0.0, 0.0, 1991-08-12 00:00:00, 11.0, 22.5, 0.0
0.0, 0.0, 0.0, 1991-08-13 00:00:00, 12.0, 24.5, 0.0
0.0, 0.0, 0.0, 1991-08-14 00:00:00, 12.0, 25.5, 0.0
0.0, 0.0, 0.0, 1991-08-15 00:00:00, 11.5, 26.0, 0.0
0.0, 0.0, 0.0, 1991-08-16 00:00:00, 11.0, 27.0, 0.0
0.0, 0.0, 0.0, 1991-08-17 00:00:00, 11.5, 27.0, 0.0
0.0, 0.0, 0.0, 1991-08-18 00:00:00, 14.0, 21.0, 0.0
0.0, 0.0, 0.0, 1991-08-19 00:00:00, 10.5, 20.0, 0.0
0.0, 0.0, 0.0, 1991-08-20 00:00:00, 11.0, 14.5, 0.0
0.0, 0.0, 0.0, 1991-08-21 00:00:00, 10.0, 14.5, 0.0
0.0, 0.0, 0.0, 1991-08-22 00:00:00, 10.0, 13.5, 0.0
39.4, 39.4, 0.0, 1991-08-23 00:00:00, 10.5, 18.0, 0.0
0.0, 0.0, 0.0, 1991-08-24 00:00:00, 9.5, 18.0, 0.0
0.0, 0.0, 0.0, 1991-08-25 00:00:00, 9.0, 14.5, 0.0
0.0, 0.0, 0.0, 1991-08-26 00:00:00, 9.5, 13.0, 0.0
0.0, 0.0, 0.0, 1991-08-27 00:00:00, 9.0, 14.0, 0.0
0.0, 0.0, 0.0, 1991-08-28 00:00:00, 9.0, 14.0, 0.0
0.0, 0.0, 0.0, 1991-08-29 00:00:00, 8.0, 14.5, 0.0
0.0, 0.0, 0.0, 1991-08-30 00:00:00, 9.5, 14.5, 0.0
43.7, 43.7, 0.0, 1991-08-31 00:00:00, 8.0, 14.5, 0.0
1.0, 1.0, 0.0, 1991-09-01 00:00:00, 8.5, 15.0, 0.0
25.1, 25.1, 0.0, 1991-09-02 00:00:00, 8.5, 15.0, 0.0
6.9, 6.9, 0.0, 1991-09-03 00:00:00, 8.5, 14.5, 0.0
6.2, 6.2, 0.0, 1991-09-04 00:00:00, 12.0, 16.0, 0.0
1.1, 1.1, 0.0, 1991-09-05 00:00:00, 12.0, 15.5, 0.0
6.5, 6.5, 0.0, 1991-09-06 00:00:00, 9.5, 14.0, 0.0
0.2, 0.2, 0.0, 1991-09-07 00:00:00, 9.0, 15.0, 0.0
1.0, 1.0, 0.0, 1991-09-08 00:00:00, 9.0, 15.5, 0.0
1.2, 1.2, 0.0, 1991-09-09 00:00:00, 9.0, 13.0, 0.0
10.2, 10.2, 0.0, 1991-09-10 00:00:00, 10.0, 14.5, 0.0
11.9, 11.9, 0.0, 1991-09-11 00:00:00, 10.5, 15.5, 0.0
1.1, 1.1, 0.0, 1991-09-12 00:00:00, 10.0, 13.0, 0.0
0.3, 0.3, 0.0, 1991-09-13 00:00:00, 9.5, 12.5, 0.0
9.2, 9.2, 0.0, 1991-09-14 00:00:00, 8.5, 12.0, 0.0
0.2, 0.2, 0.0, 1991-09-15 00:00:00, 8.5, 12.0, 0.0
0.0, 0.0, 0.0, 1991-09-16 00:00:00, 9.0, 14.5, 0.0
6.6, 6.6, 0.0, 1991-09-17 00:00:00, 8.5, 14.5, 0.0
13.0, 13.0, 0.0, 1991-09-18 00:00:00, 11.5, 14.5, 0.0
3.7, 3.7, 0.0, 1991-09-19 00:00:00, 8.5, 14.0, 0.0
0.2, 0.2, 0.0, 1991-09-20 00:00:00, 6.5, 11.5, 0.0
14.6, 14.6, 0.0, 1991-09-21 00:00:00, 7.0, 13.0, 0.0
19.0, 19.0, 0.0, 1991-09-22 00:00:00, 6.5, 13.0, 0.0
50.0, 50.0, 0.0, 1991-09-23 00:00:00, 8.0, 14.0, 0.0
1.8, 1.8, 0.0, 1991-09-24 00:00:00, 12.0, 16.0, 0.0
0.0, 0.0, 0.0, 1991-09-25 00:00:00, 11.0, 16.5, 0.0
0.6, 0.6, 0.0, 1991-09-26 00:00:00, 9.5, 14.5, 0.0
1.8, 1.8, 0.0, 1991-09-27 00:00:00, 11.0, 12.5, 0.0
0.0, 0.0, 0.0, 1991-09-28 00:00:00, 5.5, 12.5, 0.0
24.4, 24.4, 0.0, 1991-09-29 00:00:00, 4.0, 8.5, 0.0
1.0, 1.0, 0.0, 1991-09-30 00:00:00, 6.0, 9.0, 0.0
